5.82	70.66	60.77	47.34	2293	9.81	2
3.29	89.26	56.41	81.97	1473	10.52	2
7.98	89.3	43.83	34.33	1894	10.3	2
1.91	92.77	61.05	50.57	1012	9.78	2
6.28	87.26	61.95	65.63	1354	7.75	2
6.81	78.56	56.35	41.83	1300	9.46	2
5.76	73.19	49.84	57.9	2492	13.96	3
7.04	98.03	49.56	32.12	1628	9.83	3
9.41	92.41	65.21	45.94	1465	9.15	3
26.77	91.37	68.73	39.27	1528	11.45	3
8.08	96.01	50.52	40.74	2721	11.54	3
17.63	95.36	60.18	36	2436	10.47	3
16.44	91.51	52.84	39.09	1464	13.39	3
16.05	89.78	74.62	51.45	3009	11.33	3
8.18	96.67	39.69	86.98	1139	9.13	4
11.52	93.24	44.22	40.28	2044	10.96	4
14.59	96.05	62.26	46.9	1986	12.94	4
10.23	79.88	58.77	35.09	2378	13.5	4
12.14	76.46	51.02	42.31	2415	15.11	4
14.63	70.23	47.2	34.19	1810	14.31	4
11.29	94.9	75.31	54.34	1229	12.04	4
7.77	93.29	35.07	51.78	1368	12.21	4
7.48	94.34	45.28	59.21	1689	11.25	4
13.14	84.63	42.3	31.98	3173	16.89	4
6.15	82.08	62.37	34.92	1249	7.77	5
15.5	90.23	68.16	44.75	1713	10.1	5
16.92	96.12	61.28	65.48	1254	11.96	5
6.77	91.57	71.62	70.12	1387	9.73	5
17.27	85.66	62.75	46.96	2265	12.27	5
5.24	90.22	58.6	67.13	1646	10.27	5
9.61	97.69	43.99	33.47	1371	10.07	5
16.23	90.11	51.7	47.57	2054	7.98	5
7.89	87.69	72.25	31.29	2358	10.6	5
17.4	88.37	46.51	59.1	2177	9.23	5
8.55	90.56	58.81	49.56	1721	12.38	5
14.31	95.53	33.56	46.15	640	7.5	6
17.26	99	11.04	25.91	686	11.95	6
6.44	97.83	8.58	35.55	926	8.21	6
3.25	97.92	18.06	15.16	657	12.33	6
1.62	99	48.88	22.95	462	10.61	6
3.87	99	26.14	41.02	637	11.15	6
7.54	97.35	49.98	24.78	563	10.3	6
9.19	99	19.01	27.13	956	11.4	6
5.9	97.7	53.44	36.42	441	10.2	6
3.99	85.95	47.36	34.89	963	9.35	6
5.55	94.02	32.64	22.19	633	10.11	6
16.61	95.02	16.83	57.63	460	10.22	6
13.81	91.94	41.12	39.73	1795	10.7	7
7.86	93.18	33.98	43.12	2663	11.12	7
16.85	97.57	59.46	39.1	2464	10.35	7
10.79	94.61	56.36	37.32	3447	11.05	7
13.08	96.61	31.75	48.16	1961	11.68	7
8.9	98.68	33.76	38.7	4395	9.15	7
17.4	95.77	36.96	58.36	2094	10.46	7
13.29	94.35	38.85	49.99	3810	10.16	7
9.26	95.72	43.79	51.48	3795	11.17	7
6.51	96.76	27.81	36.04	1620	12.84	7
14.02	95.95	44.03	29.01	2903	11.51	7
10.65	95.6	47.09	43.42	3403	9.64	7
22.64	99	21.92	26.09	888	11.94	7
15.14	96.38	46.01	53.69	1622	12.82	7
6.72	96.79	36.83	27.81	2453	9.05	8
4.57	95.99	33.56	32.38	2167	8.81	8
6.57	99	45.97	52.17	2078	9.62	8
4.78	96.87	35.97	45.14	1146	10.65	8
5.46	96.39	39.08	25.82	1856	9.64	8
3.43	91.61	54.42	45.43	1671	9.87	8
6.49	97.22	51.78	33.28	2886	9.67	8
4.04	97.72	44.78	56.04	914	9.85	8
12.58	79.65	47.84	85.95	1616	11.39	11
13.8	64.43	63.75	23.79	1067	11.81	11
15.45	56.28	96.01	45.67	1361	10.21	11
7.71	79.04	39.71	69.75	953	14.48	11
15.36	92.55	37.36	56.09	826	11.74	11
4.5	87.49	60.9	26.37	2128	9.3	25
2.67	57.9	52.15	32.66	2905	10.64	25
3.6	61.51	71.08	34.94	2880	8.96	25
5.47	88.29	58.56	38.57	4106	10.86	25
3.28	84.88	65.42	81.83	1773	6.66	25
5.2	88.9	56.42	42.26	2688	11.57	26
6.13	77.44	55.62	33.72	3836	9.62	26
6.66	90.12	48.47	42.8	2630	11.29	26
5.95	88.79	51.73	37.44	2925	11.79	26
6.58	94.24	60.21	34.42	3469	11.56	26
8.13	94.92	61.68	26.3	4728	11.27	26
4.66	90.51	57.85	34.45	2967	11.26	26
8.74	93.66	59.34	24.56	4129	11.58	26
7.91	94.69	44.28	43.59	2297	13.02	27
6.33	87.01	25.91	62.83	776	14.82	27
3.44	76.92	61.13	47.49	2226	11.05	27
4.07	91.83	38.58	62.59	1858	12.92	27
7.11	95.96	39.63	49.28	2525	10.02	27
2.44	85.57	38.45	46.57	1836	10.02	27
7.42	97.5	38.91	41.07	1201	10.91	27
8.71	92.01	49.3	47.89	1154	10.49	28
5.25	98.06	25.95	70.1	2018	12.69	28
4.5	98.66	41.16	43.93	2647	10.09	28
7.43	95.4	42.5	43.18	3759	12.9	28
9.32	95.97	30.18	72.69	1612	11.85	28
8.36	92.77	34.9	30.84	2834	12.7	28
8.47	98.38	46.55	46.36	2369	11.02	28
8.39	97.37	39.09	29.92	4188	12.32	28
6.79	91.1	43.05	37.25	2279	12.42	28
3.45	94.42	65.63	35.45	2980	11.41	28
3.89	87.27	61.73	35.62	2859	11.61	28
6.57	95.64	40.62	44.17	4247	10.62	30
11.54	87.6	41.89	44.26	2366	11.12	30
5.29	87.9	38.72	49.27	3210	11	30
4.87	94.32	33.4	43.8	2659	10.53	30
10.24	85.55	64.48	36.38	2916	10.56	30
9.57	85.7	57.34	32.31	3553	11.23	30
9.45	95.16	45.51	63.08	1543	11.6	31
15.3	92.95	38.64	85.34	865	7.86	31
11.65	91.66	47.96	81.55	1833	9.27	31
21.06	94.57	39.59	83.35	762	7.35	31
12.44	94.69	32.83	64.82	919	6.96	31
6.17	87.71	43.18	49.62	1770	9.49	31
5.54	97.87	38.88	53.81	1986	9.87	31
8.94	94.18	51.5	69.2	1446	8.3	31
4.44	93.28	36.2	58.21	1360	7.72	31
12.41	81.88	56.81	35.11	4847	11.68	32
12.25	84.41	60.65	34.6	4019	12.09	32
11.53	87.6	53.71	38.69	1884	10.88	32
17.88	84.09	58.36	29.79	5232	10.11	32
13.05	61.69	60.85	31.5	3295	12.38	32
10.36	95.54	56.66	28.86	1087	11.5	32
20.49	86.89	74.59	33.51	3051	10.72	32
9.08	66.29	59.28	28.76	2668	11.69	32
5.31	58.31	51.93	46.16	1338	12.71	33
16.02	87.22	47.75	69.3	1443	10.46	33
3.12	91.13	36.59	62.82	1035	14.78	33
10.63	80.4	55.09	54.22	1142	12.43	33
1	76.77	45.28	30.71	521	13.63	33
5.57	64.26	52.35	35.78	2467	14.55	33
4.83	76.26	58.1	50.16	1434	12.06	33
1.19	85.84	57.94	44.81	2320	11.08	33
4.49	82.02	51.19	29.34	1329	9.41	33
7.73	91.05	36.28	38.91	2020	9.65	33
6.3	70.48	59.64	43.5	1793	10.88	34
8.34	80.41	43.97	36.51	2106	8.55	34
6.36	79.29	64.66	32.59	3145	11.45	34
2.86	92.62	69.59	48.37	487	5.34	34
8.21	66.49	63.35	37.23	845	6.15	34
9.41	88.77	54.4	38.37	3348	10.51	34
5.99	89.64	72.45	28.27	995	7.44	34
5.25	96	62.4	46.82	1707	11.66	35
3.67	95.98	37.55	41.27	2101	12.85	35
4.45	99	49.33	56.01	1481	10.67	35
8.13	97.53	37.71	57.82	1415	7.42	35
4.66	89.76	77.49	45.79	2298	9.88	35
4.13	93.78	44.85	28.14	2189	10.23	35
6.32	99	43.15	25.48	2213	11.52	36
5.8	98.94	28.11	40.97	1206	10.45	36
11.1	96.27	28.44	44.49	1729	10.58	36
14.76	98.13	37.5	27.65	2322	12.14	36
8.94	99	33.68	33.23	2038	9.91	36
11.14	99	32.39	43.82	1455	12.44	36
3.79	95.8	47.81	31.06	2402	11.74	36
3.74	99	41.06	28.49	1132	13.78	36
5.31	99	28.18	52.78	1995	12.03	36
3.96	99	43.41	41.72	2749	9.09	36
2.86	97.48	45.84	54.91	1972	12.58	36
5.96	97.68	42.52	54.16	1967	12.96	36
2.76	99	49.73	42.46	2400	10.5	36
3.4	97.41	32.22	31.21	1374	10.33	37
5.86	97.26	38.32	46.11	1923	10.5	37
1.85	95.63	48.53	45.65	1066	9.01	37
4.53	99	36.37	46.54	1321	9.24	37
1.43	99	13.46	73.61	615	7.97	37
2.56	87.95	36.01	56.88	1449	10.97	37
1.78	99	52.89	85.84	540	11.11	37
1.43	87.88	43.78	62.34	1495	9.23	37
4.6	98.02	33.63	52.87	1564	11.57	37
11.97	84.41	39.83	71.75	1431	11.95	38
18.17	94.24	48.34	55.73	1755	10.31	38
15.04	81.26	74.22	40.95	1917	10.95	38
9.35	90.52	52.02	57.34	1348	10.24	38
14.02	92.04	63.35	46.71	1770	12.37	38
9.48	95.37	38.36	45.8	1237	10.35	38
12.2	98.39	56.55	52.39	1729	11.16	38
13.9	77.26	67.83	54.58	1040	10.29	38
18.26	92.67	41.28	56.43	2112	11.41	38
14.39	99	73.74	59.4	1161	8.79	40
11.65	97.77	33.26	43.94	1449	10.77	40
15.16	99	44.42	44.65	2087	8.62	40
16.17	98.89	41.82	47.88	1484	13.61	40
9.07	98.3	64.27	47.24	1515	11.29	40
16.34	99	46.76	31.7	3723	9.8	40
11.28	90.52	46.54	31.78	1791	11.61	40
11.72	98.36	25.41	49.45	2093	10.94	40
7	98.82	25.27	24.29	1882	12.01	40
17.01	99	28.85	51.87	731	10.81	40
5.42	91.03	63.93	31.65	2654	10.7	41
4.95	89.14	81.94	16.96	1054	6.55	41
5.18	96.23	39.31	34.37	1690	7.46	41
7.52	90.81	60.88	29.39	2057	12.15	41
10.89	99	75.54	36.24	1514	9.05	41
8.87	94.22	73.59	24.29	940	10.74	41
9.78	94.19	61.22	24.76	1412	13.17	41
12.31	93.64	34.6	53.56	4743	9.59	41
4.47	94.32	50.74	28.54	1608	12.81	41
4.14	87.03	61.87	28.22	1835	10.03	41
4.03	96.48	75.81	37.64	992	11.59	41
11.73	99	24.23	36.9	946	11.63	43
13.81	98.37	35.15	63.63	1960	12.4	43
5.86	99	39.71	32.92	1864	9.66	43
7.47	99	42.16	31.62	2296	9.93	43
13.63	94.1	42.02	49.53	2140	10.75	43
5.25	97.61	59.25	68.57	814	9.95	43
2.5	94.83	36.49	74.12	1449	7.66	43
7.12	96.48	30.76	57.52	671	9.39	43
6.81	98	65.55	29.39	1176	7.14	44
5.88	99	27.27	48.91	798	11.53	44
6.34	94.47	29.25	45.06	2541	9.05	44
2.21	91	42.03	48.03	1258	9.54	44
1.11	74.96	67.22	51.35	1385	9.89	44
3.54	88.46	49.53	35.39	2149	10.28	44
3.28	92.21	28.81	40.69	2081	10	44
2.46	97.11	31.58	88.66	1596	8.52	44
3.77	84.26	48.69	49.43	1990	9.1	44
1.99	89.61	50.28	71.6	2291	11.26	44
3.55	92.92	55.69	44.27	2676	8.74	44
2.19	94.12	62.96	65.78	1765	9.24	44
3.54	91.23	45.65	38.96	2015	9.58	44
4.67	98.44	41.07	28.96	1689	8.58	44
5.64	84.23	15.38	20.23	72	15.28	45
7.01	99	28.21	68.48	261	11.88	45
5.71	97.02	9.81	62.09	564	10.82	45
6.51	88.42	64.67	87	416	11.54	45
7.94	99	23.98	95.32	239	12.97	45
16.26	97.79	31.59	28.39	491	8.96	45
18.17	93.41	50.58	52.82	522	11.3	45
10.87	99	28.11	67.25	335	9.55	45
19.1	99	28.98	44.41	929	13.13	46
13.14	88.23	36.27	43.92	2774	11.32	46
13.55	96.97	59.57	19.73	2349	12.13	46
11.79	92.71	33.79	42.36	2276	11.12	46
13.2	93.24	27.74	35.51	2691	12.6	46
9.77	99	51.78	32.56	1688	10.13	46
13.68	97.05	47.24	27.11	2300	10.13	46
8.83	87.11	36.61	54.59	2396	10.43	46
11.88	86.39	62.03	41.28	1540	11.36	46
10.71	97.56	51.27	27.49	2006	9.12	48
3.05	98.93	56.09	48.02	1313	9.82	48
7.7	91.18	38.16	40.93	1634	10.22	48
5.44	89.63	63.46	39.18	1304	10.81	48
6.62	89.24	88.02	60.38	313	11.5	48
5.97	95.61	29.3	36.58	1574	11.5	48
12.14	94.79	54.2	52.31	1877	9.54	48
2.55	92.13	41.03	21.57	913	10.51	48
4.49	92.74	42.11	50.18	1075	10.88	48
8.26	98.65	41.96	32.3	1147	8.72	48
9.68	93.38	61.96	18.62	1465	9.28	48
5	99	44.23	67.67	664	8.58	49
14.27	99	35.8	48.09	819	10.01	49
14.32	93.62	53.04	64.5	356	8.71	49
11.85	94.47	36.96	27.84	1222	13.91	49
15.19	87.45	78.01	29.51	581	9.47	49
6.67	86.89	46.83	40.63	1295	9.96	49
14.1	98.04	41.8	60.12	748	8.42	49
9.24	99	48.33	42.31	872	10.89	49
9.29	98.62	23.03	85.78	676	10.21	49
7.64	99	28.09	66.39	717	10.18	49
9.56	90.33	50.39	40.71	2366	10.02	50
5.88	98.67	41.19	68.4	817	12.48	50
5.18	98.73	59.88	26.49	836	12.08	50
7.95	94.02	46.54	52.28	1349	8.3	50
6.55	98.64	38.34	31.96	3178	11.45	50
5.76	95.13	58	54.89	1435	12.06	50
7.67	85.99	42.86	47.33	2014	11.22	51
10.49	79.05	30.51	82.29	1365	8.06	51
3.44	95.42	20.52	77.09	1443	7.48	51
6.99	95.36	40.31	49.14	1479	9.26	51
8.13	91.42	70.51	45.44	1432	9.92	51
6.8	96.13	42.78	68.2	1805	9.31	51
6.37	83.46	53.13	45.61	2609	10.16	51
8.71	90.05	25.31	62.77	2960	11.25	51
4.15	65.97	77.58	55.01	1341	10.14	51
3.98	96.45	39.78	48.04	2953	8.43	51
7.74	94.38	47.76	75.52	2111	7.11	51
3	85.25	42.97	72.72	1044	8.91	51
6.33	95.33	47.64	45.47	1669	8.99	51
8.9	98.07	41.54	66.31	1334	7.95	51
23.31	96.59	16.37	64.32	1108	11.1	51
10.32	95.83	54.58	55.97	4143	10.11	53
10.74	90.75	57.25	43.02	3064	11.68	53
12.94	85.22	47.61	38.64	2833	11.44	53
8.42	94.71	64.94	40.92	2061	10.33	53
5.89	76.02	37.06	53.73	2546	12.14	53
7.03	94.23	72.46	53	1747	11.45	53
11.77	86.74	34.39	66.09	3231	13.18	53
10.3	95.71	52.64	60.12	2559	9.57	53
13.46	85.78	57	56.74	3122	10.79	53
5.78	95.06	45.12	45.38	3887	10.01	53
11.78	94.74	51.81	52.7	2428	11.08	53
5.17	83.93	50.88	69.76	1842	12.81	54
5.78	94.84	17.37	48.93	1808	10.84	54
13.14	90.14	28.94	55.98	2921	10.3	54
18.19	89.54	33.96	54.55	2127	10.3	54
2.34	90.52	57.3	61.6	1521	12.1	54
3.19	62.82	47.34	54.59	1718	13.15	54
5.08	92.35	38.86	66.06	1926	11.47	54
3.25	54.06	51.17	40.91	640	9.06	54
7.82	99	54.17	50.03	1594	9.85	54
6.29	96.06	52.57	45.32	1678	10.01	54
1	72.94	76.54	72.28	873	10.19	54
8.51	92.19	64.18	53.12	1506	10.56	54
4.01	96.66	25.36	65.85	1486	12.31	54
8.06	95.11	66.5	55.92	2052	8.87	56
11.16	99	39.46	54.36	1820	8.85	56
5.3	98.68	35.65	61.65	2013	7.7	56
11.39	94.75	48.89	71.11	1358	12.08	56
16.84	94.53	58.55	46.69	1714	12.19	56
7.51	97.28	59.23	62.71	1927	10.59	56
4.76	98.18	36.72	64.56	640	8.28	56
6.72	95.66	45.52	55.94	1440	11.74	56
7.75	96.06	53.28	28.29	1820	12.2	56
5.87	73.75	50.55	52.83	3226	10.2	57
6.16	75.92	42.35	58.98	1577	10.08	57
5.3	66.65	53.84	84.66	1480	9.93	57
2.05	95.26	59.18	90.84	634	8.99	57
3.84	76.8	55.89	78.29	1806	9.14	57
8.49	88.01	83.96	31.3	992	7.56	57
5.76	93.46	80.37	91.56	854	6.79	57
7.42	61.91	67.11	56.71	1712	8.76	57
2.94	80.21	61.58	92.38	1231	10.8	57
3.7	78.21	60.91	89.67	1125	10.49	57
7.03	99	53.58	63.93	1875	9.28	58
8.1	91.98	54.37	42.34	2211	8.68	58
4.94	94.14	66.08	93.08	1093	9.88	58
3.86	94.04	74.54	97.11	832	10.58	58
3.98	92.8	42.1	73.93	1222	9.66	58
8.24	86.18	52.15	79	1439	9.17	58
1	71.48	42.88	82.47	1214	7.41	58
5.41	89.64	33.85	45.91	2875	11.48	58
1.83	97.24	44.83	53.81	1247	9.7	58
3.87	99	30.98	65	845	9.11	58
6.46	91.81	52.22	40.2	1905	8.56	59
4.38	94.42	58.87	58.8	1462	11.42	59
7.29	85.16	54.47	36.85	3362	10.02	59
4.64	88.88	45.34	56.7	1156	8.74	59
5.01	97.46	58.2	36.7	3302	10.24	59
10.77	92.57	43.88	47.81	2148	8.71	59
2.72	90.51	50.13	50.79	2514	7.8	59
5.84	97.03	53.93	39.56	3317	9.74	59
5.71	94.14	42.67	50.38	1374	11.5	59
4	76.47	69.07	36.2	3034	9.33	60
1.67	87.88	55.37	31.96	2237	8.81	60
1.83	71.06	59.85	30.71	4427	8.38	60
3.43	97.48	44.59	49.7	2441	9.14	60
2.84	97.85	36.69	32.09	1982	6.96	60
2.6	75.47	64.19	51.7	1665	10.87	60
1.58	89.11	40.86	49.22	2161	7.96	60
2.17	74.73	54.02	27.33	2233	9.05	60
2.35	94.39	49.79	29.62	2012	9.84	60
1	67.51	91.91	36.57	875	8.8	61
4.52	91.36	49.66	32.52	4288	9.91	61
4.95	83.89	63.23	45.67	3373	10.08	61
2.27	93.58	31.72	49.34	1155	7.88	61
2.51	75.49	62.21	30.91	1664	9.31	61
3.43	86.77	63.93	37.49	3416	9.78	61
9.86	94.04	50.24	38.12	1614	7.74	61
1.63	86.11	52.19	35.89	1634	9.79	61
3.67	80.62	60.93	50.65	3685	9.12	61
2.6	99	47.05	59.03	525	8.76	62
2.66	98.98	25.32	70.98	650	7.54	62
2.01	87.43	74.76	38.91	2175	9.1	62
8.19	91.98	37.1	39.81	1938	6.14	62
7.22	98.01	48.27	39.28	1756	7.63	62
4.09	93.85	46.92	52.78	2803	8.03	62
11.24	92.05	56.29	47.83	2422	11.93	63
11.36	92.01	54.06	54.4	1954	8.34	63
13.72	93.25	36.78	51.95	3112	11.34	63
13.52	76.51	66.02	39.43	3261	13.34	63
12.14	83.59	51.34	46.83	2218	11.9	63
7.89	98.17	53.66	57.57	2094	9.26	63
9.56	62.72	77.2	32.53	1804	13.03	63
4.63	99	13.27	29.75	993	11.78	63
12.92	94.43	44.4	55.53	2514	11.46	63
10.86	97.17	50.17	54.48	2585	11.95	63
7.27	99	46.51	40.23	1610	9.81	64
3.1	94.59	57.09	29.9	1539	8.97	64
5.23	97.67	31.15	55.45	1856	9.32	64
4.08	95.84	59.09	63.87	1047	11.27	64
9.75	87.09	23.85	39.85	1711	11.46	64
6.32	98.6	37.65	85.46	1135	8.81	64
2.2	83.27	46.63	37.52	2662	7.81	65
1	94.4	34.29	31.87	1422	8.09	65
3.54	93.7	66.51	75.83	811	6.54	65
3.61	91.57	36.03	41.56	2006	8.92	65
1.89	97.46	19.02	28.22	1001	7.99	65
1.46	94.48	33.5	45.52	1547	8.66	65
3.47	93.25	68.37	30.8	2327	11.13	65
1.38	98.33	41.98	56.77	641	10.45	65
1.88	81.75	38	23.93	1028	10.7	65
2.86	88.58	50.95	35.75	1830	7.38	65
12.12	96.87	30.17	74.09	1160	9.66	66
9.9	95.1	49.66	66.29	924	7.68	66
1.99	96.49	45.22	75.24	991	9.18	66
5.22	98.83	55.82	73.26	708	11.58	66
7.07	98.55	41.64	40.79	1215	11.11	66
1.93	99	37.42	69.04	1064	7.33	66
4.85	99	41.38	52.45	863	7.07	66
7.61	99	57.41	62.65	705	9.22	66
6.3	99	38.38	44.19	1061	7.82	66
5.75	66.42	78.26	37.42	669	9.27	66
2.1	90.39	25.38	59.9	1306	7.35	67
2.12	89.94	38.08	38.96	1860	9.19	67
10.12	88.43	33.53	61.07	2079	8.18	67
9.73	81.98	50.56	43.46	1731	9.24	67
2.84	92.49	41.97	29.92	2235	7.83	67
5.46	88.31	34.96	42.84	2495	8.54	67
7.01	85.6	27.31	39.93	2224	7.64	67
5.5	89.33	61.56	53.86	2214	8.22	67
5.36	89.43	45.08	28.35	2466	8.43	67
2.2	90.78	48.18	31.8	1192	9.98	67
6.57	90.39	37.69	59.03	3715	9.53	68
8.15	92.33	39.73	45.43	4716	9.9	68
6.54	94.71	40.71	32.19	3816	8.75	68
8.1	84.84	39.29	47.68	3928	10.06	68
7.76	85.96	37.62	65.51	1880	8.19	68
5.78	87.71	30.82	58.77	2357	7.89	68
6.2	92.38	53	52.1	5277	7.98	68
9.42	89.77	50.23	49.64	3278	8.57	68
15.65	94.36	51.64	35.13	4366	7.99	68
6.1	88.09	62.04	37.8	2378	9.34	69
8.76	94.49	38.32	57.95	1286	9.02	69
4.21	92.88	44.49	38.13	1936	11.52	69
8.88	89.37	35.79	44.74	2693	9.54	69
8.67	89.97	44.68	30.29	2566	8.34	69
3.59	95.78	53.63	50.49	1826	10.19	69
3.86	87.55	52.2	33.94	1737	9.33	69
6.71	79.48	55.9	43.78	2788	9.58	69
7.9	89.07	59.39	72.2	1930	12.69	70
12.53	83.42	54.32	50.76	2415	11.72	70
13.39	82.1	54.61	58.29	2303	11.25	70
8.99	79.57	62.31	60.08	2207	9.42	70
4.83	89.66	52.61	81.61	2078	10.83	70
9.17	91.47	61.26	79.18	2163	11.19	70
7.15	95	59.12	64.32	2073	10.85	70
8.38	71.57	60.47	52.55	3299	11.15	70
10.24	74.09	41.73	62.93	1880	13.78	70
15.05	74.04	45.18	44.74	1530	13.73	70
19.06	82.75	49.51	50.27	1889	12.28	70
16.89	92.75	42.55	56.9	1832	12.23	71
6.16	97.61	61.59	55.04	1474	9.91	71
7.75	97.26	45.77	44.74	1591	11.25	71
10.05	95.05	35.83	40.49	2605	11.13	71
17.19	93.12	56.51	74	1656	11.05	71
10.53	92.12	53.82	56.97	2424	11.01	71
7.34	99	46.96	61.85	1966	10.17	71
15.49	85.5	61.37	64.39	1035	13.62	71
9.7	72.21	31.23	64.22	1433	13.61	71
3.8	90.84	46.25	54.4	2045	9.78	72
1.88	85.79	48.38	38.37	2073	8.88	72
1.87	60.82	55.54	48.66	2520	11.19	72
1.76	61.09	52.48	53.62	1950	7.85	72
3.4	61.96	64.32	38.23	2006	10.37	72
2.81	92.24	39.97	49.69	1818	9.13	72
3.89	86.47	51.86	45.43	1970	9.64	72
2.89	82.14	49.6	36.69	1478	11.5	73
2.58	77.8	70.75	27.6	1259	8.66	73
3.44	70.83	53.83	30.76	2204	12.25	73
4.01	82.53	57.53	62.81	1294	11.51	73
5.93	95.81	46.39	58.46	942	9.98	73
4.8	70.57	49.97	46.15	2909	10.76	73
2.49	75.56	71.96	80.84	830	8.31	73
5.48	78.73	52.4	51.59	1523	11.56	73
1.76	90.82	66.18	40.65	2875	8.35	74
2.93	82.83	51.93	63.53	2801	9.1	74
4.89	71.98	54.41	22.89	2835	11.43	74
4.58	87.19	67.12	35.14	5690	10.97	74
1.06	95.18	66.63	47.57	2665	8.59	74
3.57	99	52.13	32.11	3025	8.69	74
1.84	95.41	80.7	43.47	1987	8.2	74
1.33	94.41	72.57	55.2	3113	6.75	74
3.44	86.43	41.36	49.53	2140	11.07	74
2.42	95.6	67.06	76.81	1698	9.72	74
3.78	95.62	61.84	50.73	2518	9.41	74
9.08	99	33.76	43.83	1328	10.02	75
10.39	90.03	17.39	63.6	1344	11.9	75
8.19	95.21	31.01	49.57	2190	11.1	75
12.78	82.94	37.23	49.21	2003	13.68	75
6.75	88.47	60.59	40.7	2439	11.89	75
6.8	80.06	61.58	56.38	2158	12.6	75
5.22	78.67	44.28	54.37	1137	8.8	75
5.33	70.78	53.72	74.86	1170	8.46	75
4.5	98.73	24.92	34.16	403	7.69	75
5.18	88.7	46.17	41.28	2450	12.9	75
1.79	94.22	63.8	69.19	932	8.91	76
5.32	90.32	58.96	33.08	1843	8.14	76
2.77	97.38	56.04	43.53	1535	9.06	76
6.21	80.14	54.97	46.3	521	8.45	76
2.28	97.11	34.26	93.05	686	7.87	76
1.68	94.53	42.68	81.01	877	9.01	76
9.15	95.71	50.78	64.63	1207	9.11	76
3.46	98.17	39.1	61.93	717	8.37	76
2.54	98.3	53.27	67.94	1287	8.94	76
3.18	71.05	75.38	44.49	1420	10.42	76
2.77	92.42	34.57	30.52	1456	11.54	76
4.19	98.97	51.76	44.38	1612	9.86	76
4.36	88.49	72.02	36.61	4626	9.4	77
10.48	88.57	50.76	37.73	1893	8.14	77
3.55	98.95	21.81	26.56	1034	7.64	77
7.71	68.12	67	31.42	3563	9.77	77
3.73	69.41	63.99	26.67	3056	11.26	77
2.27	91.53	61.13	27.9	3639	9.37	77
3.7	88.63	75.59	44.01	2890	9.17	77
7.02	94.42	78.88	33.68	3119	8.85	77
4.68	74.78	63.35	30.84	2705	11.05	77
3.05	82.96	64.59	41.86	3553	9.2	77
3.67	87.38	72.25	36	3247	7.24	77
7.23	91.52	58.88	62.42	1343	11.02	78
2.75	94.67	47.07	38.6	2444	9.98	78
6.01	94.76	75.41	34.21	1406	9.53	78
2.48	97.93	30.88	79.85	1464	11.54	78
5.46	90.79	36.4	49.67	3431	10.52	78
6.17	75.37	53.47	38.09	2667	11.74	78
11.78	68.65	63.21	43.53	2878	12.61	78
5.07	73.5	32.99	49.22	1370	8.83	79
9.35	83.12	46.41	78.02	1095	7.85	79
6.15	93.5	30.73	78.87	997	8.63	79
2.45	87.44	45.42	54.16	366	12.84	79
8.39	91.6	23.68	55.62	748	12.7	79
1.79	80.03	50.72	41.35	977	8.5	79
9.56	79.96	34.57	58.62	979	10.62	79
1.88	92.36	28.38	40.86	1710	7.72	79
4.77	89.33	37.22	35.08	2475	8	79
6.21	99	37.3	88.82	502	10.56	79
5.16	90.01	30.32	62.43	746	9.79	79
5.41	93.14	54.03	37.31	1178	11.71	80
2.05	88.48	57.1	26.9	1183	10.48	80
13.49	82.2	83.07	19.33	1321	8.86	80
3.62	92.67	57.76	35.56	1573	10.87	80
3.13	94.44	34.04	19.08	1028	9.24	80
17.53	84.25	43.94	25.18	2338	11.93	80
7.74	82.48	57.32	28.48	648	12.5	80
3.26	96.57	63.56	68.21	689	11.61	80
6.74	79.31	57.36	45.01	606	10.56	80
2.75	81.42	46.82	46.36	3235	9.4	81
4.2	93.81	43.85	57.43	1303	8.83	81
3.31	81.39	42.91	47.57	2054	7.16	81
4.15	94.95	28.78	41.5	971	14.21	81
2.58	94.42	54.47	41.84	1094	9.14	81
4.37	71.1	40.41	50.12	1436	8.29	81
4.65	84.69	39.07	24.49	898	11.25	81
3.2	96.72	45.91	27.75	1236	6.96	81
1	94.92	64.89	36.25	534	7.12	81
5.19	76.04	77.71	44.35	1241	7.41	81
2.1	82.69	66.35	52.01	631	6.02	81
2.41	87.36	57.37	36.66	1306	7.5	81
1	87.19	74.4	27.55	543	7.73	81
8.88	98.48	42.76	29.73	853	11.61	82
5.99	78.76	71.33	31.26	1866	9.06	82
4.13	96.4	50.19	33.15	1510	9.47	82
2.32	99	26.19	45.82	883	9.17	82
4.92	82.58	40.24	42.85	1444	8.24	82
1.32	99	52.26	46.94	510	8.82	82
3.84	99	38.31	54.36	273	8.06	82
1.34	73.59	64.88	29.64	717	9.9	82
2.06	87.25	51.52	30.41	802	6.61	82
3.38	97.57	45.06	34.22	803	6.35	82
5.1	93.79	49.1	43.89	1767	9.96	82
5.75	97.57	74.62	17.21	1911	11.67	82
3.07	90.11	34.4	34.64	880	9.66	82
6.02	96.02	47.59	42.8	2170	7.51	83
6.28	96.84	76.4	36.07	2966	8.02	83
2.74	89.23	51.7	45.39	2212	9.09	83
2.5	56	57.11	43.02	2282	9.82	83
3.51	93.97	53.71	72.36	1052	9.32	83
3.24	87.62	60.65	46.49	3509	8.69	83
2.28	95.79	54.33	42.06	2981	9.43	83
2.62	93.29	61.32	42.94	2289	8.08	83
2.57	92.25	57.83	61.19	2879	8.34	83
7.6	94.9	45.67	69.53	702	9.54	84
5.62	98.04	50.21	47.17	1631	8.83	84
3.5	98.77	53.5	80.05	844	9.48	84
3.68	96.72	76.14	49.83	776	8.51	84
9.41	98.25	62.61	48.78	1282	10.3	84
9.13	98.37	44.27	26.86	1189	8.49	84
4.92	95.28	56.29	54.33	774	9.56	84
10.41	93.14	49.48	44.6	615	9.92	84
9.31	96.99	35.55	37.05	1194	9.97	84
5.57	70.34	67.05	43.02	652	11.5	84
5.16	90.15	58.33	38.65	1416	11.58	84
1.53	92.44	36.67	36.39	2561	8.36	85
1.85	98.59	52.55	41.29	1819	8.3	85
2.96	93.5	54.6	34.07	1722	6.79	85
2.5	95.56	89.66	42.11	1555	8.17	85
2.85	95.38	60.75	35.57	2589	7.53	85
3.32	99	70.01	46.57	1090	8.07	85
2.4	81.68	86.22	32	2230	6.28	85
2.23	90.78	61.07	39.3	2822	6.98	85
2.64	82.37	69.47	34.49	2270	8.28	85
3.11	80.12	71.48	43.43	1605	8.85	85
1.94	96.2	68.86	42.15	2093	7.12	85
5.74	94.93	17.85	67.98	1418	10.08	86
2.92	84.34	21.4	68.51	1076	9.11	86
2.86	95.91	32.84	49.72	1557	10.66	86
1.65	85.68	45.47	29.39	1029	11.66	86
2.79	93.34	48.39	47.53	1056	9.09	86
1.96	90.31	21.15	69.44	1087	10.03	86
2.94	93.52	43.48	42.93	1243	9.09	86
1.69	91.04	45.83	48.35	1841	12.28	86
2.03	97.44	16.14	30.97	1657	9.11	86
3.38	78.71	42.91	43.87	1768	13.69	86
2.64	94	27.67	48.65	1609	10.13	86
1.7	87.27	26.66	73.49	1321	11.2	86
2.6	90.66	30.96	51.08	1944	10.34	86
3.24	78.06	37.03	40.15	4038	12.04	86
8.4	60.17	66.81	45.66	1243	11.67	87
2.81	88.57	82.63	51.42	1086	11.14	87
7.31	91	41.15	25.52	1220	10.33	87
4.16	66.89	67.36	29.42	1466	13.03	87
4.71	67.68	78.07	19.13	1081	10.55	87
4.42	59.14	72.41	42.55	1528	8.57	87
9.82	75.87	55.73	33.95	1327	11.23	87
2.91	96.81	66.82	17.1	736	9.24	87
12.91	61.5	40.52	30.29	2161	10.41	87
8.09	77.45	79.96	29.4	734	13.9	87
5.83	91.56	55.76	34.21	703	9.53	87
5.3	80.83	31.89	51.25	992	9.68	87
4.29	69.16	63.14	35.47	1302	8.06	87
14.17	82.81	59.21	30.34	1345	11	87
8.26	91.72	38.15	29.35	2509	12.24	87
4.06	93.4	15.05	52.58	1481	8.78	88
4.56	93.8	53.47	59.7	1312	9.3	88
4.76	99	66.52	72.9	1783	10.43	88
6.66	90.49	33.07	59.81	1388	9.44	88
3.75	99	23.71	52.97	2363	8.59	88
7.47	84.45	35.86	39.71	1048	11.45	88
3.57	97.9	45.87	47.99	1698	9.31	88
6.73	98	24.22	62.23	862	9.63	88
5.55	96.49	20.84	88.15	1319	9.17	88
2.43	98.11	62.09	60.85	1509	7.75	88
3.75	95.45	49.1	25.11	1317	8.43	88
2.82	95.87	60.86	47.84	1431	7.97	88
4.11	92.85	23.84	87.28	1000	8.2	88
4.4	97.28	46.96	89.08	2514	9.59	95
11.08	80.1	57.18	23.37	1606	7.6	97
3.21	88.2	68.56	50.31	3060	10.52	95
4.33	98.91	48.4	79.67	1676	9.25	95
1.72	96.77	58.37	28.15	3194	9.52	91
11.73	93.91	63.17	22.64	1557	7.26	97
10.73	70.4	63.11	38.02	1703	10.1	97
3.94	60.72	73.73	42.6	2188	12.11	91
6.75	39.83	81.87	36.5	2546	14.14	91
3.94	96.52	31.92	33.31	3413	9.76	91
9.01	98.08	36.4	28.38	2129	10.43	94
6.39	97.07	51.42	66.94	3407	9.89	96
9.5	95.99	72.53	18.79	1648	11.29	97
2.22	87.15	72.32	36.91	1805	11.14	91
3.26	94.69	72.4	31.93	3304	10.99	91
8.1	99	33.36	30.1	1511	10.13	95
3.51	58.29	60.49	32.22	1731	11.84	91
3.83	99	49.12	25.7	2839	10.36	91
2.55	97	54.77	34.64	2444	9.37	91
8.88	90.68	49.71	65.81	2594	9.25	89
11.42	92.68	52.43	50.72	1864	8.85	89
6.18	86.91	49.56	52.83	3937	10.21	89
7.65	89.64	49.96	12.99	1612	8.13	98
5.94	78.74	36.7	64.43	1034	7.83	90
5.37	89.09	40.7	49.97	1391	8.77	98
6.01	90.18	39.82	80.64	1970	12.34	96
5.68	86.66	64.85	50.1	3284	8.16	96
3.21	96.25	49.31	43.29	2968	9.06	90
4.67	97.2	26.25	86.46	1286	10.58	90
2.02	96.34	49.76	63.88	1913	7.84	90
5.2	89.01	47.67	56.38	3798	8.61	89
8.48	89.72	57.68	36.49	1845	8.29	89
8.8	96.87	41.81	61.69	3681	10.43	96
5.52	91.44	48.42	70.6	2184	10.21	96
3.63	98.73	68.53	28.14	2358	8.44	91
6.73	88.17	45.56	51.6	3536	10.29	96
3.59	86.69	70.56	48.01	2408	9.63	94
2.67	98.48	62	30.07	2616	9.33	91
3.05	93.91	38.51	31.59	2059	8.69	90
5.69	98.66	66.78	33.08	1843	9.88	90
9.86	92.2	50.09	49.37	2046	8.46	89
3.31	99	17.43	72.94	2138	9.59	90
2.43	96.67	33.97	39.75	1420	10.92	98
2.82	98.41	51.14	67.52	766	7.7	98
3.4	89.97	67.07	53.27	1406	9.17	90
1.98	88.93	17.9	66.98	1011	9.5	98
3.32	94.03	59.28	63.7	2972	9.12	90
1.1	90.05	67.96	38.32	1039	9.43	90
5.63	89.94	50.14	68.08	2106	10.07	94
6.6	97.49	58.57	27.47	2744	9.99	97
7	95.17	31.38	46.66	2745	10.13	93
14.67	79.97	74.23	43.76	3488	9.66	92
4.84	90.02	57.13	38.69	1884	10.62	91
7.28	94.45	56.79	37.17	4239	10.1	96
5.43	96.26	25.7	54.11	2795	9.62	93
3.02	98.95	52.46	26.48	1674	9.38	93
3.95	91.67	46.19	23.8	2836	10.65	94
4.93	99	48.54	26.55	1864	11.43	91
6	88.65	68.77	35	1052	9.13	97
18.75	89.45	55.21	40.79	1072	7.46	97
3.7	92.67	43.07	42.12	1352	10.21	98
3.44	98	21.7	65.97	1861	11.45	98
7.16	90.31	28.68	39.44	3562	10.53	89
1.47	93.9	41.41	70.26	2671	7.75	98
4.15	83.14	42.3	41.65	3308	10.91	90
6.71	97.05	46.78	71.57	2659	10	93
4.38	85.77	63.35	37.26	1265	11.62	91
19.37	87.08	54.42	39.78	3358	11.38	92
2.75	85.21	43.53	46.8	2334	9.85	90
3.96	92.71	60.11	46.65	1659	9.83	90
21.9	76.96	44.43	32.62	1568	10.14	97
10.54	89.02	75.22	24.13	1303	6.6	97
7.39	93.54	49.12	32.32	1489	10.75	94
17.53	88.14	66.43	28.24	4160	12.43	92
1.36	64.88	73.7	29.45	2045	9.73	91
1.37	87.64	67.8	22.96	1379	11.24	91
6.06	94.93	62.47	84.01	2159	9.63	89
6.69	95.05	50.73	87.07	1180	9.24	95
3.1	93.48	58.65	60.85	2670	10.26	95
1	98.7	37.12	31.28	1490	9.46	95
8.58	89.56	66.41	43.94	2205	9.98	96
3.67	99	58.54	59.93	870	5.98	95
6.16	95.21	53.52	61.59	1978	10.01	94
2.79	99	42.34	33.98	815	7.73	90
2.89	86.12	70.26	27.49	2917	8.09	90
10.73	87.35	54.19	48.09	3931	10.53	92
10.54	87.05	45.08	33.36	3613	11.15	93
13.66	82.61	59.37	38.08	3315	11.25	92
5.99	94.58	35.39	55.36	1993	9.38	93
5.69	97.16	36.86	20.23	1346	8.77	93
5.06	98.44	38.81	39.74	1794	10.2	90
4.96	95.31	38.9	39.85	2529	10.48	91
3.73	78.27	33.61	50.87	1254	8.45	90
6.09	86.12	56.97	62.15	2253	9.1	90
7.44	85.8	30.82	44.74	2448	9.93	90
12.67	96.61	47.3	23.83	1758	7.79	97
2.15	89.2	45.09	23.52	1921	14.52	91
2.93	98.35	38.49	33.43	1587	10.02	90
2.45	93.46	52.08	41.38	1255	10.68	90
3.46	87	56.77	34.06	2230	8.92	90
5.08	80.19	45.6	59.02	1656	8.82	90
1.97	91.11	59.23	43.62	2231	10.04	98
4.41	93.14	29.86	40.2	2564	11.93	96
13.66	87.07	66.03	33.48	3795	8.46	92
20	68.47	59.17	29.06	3495	11.7	92
16.9	74.66	77.66	42.01	2716	8.91	92
3.47	97.3	68.6	46.76	3819	10.19	91
4.98	96.27	48.24	49.47	2092	9.99	94
4.2	93.18	56.79	37.64	2067	8.66	94
3.7	98.18	73.39	34.7	2240	9.78	91
2.55	97	54.77	34.64	2444	9.37	91
6.69	98.76	48.08	23.97	2033	9.54	97
2.14	96.11	32.57	37.22	1606	10.9	98
5.06	92.08	55.59	61.07	1540	8.31	89
5.46	93.75	33.88	60.52	3354	10.94	96
6.96	93.6	47.23	43.26	840	9.76	90
7.05	99	15.67	38.94	931	8.59	90
2.25	87.59	80.16	30.48	1992	7.13	97
7.69	92	68.1	25.34	1009	8.23	97
6.15	94.32	55.2	55.04	3126	7.52	89
5.8	82.6	52.46	39.04	1544	10.23	90
9.16	93.51	40.12	51.01	1099	9.55	90
11.97	93.43	71.12	34.33	3488	9.78	92
1.76	99	31.82	81.32	1618	8.22	90
6.45	96.94	82.9	36.58	1049	7.82	97
13.18	93.32	54.78	18.16	1134	7.23	97
9.28	84.32	69.75	28.61	2871	12.82	91
6.71	88.31	58.43	43.06	2213	10.3	91
4.7	94.05	55.66	52.91	1846	10.78	91
7.74	99	80.53	80.24	433	10.39	91
8.78	82.54	64.67	95.26	1763	10.27	89
1	87.79	42.28	73.79	1138	9.4	98
17.78	91.64	40.71	71.84	2978	9.3	89
5.72	85.81	76.91	33.05	1195	12.22	91
3.01	93.96	64.87	24.06	994	10.66	91
7.3	85.15	42.88	49.94	3712	11.69	93
1.88	87.38	61.76	72.19	1629	9.82	90
2.55	97.28	66.25	47.72	2707	9.64	90
4.1	95.71	54.95	32.27	2414	12.18	91
2.59	99	45.69	37.26	3458	10.27	91
26.34	95.2	64.89	36.25	2136	12.55	92
15.39	93.91	34.06	51.62	1816	10.96	93
8.56	90.95	52.28	39.73	2094	10.36	93
3.39	90.91	68.2	49.75	1452	12.12	91
8.5	94.43	60.06	30.89	3975	9.31	92
1.68	80.91	58.35	61.04	1618	11.99	91
16.68	84.3	62.03	28.4	2777	9.76	92
17.55	86.25	53.95	51.21	3129	10.9	92
6.56	98.75	84.54	19.07	2053	11.25	93
1.99	99	40.45	74.35	1096	10.86	98
3.3	92.91	43.64	26.12	2651	11.39	94
7.7	94.84	58.34	41.85	1504	10.64	94
2.76	95.33	33.95	55.45	2386	8.84	98
2.46	98.74	28.11	38.43	2385	11.32	91
8.52	89.5	52.62	60.27	2040	11.52	94
9.39	89.41	34.51	80.37	2769	9.21	89
6.92	90.06	45.07	44.27	6349	10.08	89
4.1	87.79	77.17	41.29	2169	9.73	91
10.93	96.1	49.71	36.21	1427	8.76	93
4.37	90.67	50.16	33.26	1819	11.65	91
6.81	90.37	66.21	39.62	1278	9.78	94
5.86	99	21.28	39.84	1340	11.42	94
1	96.98	38.68	22.96	3217	7.3	91
5.2	97.91	23.25	64.8	2157	10.01	98
1	97.07	22.46	44.42	681	8.52	98
11.26	96.16	36.28	40.37	1600	11.56	94
1.36	92.58	39.59	20.23	1650	9.52	90
1.86	89.47	23.31	56.96	1021	9.11	90
9.27	84.17	71.3	39.09	2465	11.89	92
12.81	84.41	56.48	38.59	2445	10.72	92
2.06	96.29	44.41	27.88	2606	9.86	91
8.28	86.02	73.1	52.31	1492	10.25	89
4.33	96.75	58.98	46.44	1786	10.36	90
1.83	96.21	41.85	38.74	1566	9.26	91
2.4	83.64	16.28	52.73	2141	9.2	90
7.43	95.08	29.55	34.33	2790	10.04	93
5.32	97	73.25	30.32	1885	7.85	91
3.81	95.68	55.73	57.18	1438	9.53	94
4.26	89.37	40.65	21.51	1909	10.53	91
1.31	98.02	56.68	41.61	1864	9.55	91
14.76	90.69	62.16	50.96	2401	11.95	92
8.1	96.72	56.71	35.06	1811	6.79	93
11.3	82.02	52.82	45.84	3058	11.58	93
8.81	94	40.49	84.12	1709	10.01	89
1.32	96.29	37.08	63	2429	10.13	98
3.16	97.87	74.52	40.42	2032	8.02	91
1.82	96.54	54.33	42.53	1795	11.53	91
1.81	97.91	38.04	72.73	2177	9.32	98
12.28	98.37	20.91	58.04	1076	7.99	94
4.67	93.83	29.22	37.09	2469	9.64	93
12.45	90.48	36.89	47.44	3066	8.51	89
10.96	95.07	56.93	44.95	2673	10.85	92
5.84	73.74	58.5	36.82	1036	8.4	91
3.5	97.37	56.98	76.34	1577	9.13	98
7.15	92.57	38.49	49.77	4561	11.09	90
1.39	99	32.43	40.25	1243	8.53	98
5.88	96.55	41.9	88.85	1024	11.62	90
4.16	96.85	33.9	45.84	941	11.16	94
3.04	98.18	59.8	16.74	1637	11.12	91
2.38	92.6	39.59	45.41	1374	11.14	90
10.88	73.51	63.65	42.1	5683	10.86	92
2.33	96.01	60.93	64.67	1135	7.93	98
5.39	99	26.83	54.44	1135	7.4	98
10.56	94.79	53.05	83.18	1219	6.23	89
12.63	90.52	48.62	60.74	2638	10.27	89
4.59	97.23	32.27	51.21	4569	10.31	98
1.96	92.1	76.46	71.49	1041	11.05	91
5.29	97.06	27.55	48.47	1672	9.93	93
4.07	82.6	79.53	26.71	2025	11.11	91
5.45	95.37	31.11	56.16	1649	10.31	93
2.99	96.15	67.05	46.05	2861	9.02	90
1	99	45.05	79.97	1153	8.24	90
2.88	93.32	58.85	54.21	1736	10.08	91
3.16	96.03	57.65	52.17	1981	10.8	98
4.16	98.02	32.95	49.99	2059	8.79	90
7.84	94.08	36.3	55.07	1785	6.39	90
12.02	99	56.38	63.47	2331	8.19	89
8.21	88.67	40.86	54.54	2535	9.47	90
9.63	95.52	44.96	56.96	1659	8.5	94
4.57	95.83	20.02	53.64	1624	9.36	94
4.68	84.62	42.73	62.27	4418	8.58	89
4.47	96.49	37.34	66.85	1487	10.15	90
20.28	79.45	54.52	23.33	1627	11.8	92
13.09	58.46	74.61	42.69	1585	11.55	92
1	93.69	52.6	64.95	1445	7.61	90
8.1	73.42	44.01	38.92	1631	9.87	91
6	78.15	63.78	37.8	1640	10.91	91
2.93	96.47	50.75	77.4	1948	10.47	90
1.81	95.12	39.73	33.83	2367	7.65	90
3.63	68.48	68.08	27.05	2897	10.01	91
8.82	80.86	71.08	32.37	2625	9.6	92
7.5	92.5	40.94	59.71	2385	9.6	89
5.3	91.34	20.48	21.97	2836	8.64	94
6.56	91.09	65.54	37.09	2554	8.81	89
5.27	86.87	28.67	57.98	1658	7.12	94
6.17	97.96	38.25	47.39	1396	7.38	93
8.18	85.98	35.33	56.22	2773	9.56	89
6.97	93.23	50.02	84.18	2174	8.97	89
4	99	32.14	33.59	1465	7.65	93
9.19	96.53	71.22	44.97	1396	8.38	99
2.94	84.59	73.33	55.67	2241	8.84	99
3.56	77.52	69.16	48.81	1868	9.58	99
3.75	63.89	52.67	64.98	3029	10.07	99
7.73	76.53	49.93	79.33	1143	10.41	99
2.26	75.43	54.26	75.66	1347	8.24	99
3.14	87.87	70.02	84.47	1347	8.09	99
6.59	72.31	40.62	51.08	2891	10.69	99
2.81	85.63	69.73	65.65	2256	9.04	99
4.67	78.48	54.36	56.7	2911	9.52	99
10.99	82.94	60.62	57.43	1765	9.12	100
8.01	97.93	41.63	83.77	1274	9.18	100
11.02	75.26	35.39	40.52	4048	10.97	100
7.77	89	46.8	56.63	1844	11.61	100
7.17	98.83	60.92	33.41	1695	8.67	100
12.83	93.9	55.91	55.43	1415	8.9	100
7.36	87.62	43.26	69.26	1059	8.03	100
11.91	94.07	45.73	25.33	2276	8.83	100
7.58	83.86	62.89	49.71	2077	8.67	100
7.08	90.8	55.83	55.9	1791	8.54	100
13.23	83.75	36.48	83.86	1036	7.63	100
17.22	81.9	34.15	56.7	2098	10.77	100
6.48	91.01	27.36	37.97	2439	10.74	100
10.54	92.6	43.67	43.24	2198	9.74	100
10.06	80.57	60.52	39.52	2190	9.91	100
11.29	86.75	64.66	42.53	2194	10.12	100
12.77	95.87	41.82	63.45	583	10.98	100
13.65	85.23	48.17	56.31	2205	11.56	100
2.93	77.57	24.32	65.5	1358	9.5	100
16.58	92.85	44.95	43.3	2193	7.93	100
10.63	81.2	62.55	42.27	1881	10.85	100
20.8	93.66	58.25	68.92	711	7.74	100
11.1	97.39	40.77	52.76	808	9.53	100
13.99	94.28	56.56	54.48	1587	9.33	100
13.79	96.18	40.62	38.28	1041	11.72	100
12.06	96.29	26.97	61.02	1927	10.17	100
5.1	90.95	35.27	78.27	1222	8.27	100
10.21	93.28	61.96	52.83	1945	9.2	100
20.2	94.18	35.29	39.86	1041	8.84	100
13.05	95.64	25.99	64.19	1434	9.83	100
11.46	91.68	34.88	33.21	1289	10.01	100
7.79	96.62	55.94	57.59	2386	8.76	101
13	98.41	61.99	39.55	2187	8.28	101
6.91	99	69.54	63.72	1304	8.51	101
4.66	93.2	48.49	35.02	3344	9.3	101
5.67	94.23	51.79	59.67	2069	9.67	101
10.84	98.3	41.99	56.15	1476	10.64	101
3.84	76.35	51.16	72.08	1663	11	101
6.91	94.1	40.51	33.24	2572	9.56	101
11.25	98.43	36.4	50.47	2487	10.74	101
7.22	97.76	32.15	48.67	1876	11.03	101
7.31	97.86	67.67	36.86	1637	7.94	101
6.15	97.63	34.08	58.83	1948	7.85	101
4.51	96.86	44.21	28.55	1767	7.92	101
8.65	96.43	53.69	54.4	1954	9.31	101
9.99	96.64	43.58	61.39	1834	10.41	101
6.43	96.92	52.01	74.25	1185	9.11	101
6.72	98.47	38.61	51.88	1900	7.47	101
11.17	87.09	65.53	42.95	1373	9.61	101
7.52	97.61	39.75	54.6	2079	9.48	101
8.27	94.47	32.81	48.1	2183	10.49	101
14.74	91.29	38.74	50.69	1916	12.27	101
13.52	95.08	34.61	52.23	1399	10.15	101
8.97	98.13	30.41	58.1	2066	10.21	101
3.09	89.92	59.99	76.58	2009	10.05	102
4.96	96.48	35.62	57.5	1678	7.99	102
5.93	90.96	44.1	43.2	3173	10.05	102
5.51	96.76	58.61	58.91	1620	7.78	102
1.91	88.12	78.56	35.23	3301	8.57	102
2.04	86.16	46.05	31.33	2970	11.72	103
5.93	87.76	67.77	29.31	3407	10.24	103
6.77	79.47	65.57	27.64	2327	13.11	103
2.61	72.09	77.48	32.54	2141	8.87	103
2.31	68.85	87.41	32.81	2431	11.39	103
3.83	82.22	37.94	34.35	1692	8.81	103
3.02	92.36	63.59	23.88	1737	14.34	103
3.7	66.7	63.74	34.02	1830	12.46	103
2.15	88.09	52.35	31.23	2494	11.55	103
4.24	75.23	62.32	34.46	1582	12.9	103
2.88	85.14	67.28	45.88	1292	11.3	103
2.37	92.99	61.53	36.41	1500	11.27	103
4.69	50.63	51.43	38.45	1747	16.37	103
5.01	55.38	74.73	44	1634	10.1	103
8.59	92.64	51.06	57.76	1292	9.67	104
2.35	77.05	61.75	50.24	1533	9.2	104
2.76	87.02	54.6	73.26	885	8.59	104
4.63	92.55	38.35	45.12	3863	8.41	104
4.74	88.62	55.52	54.05	1652	11.14	104
3.63	98.7	27.21	61.69	2125	10.12	104
2.65	98.22	40.8	52.57	3249	10.37	104
2.38	97.17	37.68	25.83	3935	6.53	104
3.11	97.5	46.28	49.25	3686	8.52	104
4.85	88.22	63.13	59.6	1833	10.64	104
3.14	94.32	31.87	39.29	2519	11.59	104
3.5	89.37	30.51	23.2	1698	10.9	104
2.28	96.23	28.37	66.63	1630	9.33	104
4.18	93.6	49.56	26.16	4175	10.71	104
1.44	99	34.38	55.79	1402	10.13	104
3.63	95.86	21.28	61.05	3197	7.85	104
4.11	94.01	54.96	36.92	2233	9.09	104
2.19	95.18	49.59	37.94	1384	8.74	104
3.72	96.45	29.28	64.87	2507	8.46	104
2.8	97.67	28.11	49.33	1628	7.99	104
2.14	91.2	47.16	57.94	1867	8.89	104
2.69	98.06	34.96	63.09	2645	7.64	104
1.48	93.79	32.42	64.41	2390	6.99	104
5.46	97.99	38.03	48.65	2092	9.7	104
1	97.79	34.94	59.32	1845	9.16	104
3	91.08	36.37	66.4	2253	7.15	104
1.88	90.87	44.85	40.28	2775	9.33	104
1.82	94.88	28.46	41.43	3130	9.52	104
2	97.07	42.62	63.74	2100	8.38	104
2.87	97.07	31.24	45.98	2107	8.54	104
2.59	90.33	56.25	53.4	1775	8.62	104
3.07	91.15	45.91	56.01	3224	10.45	104
3.41	91.79	52.77	57.99	1989	7.49	104
1.89	98.96	32.11	56.05	3220	6.68	104
1.29	97.17	44.12	59.57	1595	5.2	104
1.9	88.06	34.94	51.07	3740	6.23	104
6.01	69.87	53.72	39.82	2458	10.78	104
1.58	91.87	28.34	53.34	2339	13.3	104
1.91	88.65	76.85	47.86	1155	7.36	104
2.71	89.96	31.14	52.42	3167	9.47	104
1.52	95.58	35.41	75.37	2061	10.38	104
3.12	71.73	70.49	65.76	4847	9.14	105
1	74.42	66.8	36.46	3783	8.3	105
5.13	78.69	58.97	74.94	2963	10.06	105
6.24	86.29	62.44	77.52	1646	7.59	105
2.76	74.96	74.29	53.69	2966	8.06	105
2.93	71.09	77.7	16.58	1250	7.68	105
6.12	85.86	59.41	29.81	2398	9.38	105
1.42	81.1	70.08	41.74	2060	9.17	105
5.33	88.2	63.59	71.09	2316	9.84	105
1.88	66.85	59.14	83.59	1753	7.47	105
5.67	66.94	63.57	37.35	3275	11.76	105
1.93	59.84	60.36	76.14	2167	9.55	105
2	43.74	78.98	55.86	962	8.42	105
2.63	89.53	75.83	66.08	1788	6.82	105
2.57	62.01	47.15	33.11	1839	10.01	105
2.65	91.11	61.77	92.32	1290	8.29	105
3.61	67.4	72.88	63.14	2165	7.71	105
2.3	83.47	61.12	70.69	2460	7.6	105
2.2	55.06	62.74	68.58	2702	9.22	105
1.52	35.36	70.08	58.14	2312	8.87	105
2.62	34.36	79.14	57.95	2696	11.5	105
1	75.18	72.52	62.97	1326	9.28	105
2.08	46.86	80.42	46.97	3397	9.77	105
1.42	68.6	67.22	50.65	6259	9.07	105
3.87	79.48	59.76	48.95	4358	8.49	105
2.33	53.06	70.99	37.76	3123	9.8	105
3.54	84.83	61.82	76.98	2129	8.22	105
1.92	58.21	68.93	58.85	2231	9.68	105
3.61	89.93	50.65	88.48	1329	8.28	105
1	86.52	39.14	49.28	1578	10.27	105
3.41	94.98	64.02	46.65	2289	9.17	105
3.86	85.49	41.45	62.58	2416	9.69	105
1	64.91	65.23	49.09	3492	9.02	105
1.5	78.38	70.98	49.92	3095	9.18	105
3.32	99	22.76	26.09	2442	11.43	106
3.17	99	31.06	58.42	1312	10.44	106
6.01	97.94	38.08	44.93	1155	9.7	106
12.66	97.36	27.76	23.93	686	11.81	106
4.81	98.37	42.65	39.14	2152	8.74	106
3.25	97.27	42.83	42.21	1886	10.92	106
1.32	98.8	77.85	40.74	358	10.89	106
4.41	88.64	59.92	41.76	2538	10.4	106
1	98.16	39.12	22.73	500	13	106
3.6	88.04	56.57	33.14	3237	7.85	106
3.82	96.49	38.27	27.23	2828	10.4	106
3.01	88.7	30.68	49.02	2810	8.65	106
3.65	77.68	77.39	62.91	1918	9.96	106
2.4	80.59	26.52	33.88	5026	10.41	106
3.93	84.08	60.86	26.85	2979	10.51	106
3.07	96.59	13.15	35.77	1188	6.82	106
3.75	86.24	52.05	68.51	1402	8.77	106
2.47	95.81	39.22	33.58	1884	9.87	106
6.14	92.43	41.66	25.05	1598	10.14	106
8.25	86.72	53.29	38.23	1766	11.55	106
3.9	89.83	27.56	36.71	2865	11.34	106
9.9	99	31.35	22.24	1237	9.62	106
5.72	99	22.11	25.65	1433	10.54	106
7.47	99	22.69	30.8	1551	10.06	106
2.41	73.71	60.89	33.46	2006	9.67	106
3.18	95.57	34.55	46.53	6032	10.56	106
1.34	95.36	39.54	27.51	2545	9.82	106
4.47	97.44	52.85	39.12	1923	8.58	106
3.14	98.61	51.88	50.39	2035	9.48	106
1.63	85.79	36.58	37.45	2255	11	106
2.05	89.05	42.97	31.83	3091	10.32	106
1.93	92.85	40.2	34.29	2298	8.83	106
5.13	97.52	51.98	45.04	908	7.71	106
2.65	54.07	75.38	46.6	1662	11.13	106
4.2	95.7	22.23	59.99	2804	9.17	106
4.02	91.75	67.46	48.34	1625	11.02	106
3.83	99	38.58	20.23	1737	10.71	106
3.06	97.48	47.92	31.57	1699	10.59	106
4.94	80.87	44.27	33.58	2303	9.47	106
1.45	83.64	55.46	34.55	2850	11.79	106
5.18	97.47	21.79	39.81	1714	9.57	106
12.34	97.17	39.06	75.98	669	9.57	106
1.57	98.43	19.75	29.48	1020	12.65	106
4.35	97.49	37.19	28.59	1440	10.21	106
1.59	90.69	26.3	54.59	2803	9.6	106
4.27	93.14	45.97	44.26	2989	9.2	106
4.48	97.85	43.66	42.21	2088	10.63	106
1	86.76	49.08	16.77	1984	9.38	106
2.41	96.46	20.66	38.44	1271	8.03	106
1.85	92.35	56.27	42.15	2633	8.74	106
5.76	97.98	53.31	32.31	3440	9.39	106
6.38	99	33.24	38.21	1767	10.3	106
4.86	87.02	58.53	38.21	2491	10.8	106
2.87	96.17	33.41	48.47	1726	8.98	106
2.88	94.61	44.69	20.23	3026	10.28	106
3.68	98.54	56.38	23.25	2089	11.11	106
3.48	94.57	63.08	36.07	3056	9.82	106
3.91	98.14	49.88	23.06	3110	8.55	106
1.81	92.48	47.16	27.71	2307	9.84	106
2.91	96.67	41.35	23.36	1614	8.74	106
4.68	96.16	43.18	29.49	1310	9.77	106
1.89	97.32	29.45	34.31	1796	7.57	106
2.18	83.93	60.17	32.09	1515	11.29	106
2.41	85.29	50.18	27.16	1714	9.45	106
6.51	99	30.89	16.31	3188	10.07	106
2.66	96.3	19.5	20.23	1689	9.53	106
3.86	92.65	39.64	31.94	2123	12.25	106
4.28	86.3	46.79	24.56	3247	10.56	106
3.55	83.63	63.91	42.36	2276	10.11	106
3.29	75.69	25.3	42.01	2241	9.82	106
2.37	91.85	65.03	33.72	3008	9.81	106
6.83	93.58	38.02	24.19	1928	9.08	106
3.96	90.52	51.91	34.96	2301	10.69	106
2.07	91.65	45.65	20.81	2055	7.54	106
2.23	88.38	62.27	52.16	1885	10.13	106
1	98.69	34.72	38.46	1667	8.82	106
2.31	82.05	82.17	39.88	2526	8.04	106
3.5	87.23	50.76	29.89	3221	9.16	106
2.78	57.73	97.38	17.7	1383	8.03	106
3.07	92.45	45.98	33.61	2926	11.79	106
4.73	95.55	48.9	48.48	2265	9.8	106
3.08	95.95	32.13	32.87	1870	9.2	106
3.75	99	50.89	29.23	1195	9.62	106
3.28	99	56.15	39.14	1460	8.63	106
3.98	87.75	53.1	27.25	1693	8.68	106
3.55	92.21	54.79	25.14	3668	9.38	106
3.72	96.85	33.48	36.55	1839	9.95	106
4.44	98.06	29.51	32.06	1168	11.13	106
2.91	97.39	47	44.26	2677	10.83	106
1.92	83.84	77.4	26.93	2358	7.97	106
3.03	96.22	36.08	28.6	4790	9.77	106
4.28	87.7	52.74	18.37	3168	9.03	106
2.03	85.29	45.84	26.02	5386	10.49	106
3.57	87.26	68.67	26.33	2567	8.65	106
2.99	90.09	60.79	39.08	2466	10.34	106
4.88	85.36	60.37	47.33	2126	9.31	106
3.02	88.62	20.63	29.39	3087	11.53	106
3.93	73.47	28.55	31.4	6274	10.36	106
2.77	87.37	31.39	40.34	4661	12.16	106
3.72	92.07	41.28	30.94	2810	10.32	106
1.5	87.41	47.69	66.33	1983	9.28	106
3.4	97.13	59.98	40.88	1922	8.32	106
4.71	97.81	67.76	12.61	1239	10.41	106
4.38	87.96	76.63	29.19	2400	10	106
4.52	77.34	62.26	45.22	1744	11.87	106
2.84	93.13	21.35	42.99	2219	9.19	106
5.54	76.78	52.48	49.02	2757	8.16	106
4.19	76.11	36.64	65.47	2648	9.71	106
3.27	87.62	40.74	36.33	3102	9.41	107
3.72	89.88	61.66	51.91	3797	8.93	107
2.65	94.97	28.11	67.94	3102	8.99	107
3.18	89.93	27.32	44.75	3731	7.26	107
1.19	73.96	50.18	58.26	3169	8.77	107
2.39	73.33	28.01	35.85	2911	8.28	107
3	91.27	28.4	33.19	3012	10.92	107
3.91	87.8	45.46	78.67	2424	9.12	107
3.57	94.5	38.85	58.61	2530	8.54	107
2.76	85.36	34.66	60.88	3016	10.64	107
3.01	81.84	60.69	40.48	3620	10.22	107
1.35	85.13	45.98	42	4076	9.81	107
2.13	88.54	43.61	81.9	1967	8.95	107
5.24	78.31	66.59	26.36	1704	10.92	108
15.7	86.61	40.53	26.82	2393	10.11	108
4.59	98.81	48.76	28.03	1365	9.67	108
8.96	70.98	45.7	45.28	3241	13.7	108
6.86	95.12	43.07	39.99	2366	9.85	108
8.76	91.32	32.35	47.54	1167	11.31	108
9.88	89.65	49.9	31.14	3391	8.73	108
6.68	62.13	61.75	42.07	3658	11.76	108
13.84	76.4	36.51	49.98	5974	11.25	108
5.85	76.74	47.07	37.22	3635	10.01	108
9.32	71.53	37.94	39.48	4388	12.24	108
5.35	87.28	50.09	37.94	2035	10.76	108
11.58	80.66	44.34	34.59	2844	11.92	108
4.45	95.5	35.97	39.36	3500	12.83	108
5.81	87.71	36.34	63.88	1877	9.22	108
5.62	77.04	32.04	44.41	3158	11.21	108
9.87	92.02	42.81	37.21	2961	8.04	108
4.23	94.24	55.07	35.86	2364	9.73	108
3.3	99	40.48	46.76	1197	8.1	108
8.61	62.57	54.9	28.07	5266	11.72	108
5.87	68.93	48.97	33.47	2848	11.52	108
9.02	53.44	57.29	24.44	4239	12.69	108
3.14	62.47	68.01	48.61	1826	8.43	108
3.89	77.35	39.67	55.86	4329	11.25	108
8.43	89.79	35.11	39.03	3553	13.23	108
4.68	91.86	29.68	49.02	2121	10.37	108
10.22	95.81	20.91	48.77	1603	10.98	108
12.85	68.54	58.89	37.31	6477	12.64	108
2.17	84.64	54.33	55.99	2746	9.61	108
4.83	94.49	34.07	44.77	2995	8.55	108
8.99	80.89	67.16	45.26	2703	10.84	109
15.14	97.72	40.91	21.87	2249	10.58	109
19.13	96.34	76.12	11.17	1339	7.99	109
13.34	88.37	44.31	45.31	2458	9.32	109
11.28	98.48	39.27	34.82	2900	9.41	109
6.55	91.53	37.98	58.49	2537	9.62	109
7.02	82.43	50.6	44.83	1769	10.85	109
9.38	94.49	71.86	35.25	1131	11.67	109
5.08	93.95	44.54	16.45	2707	10.45	109
2.6	95.93	31.33	20.83	2008	10.56	109
14.99	98.63	53.57	34.15	2117	9.59	109
5.23	99	47.79	20.69	2627	8.07	109
11.46	97.44	46.19	41.9	2387	7.16	109
19.32	94.69	67.29	34.3	1797	11.85	109
10.3	97.12	48.75	52.47	2875	11.23	109
9.78	98.61	30.76	34.45	2176	12.09	109
10.88	95.19	26.12	49.64	1925	10.7	109
6.22	96.17	33.61	38.6	1577	9.07	109
7.9	89.12	18.34	45.29	2160	10.83	109
17.97	93.81	29.57	37.32	1009	11.79	109
7.61	87.27	50.9	58.62	1754	11.4	109
11.98	94.57	32.03	53.35	2245	10.51	109
10.39	96.59	22.53	83.24	1862	10.1	109
9.34	96.64	41.46	50.71	2469	10.9	109
7.84	97.23	34.97	30.51	3445	9.64	109
11.81	97.26	17.58	35.48	2510	11.27	109
6.2	99	28.88	44.99	1880	9.84	109
12.72	94.1	32.35	61.98	1244	13.59	109
5.37	96.82	51.7	28.7	1264	10.68	109
5.8	99	37.29	28.89	1702	9.11	109
5.81	95.13	35.55	63.15	2531	10.63	109
12.41	98.28	74.56	8.65	1296	9.34	109
5.83	96.9	56.62	19.37	1371	8.83	109
7.88	96.43	26.45	57.11	2034	10.77	109
4.3	97.4	40.26	29.88	1402	9.27	109
14.31	91.91	31.61	20.81	2080	9.66	109
12.07	91.82	31.39	30.62	1968	8.64	109
6.82	98.3	24.66	52.04	2328	11.68	109
3.13	99	51.69	47.25	3983	9.49	109
5.66	97.18	34.96	44.62	2151	8.88	109
7.1	95.74	40.46	43.25	2585	10.99	109
6	99	55.56	36.37	2652	11.12	109
10.92	99	37.9	44	2137	12.82	109
7.38	98.34	24.53	42.31	1878	11.93	109
7.39	96.9	28.79	66.77	1862	11.17	109
10.87	90.57	34.28	43.97	2643	10.56	109
9.78	98.08	38.47	33.61	3029	9.74	109
8.34	99	36.43	35.32	3097	9.53	109
9.58	95.56	22.93	60.05	2287	13.64	109
9.36	95.25	26.61	53.29	2623	10.56	109
9.13	98.15	22.61	29.61	1438	9.11	109
6.25	98.79	35.7	37.71	1565	10.67	109
9.57	97.61	19.57	52.08	2180	11.01	109
7.69	96.59	33.89	49.17	1478	10.69	109
7.8	90.02	52.74	58.94	2914	7.86	109
11.77	92.36	38.69	42.23	2086	10.31	109
19.25	92.47	21.69	48.25	1738	9.09	109
8.3	87.85	71.32	34.92	3459	8.47	109
8.79	90.74	44.87	47.35	2292	10.08	109
8.65	96.06	45.5	43.02	2869	9.1	109
3.11	90.59	45.45	36.07	5752	8.34	110
1.31	81.85	75.98	37.13	3567	8.44	110
2.92	91.52	59.09	38.27	4085	8.37	110
1	98.36	24.86	47.51	445	7.19	110
2.48	97.05	55.79	50.15	3382	8.07	110
3.94	79.82	64.17	35.44	4752	9.87	110
6.2	98	61.79	31.65	1568	8.1	110
3.3	95.3	42.12	32.52	4288	10.54	110
1.87	96.02	35.34	44.11	5259	9.55	110
1	84.92	54.47	31.57	2791	8.28	110
4.69	92.55	50.58	41.07	4379	8.5	110
4.1	98.23	43.59	69.21	1799	10.12	111
4.76	98.11	36.62	51.82	3172	8.98	111
4.48	94.54	76.1	70.35	690	8.41	111
2.49	77.87	53.55	43.58	1596	8.27	111
1.65	71.06	74.06	34.93	2690	10.74	111
2	89.66	52.97	13.99	5737	10.41	111
2.82	95.18	29.87	25.03	802	8.85	111
1.65	87.94	50.95	30.6	3682	8.72	111
3.93	94.59	53.76	41.13	2114	7.81	111
4.22	98.69	49.05	45.11	1751	8.28	111
2.87	96.37	65.58	36.92	3350	10.45	111
1.21	95.37	55.16	27.42	3127	8.31	111
3.6	93.39	44.78	48.69	2518	10.44	111
2.16	89.73	64.51	36.37	3094	7.24	111
2.96	96	44.65	53.28	2624	10.14	111
1.67	92.08	62.58	37.05	2474	8.89	112
2.31	89.15	56.56	38.56	2370	9.07	112
1.43	74.9	41.84	43.19	1943	10.19	112
1.63	91.11	58.58	56.98	1403	9.91	112
1	54.79	49.48	38.05	2510	9.48	112
1.15	57.55	56.65	43.41	1670	11.32	112
5.97	89.04	37.04	54.76	1485	8.75	112
2.92	90.97	60.77	40.7	1865	9.28	112
2.81	76.11	47.52	42.33	2413	10.15	112
3.14	74.76	72.58	34.04	1624	8.81	112
4.84	94.36	30.91	23.39	3194	8.45	112
4.12	90.74	56.62	35.25	1413	10.54	112
2.12	80.31	37.67	56.02	1568	11.93	112
1.7	90.55	52.45	55.28	1154	9.19	112
7.85	92.07	59.29	36.51	2194	10.71	112
2.88	90.6	42.47	63.48	3350	7.91	113
9.52	86.25	71.87	40.75	2792	9.1	113
8.73	86.25	44.95	51.35	3858	8.53	113
5.03	96.45	51.25	77.23	2389	8.41	113
4.42	92.51	45.32	35.37	3274	9.87	113
4	90.87	37.44	42.28	4029	7.79	113
3.79	81.62	58.63	39.78	2836	9.63	113
3.81	91.68	59.17	47.84	2366	9.13	113
2.08	92.78	59.36	75.62	1601	9.18	113
5.87	69.83	66.95	32.98	3165	9.83	113
4.16	93.97	63.87	45.9	3522	7.89	113
3.21	84.75	62.05	43.65	5094	9.44	113
2.13	95.55	49.08	38.98	3329	9.58	113
2.42	96.87	50.38	72.37	1893	7.08	113
1.97	86.39	57.4	37.24	2533	9.47	113
5.62	79.66	56.76	47.65	4707	10.64	113
2.89	82.6	52.54	60.47	2772	9.67	113
1.69	84.63	33.79	44.3	746	8.18	113
2.74	96.62	40.08	41.12	3101	8.74	113
7.19	94.36	37.06	35.11	4086	9.15	113
2.84	88.88	50.62	45.61	3499	8.57	113
3.21	95.03	39.95	50.51	1926	7.48	113
2.82	70.21	66.11	51.08	3141	9.74	113
4.26	88.84	68.1	42.49	3196	8.98	113
2.95	95.74	38.93	53.22	2112	6.34	114
4.14	75.41	53.45	54.7	1893	9.46	114
2.93	90.29	42.62	50.27	3574	8.28	114
4.59	87.84	43.48	67.22	1911	10.83	114
4.58	91.06	38.52	77.05	1962	8.66	114
2.47	75.29	53.06	72.49	1289	7.99	114
4.28	91.59	40.17	41.52	2633	9.95	114
2.29	94.25	32.55	52.37	2643	8.78	114
3.76	97.63	62.46	20.23	2144	6.9	114
1.47	91.68	33.18	41.19	2881	10.66	114
5.08	86.61	59.19	80.89	1407	9.17	114
1.3	98.44	25.5	73.3	1739	9.95	114
6.33	81.41	52.88	46.67	1658	9.83	114
4	72.68	50.54	39.06	2237	8.67	114
5.03	83.97	45.18	62.77	1295	8.26	114
4.26	80.07	57.02	90.25	1168	9.93	114
5.42	96.23	37.2	40.24	2267	8.25	114
2.4	79.36	29.39	52.29	2504	7.79	114
1	90.74	30.65	55.12	1337	9.35	114
4.33	98.05	39.99	71.81	1429	8.33	114
4.72	99	54.39	36.44	1586	9.08	114
3.05	96.88	55.01	50.52	2078	8.95	114
2.66	95.19	37.35	42.15	4118	8.64	114
8.93	95.4	61.67	76.35	1134	9.17	115
3.09	95.16	64.23	39.28	2062	8.29	115
3.47	95.32	49.54	44.56	4126	10.16	115
10.96	94.65	46.52	58.71	2035	9.39	115
2.64	97.5	77.52	31.98	1880	10.37	115
4.09	97.7	75.12	49.99	2059	9.76	115
13.99	93.3	23.55	53.24	516	4.26	116
2.6	95.51	38.72	93.84	1336	7.63	116
4.06	94.49	36.29	71.24	1847	7.36	116
1.51	91.38	37.39	64.03	1835	7.36	116
4.31	93.61	44.83	72.57	1586	7.63	116
4.01	93.84	54.68	30.45	1998	8.26	116
4.3	93.83	45.12	69.1	1932	9.52	116
9.64	87.45	39.34	33.93	1431	8.11	116
2.79	98.62	20.19	91.61	1376	8.07	116
6.61	96.31	24.25	63.72	1268	8.91	116
7.44	97.54	35.66	78.57	1373	9.25	116
4.19	89.28	45.04	33.88	1744	9.17	116
7.72	99	32.93	79.91	1103	7.25	116
6.84	85.52	26.19	75.41	931	10.31	116
9.5	90.68	36.24	68.46	1273	8.72	116
3.09	95.08	36.55	54.88	1929	9.38	117
3.14	99	41.22	43.59	2042	8.47	117
5.73	93.74	38.86	65.72	1594	8.85	117
2.7	91.57	46.27	39.25	1988	9.1	117
4.66	97.42	45.94	39.47	2574	8.08	117
3.63	99	26.89	41.33	978	6.13	117
7.25	90.14	49.39	50.12	1436	9.47	117
9.07	99	48.15	46.6	1433	9.98	117
5.27	95.49	39.86	41	1700	7.35	117
3.78	99	36.18	37.23	2028	8.04	117
4.44	99	16.37	45.27	1501	10.06	117
7.78	98.63	20.4	71.83	1003	8.97	117
5.68	98.23	31.5	53.93	1151	9.9	117
8.21	96.53	43.13	78.91	1730	7.4	117
3.98	95.47	27.53	69.75	1207	9.03	117
7.95	98.15	32.2	74.46	777	9.78	117
4.59	98.48	37.75	32.39	1823	11.3	117
3.24	95.69	36.14	58.63	1101	6.72	117
1	86.12	46.77	64.75	1239	8.23	117
4.76	95.29	35.01	67.48	1500	6.93	117
1	94.79	59.09	76.41	1243	7.56	117
4.44	95.03	29.14	49.45	1570	7.2	117
6.96	89.12	26.35	54.06	1927	10.9	117
5.44	98.3	18.08	53.63	1810	9.94	117
8.82	97.77	14.11	52.41	1968	11.59	117
11.2	98.74	37.65	73.8	1196	8.19	117
10.97	99	30.19	42.02	1697	8.54	117
3.51	99	10.44	55.7	1010	7.72	117
1.67	96.94	11.73	52.51	1340	8.81	117
7	95.57	33.58	46.47	1324	7.78	117
7.9	97.63	29.24	50.98	1350	8.89	117
12.33	98.19	35.55	51.38	939	12.35	117
10.42	97.77	28.33	50.89	1203	8.81	117
2.97	98.37	52.19	80.5	1064	9.49	117
4.82	98.67	29.46	71.75	1096	8.67	117
4.84	98.79	12.93	41.22	1614	9.91	117
4.12	96.81	24.49	61.24	1879	8.52	117
4.87	99	27.8	46.99	1358	7.29	117
4.37	94.34	55.63	81.57	2476	7.88	117
1.53	99	47.94	53.12	1553	7.34	117
2.21	97.43	12.83	56.74	1112	8.36	117
4.02	98.05	42.49	71.01	1423	9.21	117
2.19	99	11.96	61.13	1384	8.67	117
1.21	91.87	49.72	52.04	1261	9.91	118
9.28	96.35	62.41	21.79	1581	7.46	118
3.61	64.85	49.81	44.97	3095	10.63	118
1.74	75.96	56.28	44.63	1843	9.55	118
5.84	79.96	49.35	74.25	1503	9.25	118
5.35	81.35	49.18	74.44	1094	13.07	118
7.97	82.77	45.68	48.73	2568	7.87	118
2.16	62.64	76.93	61.74	2047	11.38	118
4.49	53.18	66.89	52.89	4594	10.3	118
1.74	61.81	43.86	35.02	4204	9.8	118
7.27	94.63	42.31	33	3161	11.2	119
5.2	99	33.15	43.48	897	8.25	119
5.87	87.61	51.13	49.44	1937	9.55	119
4.87	96.08	46.7	37.33	2185	9.75	119
7.49	91.1	31.15	43.42	2440	11.07	119
4.35	96.95	38.27	33.89	1948	9.45	119
5.74	92.37	22.04	50.37	1629	10.44	119
7.75	98.15	40.63	52.85	1707	10.25	119
6.86	97.11	29.46	60.84	1974	11.45	119
3.79	97.13	61.4	35.43	2237	9.83	119
5.82	96.37	38.29	36.16	2057	10.06	119
2.83	97.23	52.32	43	2218	10.23	119
5.04	63.8	44.62	41.79	2193	11.17	119
2.86	71.57	61.35	70.17	2456	9.85	119
2.2	71.34	54.52	62.82	3142	9.36	119
2.64	63.54	56.5	54.46	4537	9.61	119
6.07	84.65	54.99	60.47	4295	11.08	119
1.49	98.07	41.92	55.11	1471	11.83	119
1.91	98	36.61	59.02	1737	7.43	119
3.59	95.3	33.12	85.49	2609	8.55	120
4.99	83.84	31.88	57.74	3002	9.29	120
7.2	92.03	30.58	65.49	4040	9.68	120
3.41	83.63	34.37	66.13	3194	9.33	120
6.21	87.38	28.58	45.33	5512	9.8	120
3.38	89.6	35.5	69.99	2750	8.98	120
3.81	96.62	37.42	33.36	3932	9.41	120
6.44	92.78	32.74	64.69	3545	10.66	120
3.24	94.5	35.91	63.52	3384	8.1	120
2.99	86.19	33.13	64.88	2259	8.54	120
13.7	98.13	30.86	37.31	1178	9.59	121
9.6	96.6	36.35	35.42	2519	10.56	121
10	98.01	35.52	26.72	1213	9.32	121
8.66	95.95	35.68	27.76	1410	9.29	121
5.14	99	36.36	41.21	2247	10.1	121
9.53	90.46	56.34	40.34	2258	10.45	121
12.71	99	37.82	58.71	2035	8.26	121
18.09	94.59	38.1	42.68	4163	10.28	122
6.37	89.49	60.35	47.8	3031	10.36	122
7.95	89.38	41.58	30.91	4992	10.28	122
7.87	93.77	27.11	49.37	4092	9.38	122
10.05	88.25	60.89	31.27	3233	9.93	122
4.7	95.49	46.85	18.62	3664	8.84	122
12.35	83.39	59.79	42.54	6179	14.16	122
5.06	85.29	51.05	67.31	2409	10.42	122
8.83	94.35	57.26	26.75	3827	9.17	122
12.83	92.71	55.48	43.17	2982	9.09	122
4.25	92.02	26.3	52.12	2516	9.54	122
8.02	90.06	46.86	52.41	2352	10.37	122
7.42	95.14	50.91	55.92	2576	8.46	122
6.15	91.63	56.09	52.31	2647	9.33	123
2.38	88.8	65.82	34.71	3796	9.59	123
5.13	93.72	58.29	34.3	2895	8.08	123
8.36	80.81	50.89	46.82	1650	9.03	123
5.56	94.79	37.23	45.65	2487	8.28	123
4.26	78.07	40.98	56.01	2657	8.69	123
2.78	79.48	42.88	48.78	4862	8.6	123
8.52	97.03	52.56	40.36	1310	9.31	124
7.85	91.86	40.38	37.62	1490	11.61	124
7.8	94.36	34.2	62.68	1335	9.96	124
8.07	99	18.07	59.04	1413	11.89	124
7.74	75.52	31.12	44.67	1902	11.93	124
4.41	96.37	32.1	39.24	2372	8.9	125
3.55	99	35.71	51.1	2043	9.4	125
2.42	97.4	39.1	63.23	2380	9.45	125
1	87.87	42.53	66.55	1803	9.48	125
4.46	99	27.77	49.52	2663	9.31	125
2.11	98.89	17.62	55.52	2470	7.49	125
7.81	91.16	47.6	49.3	1945	10.33	125
5	96.07	33.11	63.65	3265	9.25	125
5.51	98.26	35.52	73.8	1692	9.28	125
2.39	95.99	61.18	58.3	1768	9.5	125
6.28	98.62	34.53	65.23	2417	6.29	125
3.55	97.21	40.7	43.7	3305	8.11	125
3.52	96.45	44.64	34.26	2302	9.17	125
2.62	90	47.97	66.96	2259	9.34	125
3.49	93.04	27.96	63.2	2785	10.45	125
7.65	93.95	34.9	38.64	4486	9.01	125
2.94	98.79	24.61	63.51	1674	10.99	125
2.18	91.71	39.5	54.76	4275	8.05	125
3.03	98.07	50.49	74.8	1600	9.38	125
4.68	98.42	27.63	54.81	2876	9.21	125
2.49	97.25	40.5	63.83	2602	9.03	125
3.76	98.45	30.39	46.01	1929	8.61	125
4.23	99	30.96	65.85	1866	9.81	125
3.41	95.74	28.14	64.52	1815	10.58	125
3.39	99	27.34	59.87	1980	9.44	125
3.73	94.85	40.02	51.69	3527	10.07	125
1.85	84.76	50.4	72.14	1238	11.39	125
3.84	99	22.49	95.64	1297	9.87	125
2.46	98.42	14.08	61.6	2814	10.2	125
2.9	97.58	20.22	53.54	2233	10.03	125
2.86	97.01	18.1	52.32	1588	8.82	125
3.38	86.85	19.37	62.48	3055	10.08	125
2.75	95.71	31.7	54.83	3414	8.67	125
1.96	96.75	22.61	46.35	3005	7.79	125
6.03	98.18	43.28	70.17	2519	10.36	125
4	93.81	41.93	68.39	1765	9.63	125
3.88	94.32	48.06	51.78	3176	9.38	125
3.21	96.28	35.44	61.31	2297	9.84	125
4.77	92.08	40.06	60.4	2229	8.3	125
4.54	92.92	37.13	63.41	2152	8.55	125
3.8	98.73	19.35	78.14	1865	7.13	125
7.08	94.64	39.09	81.61	2820	8.09	125
6.12	98.13	37.37	42.34	2747	8.15	125
2.06	96.93	46.91	72.29	1475	8.14	125
1.65	76.76	57.67	71.04	1793	10.93	125
2.03	98.63	28.13	86.42	1842	9.17	125
2.16	96.08	37.26	83.87	2566	9.04	125
4.84	98.89	17.81	71.2	1910	8.38	125
3.39	96.51	37.14	72.88	1784	8.74	125
2.66	95.13	41.76	70.98	2074	7.28	125
3.87	98.73	17.26	65.36	1432	7.26	125
4.45	97.42	46.87	53.83	2493	9.67	125
1.2	93.37	27.27	56.09	3652	10.1	125
3.73	98.67	40.39	52.65	1907	6.4	125
3.97	96.41	48.27	54.01	1700	11.47	126
2.2	90.65	34.3	52.63	2290	8.95	126
2.16	87.79	30.13	68.96	1744	8.94	126
5.32	95.21	47.45	56.72	2268	8.29	126
2.91	75.2	50.72	54.36	1729	8.5	126
4.38	85.68	40.91	59.56	1715	6.47	126
4.12	93.29	13.53	85.01	1170	6.32	126
3.53	81.59	56.43	75.04	1962	8.46	126
4.47	76.75	42.9	84.9	1564	9.72	126
3.99	85.36	27.6	47.84	2311	7.66	126
2.49	87.98	44.96	43.47	1923	6.97	126
3.55	74.32	69.16	68.25	1049	8.29	126
3.66	91.22	28.11	58.44	1762	7.43	126
4.62	80.9	49.52	50.54	709	8.89	126
7.07	78.74	51.76	33.01	1307	8.42	126
3.96	85.14	53.01	54.3	2142	7.24	126
1.95	91.19	36.53	66.03	1239	8.96	126
7.88	94.37	34.95	34.27	1801	8.16	126
6.67	95.26	29.32	78.48	767	8.47	126
3.17	80.76	64.26	26.27	2593	11.42	126
3.3	91.73	34.7	47.95	1755	9.69	126
6.71	84.32	52.68	32.49	1244	8.2	126
3.18	91.9	31.54	96.78	1086	7.27	126
2.26	79.18	31.99	61.79	1628	7.99	126
5.34	98.32	29.1	50.37	1120	8.04	126
6.1	91.19	39.87	63.45	1239	7.59	126
5.97	93.32	27.37	58.6	1959	6.94	126
4.28	92.87	50.01	39.82	2086	9.11	126
9.04	96.04	21.73	80.36	1245	8.76	126
3.93	85.22	19.72	26.83	1393	7.68	127
3.42	84.3	33.33	50.54	1975	7.49	127
5.69	97.46	17.95	42.94	2158	8.71	127
5.53	92.3	29.84	43.74	2729	8.46	127
4.54	97.53	47.43	44.14	4565	9.2	127
6.81	91.35	20.49	67.69	3152	6.38	127
6.66	92.17	45.82	68.41	2320	10.56	127
5.86	86.99	39.97	45.42	3642	9.23	127
3.95	96.75	24.21	38.09	3070	8.08	127
3.9	84.39	49.37	39.71	1647	8.86	127
5.73	87.62	30.39	69.99	2086	6.47	127
9.77	95.5	25.93	40.28	2410	10.04	127
8.92	83.27	54.46	61.51	2439	8.98	128
5.6	89.48	57.18	64.08	2192	8.35	128
8.1	90.8	49.83	50.37	1934	9	128
5.07	96.62	50.64	69.09	1417	7.83	128
5.08	90.49	50.1	57.01	3441	8.46	128
4.96	96.07	49.35	47.52	2224	8.32	128
10.19	84.08	62.76	28.22	3003	8.46	128
5.24	72.89	50.28	42.2	2291	9.38	128
6.18	55.23	85.55	40.29	2554	8.65	128
4.37	69.1	53.32	55.16	5921	10.27	128
3.49	84.62	46.49	61.55	533	9.76	128
6.33	94.29	58.9	63.07	3197	7.32	128
7.3	85.03	37.45	52.11	2372	6.87	128
11.44	88.24	34.73	51.91	2093	8.17	130
5.48	68.01	51.04	29.95	4457	8.3	130
10.32	92.64	39.92	29.16	1053	7.98	130
8.78	79.22	45.64	34.62	2643	8.59	130
8.48	83	56.04	48.97	3186	9.57	130
4.37	91.07	32.61	45.22	4752	9.62	131
9.51	86.76	34.74	35.6	5445	8.96	131
5.98	85.95	40.06	38.78	6956	8.94	131
5.15	73.64	46.42	32.21	4737	8.97	131
4.8	78.66	57.1	29.95	6826	9.1	131
4.77	81.65	42.29	46.31	6018	9.5	131
4.44	86.32	57.76	46.86	4318	8.31	132
4.4	80.48	42.28	34.49	7104	9.36	132
4.08	79.15	36.86	52.22	3571	9.83	132
1.92	73.7	40.89	29.19	1650	11.39	132
6.97	89.33	51.41	50.59	1922	7.34	132
3.58	95.32	48.76	57.22	1521	6.77	132
6.55	94.59	29.84	63.34	1644	5.9	132
4.75	66.46	33.44	51.56	2360	9.49	132
5.18	78.63	51.91	53.81	2263	9.41	132
2.48	74.44	43.65	43.66	2355	8.41	132
4.48	91.08	46.48	36.66	1480	6.35	132
2.34	98.31	30.49	84.65	1411	6.95	132
4.09	91.45	25.24	58.47	2907	8.12	132
4.8	69.69	52.56	54.72	4910	11.38	132
3.15	85.14	42.27	29.32	6066	7.73	132
5.18	95.17	47.86	42.79	2171	10.73	133
7.22	91.87	45.89	33.48	2951	9.66	133
5.83	83.86	45.53	27.61	2514	10.38	133
5.42	99	37.06	34.08	2227	9.12	133
10.75	96.05	47.85	45.48	3456	9.52	133
6.73	94.95	33	45.56	3861	8.44	133
6.25	96.28	43.74	23.23	5037	10.46	133
3.16	71.98	66.7	50.04	2005	8.88	133
4.93	81.1	70.19	46.74	1369	12.2	133
2.32	84.31	40.29	32.71	3674	8.74	134
2.53	91.66	40.64	38.06	2266	11.12	134
4.44	98.25	46.86	42.11	3381	8.4	134
7.44	95.39	50.2	41.64	3240	8.92	134
3.06	96.64	42.73	60.59	2881	7.91	134
4.23	95.56	15.08	46.9	1078	7.51	135
2.54	95.1	33.5	52.66	2574	9.01	135
5.3	91.22	38.88	38.52	2137	7.49	135
3.77	98.55	28.66	88.75	859	8.03	135
1.94	94.72	25.4	64.59	2487	7.68	135
2.1	94.9	30.58	65.82	1971	8.88	135
2.63	88.98	45.57	42.75	1845	9.92	135
4.12	89.05	55.3	48.1	3548	8.65	135
11.92	89.74	47.08	56.16	2647	9.48	139
13.92	77.14	40.64	47.03	1695	9.5	139
7.93	85.18	28.1	73.01	1186	9.44	139
8.92	82.87	31.24	62.05	1355	10.92	139
7.58	83.69	43.09	51.43	2418	10.17	139
5.74	79.02	44.18	54.55	2761	12.21	139
8.6	72.24	52.64	35.77	2559	10.79	139
10.7	88.36	42.47	47.32	1511	9.79	139
9.1	81.7	46.12	38.17	3702	11.29	140
11.44	89.59	81.99	11.52	937	7.9	140
13.95	92.24	28.98	42.92	1440	10.42	140
9.1	84.78	60.88	41.73	4053	9.67	140
5.61	93.7	45.7	34.94	3743	7.96	140
3.99	77.23	21.6	60.83	2052	10.19	140
7.43	71.43	49.99	44.48	2285	10.59	140
11.1	95.08	18.75	40.48	1882	10.31	140
9.79	85.36	51.19	72.68	1433	9.91	140
4.49	60.18	59.78	67.55	2130	9.86	140
8.48	77.97	36.72	50.47	5126	11.76	140
9.4	77.34	41.68	40.42	6751	11.26	140
8.21	90.97	34.98	56.17	2907	12.35	140
5.15	77.64	42.13	37.83	2784	9.73	141
6.97	69.52	70.4	41.8	2055	8.52	141
7.81	73.31	37.67	28.87	1086	9.58	141
5.92	78.65	51.86	33.76	2895	10.02	141
5.49	76.89	39.75	46.89	5051	9.98	141
9.54	71.45	36.55	55.96	2835	9.1	141
1.68	81.19	49.25	32.87	2531	10.27	141
6.68	85.31	54.19	29.44	3658	9.51	141
4.32	95.58	30.01	64.28	1431	9.22	141
5.81	92.26	53.99	42.03	2239	9.83	141
6.04	75.33	45.45	38.28	3362	9.13	141
4.46	83.83	49.49	56.58	1374	9.83	141
4.27	74.98	62.8	27.16	2475	9.09	141
2.96	74.34	43.13	34.3	2895	9.15	141
10.35	81.03	41.93	34.15	2318	9.49	141
7.6	61.05	51.37	53.29	1218	10.92	141
8.14	70.1	41.43	58.68	2322	10.38	141
8.34	83.69	40.97	40.97	5178	9.77	141
6.49	74.46	25.25	31.44	3066	9.39	141
4.59	95.71	35.59	61.11	2269	7.32	142
5.22	89.04	49.11	36.52	3245	7.49	142
14.07	91.07	53.98	58.54	2207	8.74	142
5.64	67.6	71.51	29.34	2955	7.99	142
7.14	82.83	69.22	59.62	1872	11	142
8.08	83.57	67.55	58.63	1876	11.03	142
4.75	81.16	63.77	59.28	3051	9.41	142
