1.76	12.12	3.16	12.34	8.45	1361
2.04	14.71	3.01	11.3	9.7	2257
2.52	14.83	4.9	12.53	10.58	1389
2.24	15.09	2.79	10.88	10.5	1829
2.57	12.77	6.18	15.21	9.67	2491
2.18	13.9	2.78	13.11	9.83	1007
1.67	15.51	2.53	13.84	8.86	2211
1.74	18.44	3.11	10.63	10.77	1383
1.73	13.74	3.15	10.51	7.81	1332
2.91	15.93	4.6	10.62	10.01	1958
1.33	13.88	2.24	11.63	8.55	1427
2.69	15.6	1.98	10.53	9.5	1263
1.98	14.35	5.51	10.19	10.6	962
2.6	16.58	4.97	11.15	8.1	1309
3.46	13	5.46	12.23	8.23	1300
2.31	17.42	2.84	10.32	10.68	2819
2.53	17.28	3.87	12.12	9.12	2095
2.41	16.58	3.4	10.95	9.43	2822
1.19	11.67	2.62	9.93	7.62	1602
1.47	14.43	3.62	13.96	10.41	2987
2.86	15.77	3.68	12.38	13.97	2448
2.7	14.77	2.4	11	11.09	2336
2.54	10.7	2.6	15.15	9.77	1617
2.43	14.91	3.95	14.22	9.22	1442
2.15	12.21	4.19	15.38	9.28	1671
2.56	14.34	3.21	12.74	10.98	1248
2.56	13.74	2.52	14.14	11.81	2497
2.35	13.75	1.77	12.83	10.72	2378
2.05	12.56	2.89	11.5	13.48	1417
2.97	13.26	3.83	12.63	11.33	3001
2.03	12.19	5.26	13.39	9.05	1083
2.8	16.03	2.39	15.37	9.53	3181
1.9	14.12	2.57	12.99	11.15	1947
4.07	12.11	2.73	13.14	13.09	1940
3.27	16.43	4.46	11.63	11.86	1771
3.1	16.16	3.05	11.24	13.53	2357
2.29	13.84	2.84	11.98	15.33	2362
1.57	13.68	4.07	8.69	13.96	1082
3.82	17.66	3.82	12.04	11.81	889
3.68	14.05	3	12.34	12.34	1167
3.31	16.18	3.8	13.42	11.34	1632
3.29	16.57	3.55	12.25	17.05	3126
3.9	12.89	1.76	10.85	6.96	1078
2.44	11.77	3.15	12.43	10.11	1682
2.8	8.08	3.04	13.28	11.92	1250
2.9	11.6	4.61	11.67	9.81	1345
2.96	10.91	2.07	11.52	12.61	2126
3.71	10.75	3.71	13.72	10.14	1618
4.68	11.22	1.71	12.7	10.25	1346
1.82	12.91	2.32	12.12	7.83	2030
3.93	10.28	3.27	11.59	8.41	1070
2.57	10.26	2.69	12.7	10.69	2339
2.48	11.11	3.09	11.81	9.37	2134
2.27	14.51	2.83	12.68	9.79	3177
2.91	13.5	2.79	15.16	12.6	1682
1.32	12.03	3.79	11.7	7.74	607
1.66	9.97	2.27	13.29	12.08	662
2.54	12.04	3.43	13.15	8.07	905
3.11	14.31	4.04	12.29	12.6	643
3.42	15.26	2.05	15.72	11.16	439
1.5	11.13	2.99	14.62	11.13	602
1.96	13.35	2.14	13.88	10.32	562
1.61	11.19	2.8	14.42	11.41	929
2.1	12.12	4.66	13.29	10.49	429
2.7	12.46	3.32	10.38	9.35	963
1.75	13.99	3.97	15.26	10.17	629
2.89	11.11	3.56	11.11	10.22	450
2.2	12.03	2.01	13.52	7.24	1546
3.44	13.09	2.48	13.37	10.67	1772
2.26	12.62	3.76	13.31	11.09	2607
2.68	11.87	1.94	13.51	10.75	2317
2.23	12.38	2.02	14.11	11.09	3409
2.54	14.32	3.52	13.86	11.78	1732
2.46	12.31	2	15.06	9.03	4143
1.84	10.83	2.91	12.09	10.34	2060
2.68	12.09	3.51	13.38	10.13	3730
3.41	12.61	3.47	13.93	11.02	3719
2	12.77	3.21	14.41	13.05	1402
2.07	13.7	2.07	10.74	10.15	1694
1.83	11.08	1.58	13.72	11.47	2842
2.29	12.66	2.38	12.92	9.37	3190
3.01	11.81	2.55	15.39	12.04	864
2.57	15.29	3.79	14.34	12.86	1478
3.03	15.16	3.28	12.83	9.1	2440
2.67	11.79	2.67	13.15	8.7	2137
3.37	13.01	3.52	13.88	9.59	2075
3.14	14.85	3.06	13.97	10.66	1145
3.09	12.45	2.87	13.88	9.64	1815
2.95	16.44	2.47	12.1	9.87	1661
3.26	14.01	3.58	12.82	8.36	1256
2.26	12.28	1.67	13.81	9.68	2882
2.11	17.1	2.62	10.34	12.18	2176
1.9	11.31	3.25	11.53	10.08	893
1.15	14.94	1.94	8.24	14.26	2524
3.32	13.6	2.09	16.36	9.78	3404
1.89	17.05	3.54	9.34	9.22	1584
0.99	15.14	3.47	9.68	5.21	403
2.31	13.14	4.88	13.77	8.53	1126
2.73	16.69	2.76	10.5	10.84	3811
1.46	15.91	3.84	11.46	11.83	1640
1.44	11.3	4.24	15.92	8.68	1602
1.3	14.74	3.74	11.23	8.94	1309
3.17	14.52	4.71	13.27	8.17	1040
2.41	14.85	3.03	12.04	8.87	2243
1.86	13.45	3.67	12.71	8.77	1881
2.25	15.14	4.23	11.46	9.21	1466
1.61	14.48	3.23	13.67	8.82	1734
1.3	13.83	6.61	10.32	7.62	998
1.93	14.99	3.47	9.2	10.75	2075
1.93	16.83	3.13	12.28	10.95	2329
1.9	14.71	5.03	12.67	9.72	2108
1.69	15.8	3.64	11.19	10.21	1949
2.4	15.12	3.91	10.71	10.03	2044
1.51	13.58	4.72	10.94	10.19	530
2.88	15.31	3.36	10.32	11.33	2083
2.15	16.95	3.7	10.84	10.24	1162
2.03	15.38	2.83	12.55	8.02	2120
2.71	16.17	3.36	10.47	10.85	1843
2.57	13.62	5.3	11.04	7.72	661
2.36	12.37	4.42	12.96	10.31	679
1.88	13.96	4.58	11.74	9.58	1440
1.38	14.47	5.05	12.86	11.83	871
2.11	13.9	3.68	13.52	10.11	1849
2.38	13.02	5.49	12.37	8.35	1221
1.37	13.15	3.22	12.2	9.4	1893
2.51	12.2	3.65	10.95	7.75	877
1.86	12.87	4.29	11.72	10.01	1399
2.33	13.26	2.41	12.75	10.34	1161
3.16	13.99	3.06	13.33	10.46	2123
2.81	14.48	3.99	12.69	9.88	3309
2.42	10.45	3.06	13.83	11.41	1569
2.13	13.42	2.07	11.3	11.07	1788
3.19	14.73	1.79	15.19	11.03	3292
4.18	14.14	4.45	18.79	10.16	1506
2.43	15.75	1.36	9.59	12.08	1689
3.43	14.61	2	18.25	10.5	2800
2.81	13.05	3.28	13.17	8.86	2315
2.91	12.98	3.15	13.37	8.33	2065
1.94	12.72	4.78	14.02	8.67	1234
2.63	14.09	2.6	12.75	9.36	3152
2.02	13.94	3.05	12.81	9.61	2030
2.91	12.01	3.65	12.98	10.66	1341
2.45	13.11	4.35	9.8	11.09	1632
1.87	12.93	2.1	14.33	9.47	2143
2.3	12.55	2.8	15.6	10.7	2430
2.93	12.09	3.09	13.55	11.11	1845
1.82	13.94	2.4	13.29	7.91	1542
3.03	12.06	3.27	13.46	7.35	2081
2.66	11.45	3.2	14.22	7.87	1842
3.37	13.24	2.03	13.41	7.84	1722
3.07	11.97	4.06	12.54	9.47	1922
2.41	12.03	3.81	12.27	10.33	1704
1.36	11.38	4.07	13.41	9.08	1178
2.05	12.99	3.32	15.68	7.42	1416
2.3	13.21	4.76	11.52	9.45	1302
2.47	12.25	3.08	13.92	9.73	1983
2.49	10.77	4.55	11.96	10.57	2090
2.96	12.18	2.52	11.03	12.51	1822
2.72	12.84	3.17	13.29	10.2	1324
3.08	12.32	3.43	13.43	10.15	1981
2.07	11.68	2.36	17.55	9.36	2371
2.98	12.3	4.22	11.84	9.28	2585
2.9	10.93	3.99	12.46	8.58	1830
2.82	15.53	3.76	12.91	10.22	3935
2.5	11.84	4.03	12.68	8	1562
2.45	12.16	5.1	10.49	7.94	1020
2.18	15.21	4.08	14.19	8.66	1374
2.66	13.43	5.33	12.23	12.28	1914
1.5	14.47	3.44	12.65	8.17	3256
2.15	19.13	3.59	15.76	9.18	2843
4.46	18.32	4.99	13.33	10.09	1883
2.25	16.08	7.72	13.83	5.14	311
2.27	13.4	3.93	13.34	8.17	1627
2.02	15.71	2.89	14.2	9.93	3113
3.35	13.35	3.35	15.27	7.82	1611
1.25	16.59	2.32	13.81	8.52	3194
2.73	14.61	6.72	13.67	10.63	1280
2.85	14.49	4.37	15.96	7.85	1898
2.61	14.94	4.01	12.74	8.67	3761
2.33	14.02	2.55	12.36	8.31	1804
2.85	14.9	4.45	13.67	10.48	3644
3.23	15.07	4.52	12.69	10.31	2104
3.46	13.5	1.82	16.96	8.57	2311
2.65	17.7	6.19	13.27	9.73	113
2.75	17.29	4.2	12.06	10.3	3523
2.03	12.26	1.79	11.5	11.64	2913
2.9	16.19	2.86	13.96	9.71	2378
2.21	12.33	1.98	11.21	10.42	2936
1.61	16.03	1.03	10.34	12.64	1741
1.33	14.27	1.76	10.33	9.11	1878
0.71	13.28	1.52	10.96	11.5	2244
1.15	12.68	1.75	11.65	8.76	1656
1.1	13.17	1.61	12.22	14.63	1367
1.97	17.95	1.39	10.71	12.8	1727
1.98	14	1.88	11.83	11.78	2071
1.59	14.28	1.59	9.36	13.44	1443
1.61	12.5	1.77	11.45	11.61	1240
1.2	13.17	1.94	12.7	11.3	1496
1.42	15.84	1.14	10.25	11.72	2185
1.65	15.63	1.53	10.4	16.45	1702
1.95	14.5	2.16	8.23	10.46	1386
1.96	12.31	0.92	15.23	9.35	2600
2.03	13.64	2.92	12.55	8.6	2024
2.86	12.14	1.92	13.63	9.95	1820
2.52	12.74	3.51	12.49	8.4	2025
3.02	18.61	4.53	19.46	9.68	2117
1.9	15.75	3.57	15.24	11.23	1371
2.17	13.45	3.13	17.39	7.88	736
2.17	17.39	3.41	12.68	9.28	1380
4.57	19.48	3.68	12.92	9.54	1006
3	15.49	4.22	15.15	9.14	2964
3.45	13.72	3.05	10.83	9.63	1246
1.73	13.27	5.61	11.13	9.65	1213
3.33	15.27	4.59	12.51	8.61	871
2.77	14.68	2.42	12.79	8.53	2814
1.76	16.45	3.15	11.22	11.15	1587
2.53	13.63	3.6	15.61	10.14	1973
2.38	13.55	2.95	14.92	10.41	2775
2.69	13.83	2.11	14.88	6.4	3124
2.29	13.24	3.11	14.06	8.3	3315
2.32	15.75	3.8	12.41	10.59	1765
3.06	15.22	3.16	14.11	12.06	2090
2.38	14.08	2.52	13.38	11.41	1428
2.55	12.89	4.16	14.64	9.4	1489
2.35	16.09	3.48	13.1	11.06	3617
3.27	17.38	3.59	17.38	9.9	1283
2.26	13.88	4.18	12.91	7.88	3184
2.19	15.6	4.52	13.55	9.22	2103
1.32	12.93	2.42	13.81	8.74	1361
3.05	14.61	3.72	13.74	8.5	1965
2.45	13.09	2.66	13.29	7.63	1467
2.25	12.61	2.98	12.61	8.77	1642
3.63	14.8	3.5	15.01	7.55	2372
2.71	13.92	3.19	15.14	7.92	2285
2.2	14.51	5.71	12.97	6.37	455
2	13.53	3.62	12.93	6.93	2351
3.31	15.81	5.48	14.78	10.13	1935
2.92	13.89	3.77	14.29	9.11	1778
2.97	13.85	3.38	12.3	7.18	2187
2.6	14.83	2.33	13.85	9.3	2657
2.62	15.22	3.44	14.5	9.62	3056
2.37	17.35	4.05	14.19	8.21	2023
2.43	11.2	2.23	14.09	8.41	1973
2.38	13.58	4.48	12.49	8.83	1473
2.95	15.77	2.95	12.88	10.53	2981
2.66	13.15	3.07	12.94	7.52	1955
3.91	10.93	3.12	16.62	6.77	2407
2.84	11.37	2.91	14.56	5.21	1477
1.97	14.49	3.53	12.27	6.26	3707
1.49	15.49	2.73	9.45	11.13	2085
2.76	15.49	2.94	11.98	13.4	2246
2.05	13.65	2.65	17.06	7.42	1172
1.96	12.63	3.2	12.46	7.38	1124
2.75	15.45	2.89	11.83	9.43	2907
2.46	14.08	4.18	15.79	10.81	1868
3.43	15.87	4.21	12.54	9.3	1021
2.75	15.09	4.77	12.2	10.03	2074
2.6	13.68	3.48	15.99	9.97	2727
3.51	14.55	3.06	13.37	10.16	2708
2.33	13	3.72	11.24	10.24	3222
1.65	17.9	2.34	13.16	10.66	1877
3.11	16.39	3.08	13.14	10.1	4216
3.57	14.08	2.89	14.55	9.53	2770
3.13	15.03	4.33	16.36	9.38	1663
2.4	17.95	3.69	12.1	9.19	4579
3.74	18.23	3.66	15.03	8.28	3527
2.97	15.59	3	12.73	10.64	2829
3	15.22	3.91	13.88	9	2299
3.39	17.52	4.73	13.05	10.51	2683
2.23	16.86	5.03	12.4	7.82	1572
3.32	16.65	3.2	11.71	8.11	2528
2.4	18.12	2.84	10.92	7.75	916
3.83	15.79	3.93	12.57	9.07	1830
2.91	16.58	3.16	13.72	9.13	1960
2.13	15.07	4.45	12.47	9.74	2157
2.27	16.34	5.06	13.1	7.52	1542
2.36	16.76	3.28	11.71	11.71	3227
2.85	20.18	4.47	12.08	9.72	2037
3.81	19.28	3.59	10.89	7.84	918
2.89	12.9	3.74	12.51	6.9	1767
2.43	17.33	3.56	12.25	10.16	1771
2.38	14.52	5.87	13.89	8.17	1260
1.91	12.99	4.39	12.42	7.78	2094
2.14	13.72	4.37	13.32	7.51	2289
4.07	15.2	2.75	11.7	9.28	2112
2.28	14.89	3.88	10.4	9.29	2626
3.01	15.95	3.96	9.68	8.98	1994
3.32	19.12	3.9	9.39	11.74	2589
3.5	16.87	3.42	12.47	9.54	1227
2.68	15.45	3.64	10.1	8.79	1456
3.35	14.95	2.94	12.12	8.68	4355
2.45	18.28	3.72	10.01	9.76	3228
2.58	16.03	3.11	12.03	8.93	5619
2.05	15.87	3	13.07	12.41	3465
2.55	15.09	5.09	11.09	8.36	550
2.5	14.78	2.88	12.26	8.67	3957
2.01	13.39	4.38	13.98	8.06	844
3	15.33	4.17	12.49	9.18	2635
3.19	11.85	4.33	12.75	8.42	2008
2.65	16.32	3.21	11.91	10.14	1587
2.98	14.17	5.63	13.09	8.04	1207
2.97	16.28	4.2	14.83	10.42	1382
3.16	14.67	3.9	14.3	9.26	2182
1.61	13.94	3.96	12.28	9.98	2044
2.59	15.34	3.37	11.55	9.15	3324
2.64	15.34	2.74	18.35	11.46	1858
2.2	16.04	3.89	14.43	9.04	2544
2.32	10.75	2.03	11.81	9	1033
1.72	9.65	2.67	11.65	7.55	1047
1.8	13.68	2.93	12.41	10.15	1330
4.36	17.39	5.28	17.07	11.47	1857
2.74	15.25	2.46	12.97	10.56	3540
2.34	14.82	4.48	12.83	7.81	2611
5.25	14.47	3.32	16.2	9.22	2018
2.9	16.68	1.92	11.52	10.94	3273
2.9	15.07	2.63	17.83	11.19	2243
3.81	12.94	3.49	14.88	9.81	2466
2.35	13.27	3.77	16.95	10.52	1274
4.14	12.72	3.47	15.22	9.63	1038
0.88	11.09	0.29	13.28	11.82	685
3.94	14.11	2.19	17.66	8.47	2055
4.23	13.19	4.02	16.33	10.74	1843
2.59	14.99	2.02	14.12	10.95	347
2.76	12.99	2.68	14.48	10.18	2279
3.43	17.37	3.84	18.59	13.13	495
2.69	15.87	2.91	12.58	7.79	3157
2.96	13.4	4.59	14.45	10.47	2769
3.04	14.14	4.64	15.51	8.66	2759
4.87	13.62	4.03	14.14	10.01	1909
2.81	16.65	1.85	12.67	10.42	5020
4.31	11.79	2.68	13.58	9.27	1230
1.76	13.97	1.83	11.99	10.53	2735
2.76	12.8	2.76	16.54	6.59	1016
2.77	12.34	3.96	14.73	8.9	1337
1.73	11.97	2.12	14.81	9.74	1796
2.77	14.54	2.37	12.44	10.07	1479
2.44	14.99	2.26	13.38	11.72	1681
3.14	17.21	2.79	13.65	11.34	2865
1.61	13.73	3.11	16.38	10.38	867
2.58	13.27	2.88	21.39	10.84	1356
3.79	14.04	1.63	19.01	10.06	1531
2.09	16.8	2.09	14.36	9.67	2006
3.86	15.54	2.55	14.44	10.7	5645
3.23	13.8	2.07	13.76	9.85	2507
2.6	13.77	2.7	12.98	8.47	1888
4.38	13.15	2.7	15.19	9.63	1962
2.94	16.08	3.18	13.61	11.01	2108
1.77	16.28	2.05	12.07	10.57	2875
4.31	15.56	2.18	12.41	8.48	2159
1.65	13.99	2.67	15.84	6.79	486
3	15.14	3.32	9.7	10.89	1598
2.31	14.12	4.58	13.57	9.1	2770
2.92	13.09	2.92	12.82	10.99	1474
3.12	13.9	2.18	17.73	10.66	1698
1.88	11.75	1.06	15.31	10.56	1600
1.5	13.66	1.98	12.69	9.43	2270
2.3	16.53	2.05	15.19	11.83	2831
1.74	12.11	1.28	14.59	10	1090
2.98	13.17	2.51	17.74	9.53	1511
1.69	15.48	1.59	19.94	12.4	1008
1.84	12.43	1.62	14.34	10.24	1416
2.5	15.31	3.64	13.45	9.6	2802
2.52	14.33	3.29	15.77	9.23	2980
3.4	13.06	2.82	17.92	10.54	2059
2.27	17.07	3.24	14.96	9.29	1851
2.36	13.38	4.05	12.3	9.82	3259
3.46	12.95	2.09	14.32	8.13	1243
2.79	16.54	2.99	16.42	8.82	2473
2.55	13.65	2.14	15.27	9.4	3406
3.13	13.49	2.43	18.36	10.19	1727
2.54	13.73	1.76	13.4	10.74	2440
3.54	15.84	3.29	15.71	9.13	1610
1.62	15.61	1.73	14.02	10.56	2832
2.48	14.14	2.16	16.15	11.45	1895
2.4	14.28	2.4	15.58	9.85	2914
2.82	14.22	1.92	17.91	8.47	2870
2.73	16.36	1.41	14.64	9.96	2268
2.36	13.75	3.44	15.63	8.42	1484
1.77	15.03	2.99	13.35	10.27	1071
1.5	15.42	2	15.65	7.57	1796
1.53	17.55	1.6	13.23	11.3	1504
2.92	15.67	1.58	14.46	9.36	1646
1.77	10.6	2.12	14.84	11.31	283
2.17	13.25	2.45	17.7	10.2	2853
3.61	14.51	3.81	16.28	9.59	1523
2.12	12.25	2.6	13.55	12.46	1461
2.29	12.11	1.59	13.25	10.58	3147
1.84	12.47	3.9	12.33	10.04	2230
1.65	16.75	2.2	11.62	9.89	2185
2.7	18.66	1.8	15.49	9.78	2995
2.6	13.22	3.13	13.59	8.97	1884
2.77	14.23	2.32	13.74	10.75	2242
2.21	13.72	2.61	14.17	7.53	2033
2.83	9.04	1.86	17.81	9.18	1449
2.28	11.95	3.07	15.82	9.56	1757
2.97	12.67	2.24	15.97	8.51	1515
2.53	15.03	2.45	12.22	8.04	2488
4.13	14.48	2.1	12.18	9.35	3005
2.13	12.2	2.25	14.45	12.62	1688
1.11	17.52	2.23	10.1	8.02	1347
2.4	17.54	3.59	14.41	11.87	2873
2.27	15.49	3.83	15.53	9.79	2247
2.12	11.74	2.24	13.98	8.55	1695
1.29	13.57	3.79	14.13	9.51	1083
4.02	11.57	2.33	18	8.47	1417
3.66	13.14	1.98	12.76	8.74	1614
2.5	15.43	2.08	13.35	9.5	3557
1.75	13.66	1.8	14.48	10	1830
1.65	11.19	1.85	14.2	12.06	1028
2.35	12.08	2.35	15.19	10.48	2509
1.32	13.24	2.02	11.92	7.85	2281
3.03	14.23	2.27	15.56	9.82	4756
1.94	15.43	1.41	15.04	9.25	3039
2.02	13.91	1.64	13.97	10.52	5198
1.77	14.15	2.64	13.44	8.67	2537
3.4	12.93	3.06	11.72	10.43	2321
3.09	11.92	2.13	13.2	9.26	1879
4.15	15.02	1.66	15.02	11.18	2943
2.69	14.76	2.36	15.01	10.12	5977
2.65	16.25	2.56	13.96	11.85	4498
2.95	15.07	2.87	13.54	10.44	2748
2.35	14.21	3.37	14	9.25	1957
2.98	13.51	2.52	20.22	8.48	1073
1.58	10.57	0.97	16.04	8.63	823
3.2	12.78	2.3	15.13	8.07	1784
1.27	10.93	2.12	12.97	10	1180
2.82	14.78	1.23	14.14	9.91	2199
2.37	13.56	3.37	12.55	12.08	1689
3.21	15.07	4.61	14.37	10.11	2582
3.33	10.81	2.31	15.66	9.38	2165
2.75	12.36	2.97	11.99	8.21	2727
2.84	13.32	3.9	12.37	9.72	2643
1.23	17.28	2.78	10.97	11.55	1221
1.79	13.19	2.79	12.25	11.31	3297
2.07	13.13	1.54	16.2	10.11	1691
2.26	15.25	3.35	12.65	9.95	2301
3.4	13.23	3.03	13.61	10.02	1617
1.22	11.03	2.37	9.74	10.22	1478
1.24	11.12	1.16	10.81	6.64	1295
2.64	14.53	3.27	13.56	10.64	1438
2.7	16.1	2.77	13.04	9.34	3074
1.84	14.27	3.29	12.31	12.45	4135
1.81	16.34	3.42	11.22	8.92	3654
2.83	14.82	4.17	13.83	9.15	2928
2.8	13.84	3.56	12.85	7.21	3425
1.92	15.21	3.71	12.11	8.82	3130
3.62	16.43	3.9	12.29	8.29	2872
3.13	14.74	4.33	12.24	10.94	2999
2.1	15.64	5.16	12.49	9.06	2385
2.73	15.42	3.7	13.87	8.57	2380
1.86	16.38	4.09	12.92	10.63	3010
2.9	17.46	3.43	12.47	10.17	3384
2.55	16.47	3.04	13.23	9.84	4044
3.59	14.97	5.12	12.47	8.87	1837
1.57	15.48	1.37	11.56	9.75	2041
1.75	14.72	1.6	10.98	11.37	1311
2.33	14.97	5.64	12.87	9.65	2145
2	13.55	5.45	13.18	9.64	1100
3.71	12.27	3.86	13.47	10.28	2666
3.06	13.82	4.08	18.18	9.53	1469
3.35	14.34	3.16	12.37	9.95	2182
2.91	12.26	5.22	15.78	6.31	824
2.96	13.45	3.58	13.6	10.07	1926
2.31	12.12	1.54	12.06	10.94	1691
3.34	12.73	3.68	16.07	7.35	1469
1.57	9.76	1.36	12.69	10.18	2357
2.92	13.58	1.34	15.15	10.02	1267
2.65	15.73	3.35	11.56	13.84	3165
3.05	17.03	1.91	16.77	7.62	787
2.42	10.95	1.83	14.69	9.89	2356
2.56	14.65	2.56	12.53	11.12	1133
2.08	11.42	1.92	13.84	8.67	3274
2.1	15.56	3	12.15	8.36	1902
2.32	16.56	1.89	9.94	11.51	3231
3.1	13.28	2.48	14.21	12.47	2582
2.71	13.57	2.26	11.86	11.64	5344
2.79	13.34	1.41	14.06	10.18	3478
3.16	14.77	1.89	12.28	12.17	4339
2.78	13.55	1.68	15.12	11.2	3519
2.98	11.98	1.57	11.35	10.56	1912
3.45	15.75	1.52	10.1	12.15	2692
3.54	14.23	1.97	14.75	12.83	3499
3.17	13.05	3.11	10.74	9.24	1862
3.28	12.22	3.44	12.88	11.24	3052
2.33	11.84	1.81	12.78	8.15	2872
3.41	13.82	2.01	15.09	9.93	2287
3.44	13	1.91	16.73	7.65	1046
1.77	13.27	1.61	10.88	11.8	5019
2.78	14.59	1.83	9.88	11.53	2845
2.2	13.21	2.82	10.83	13.03	3905
1.52	14.69	2.87	11.31	8.61	1777
1.86	14.19	3.26	14.08	10.64	3770
2.61	14.98	2.84	13.76	13.34	3524
2.86	15.96	3.24	16.01	10.43	2099
2.38	11.24	2.38	16.89	11.18	1557
1.93	13.77	2.99	11.41	12.73	5555
1.36	15.08	3.32	15.41	9.73	2713
1.87	10.67	1.46	17.64	8.64	1922
2.34	13.27	1.21	14.15	9.54	2389
1.66	15.11	3.15	12.55	8.06	2892
2.18	13.7	2.33	14.39	10.47	3906
2.8	15.66	3.47	13.03	11.17	3607
1.81	11.81	3.14	11.47	11.44	3252
3.62	12.21	5.02	14.1	9.14	1794
2.66	16.93	3.64	14.12	8.73	1317
2.43	12.57	2.83	13.88	10.59	1520
3.71	15.3	2.48	15.73	10.58	2504
3.12	16.31	3.12	12.55	8.47	1251
2.37	15.82	2.65	10.16	10.91	2529
2.61	15.37	4.19	11.31	9.24	2219
2.86	12.5	3.97	13.01	10.75	2168
1.74	13.58	3.56	11.75	7.95	1208
2.28	13.75	2.69	11.51	9.44	2415
2.28	13.96	3.12	13.96	9.59	2722
2.4	14.1	3.72	11.12	9.88	2419
2.87	14.09	7.16	13.19	11.04	1675
2.14	12.63	3.9	12.72	11.61	1077
2.18	14.61	2.91	14.07	10.38	2573
2.93	13.91	2.45	14.69	10.57	1675
2.6	13.42	6.49	15.15	7.79	231
1.41	12.45	3.14	14.23	9.79	1848
2.8	12.48	2.37	15.59	8.16	2572
2.09	12.34	4.62	14	7.2	2293
1.75	14.55	3.95	13.39	12.29	1546
2.19	14.05	3.94	13.26	11.32	2791
3.28	12.91	2.3	14.28	8.97	1828
2.76	12.57	3.72	13.59	12.48	2068
2.46	13.7	4.28	11.94	10.87	1868
2.8	13.65	3.32	11.64	9.23	1538
3.21	15.12	3.63	11.63	10.84	2150
4.83	12.11	2.26	10.99	12.01	974
2.5	13.91	4.25	10.54	11.53	1718
1.79	12.62	3.53	11.68	10.74	2123
2.11	13.58	5.79	12.13	9.85	1797
2.86	13.09	3.71	13	11.04	2346
4.05	12.89	2.78	13.83	9.65	3305
3.55	15.57	3.99	13.19	11.34	2479
2.26	14.05	4.85	15.43	9.92	1815
2.88	13.17	4.53	11.93	13.91	1215
3.94	14.48	2.11	14.02	10.63	1091
3.38	13.32	3.07	14.92	9.39	1629
2.72	14.57	3.92	13.65	10.57	2498
2.96	12.82	3.12	14.13	9.12	1217
1.59	14.65	2.57	14.12	8.84	1324
3.04	12.8	4.64	16.31	10.78	1938
2.92	14.08	3.87	13.93	9.34	1371
2.79	13.76	4.09	12.16	9.78	1933
2.31	11.83	4.46	11.42	8.71	1952
2.51	12.9	4.2	13.91	11.95	2193
2.7	15.37	2.95	15.59	9.45	3970
2.66	12.27	4.09	13.26	8.87	2029
3.26	14.39	3.22	13.57	10.89	2543
2.81	15.38	3.35	16.21	11.08	2419
3.32	12.73	3.47	15.29	13.08	1988
3.83	14.67	4.3	14.44	11.79	1697
3.07	12.75	4.27	13.08	11.28	1827
2.82	13.86	3.56	10.88	10.42	2554
3.38	11.61	2.78	12.9	9.87	2807
2.4	12.42	3.22	15.8	9.53	3044
2.41	13.65	5.64	12.92	13.65	2198
2.93	14.18	3.55	12.1	10.39	2454
1.81	14.17	4.12	13.52	9.04	1383
2.53	14.12	4	13.79	11.06	1501
2.41	14.36	4.2	13.23	11.2	2117
3.28	13.54	4	16	11.69	975
2.88	12.87	3.81	11.43	10.5	1391
2.49	11.5	3.29	12.15	7.99	2766
2.37	12.85	3.8	11.72	10.08	1945
2.87	10.94	3.6	11.41	9.81	1499
1.68	13.18	2.39	12.95	8.49	3391
2.18	13.33	3.56	12.19	10.06	2108
2.14	13.59	2.87	13.94	9.04	2612
2.7	14.3	3.19	11.03	9.93	2448
2.47	14.59	4.66	9.66	11.33	1501
2.19	17.41	2.28	9.8	11.89	1051
2.65	13.57	2.65	10.24	10.39	1319
2.96	15.21	4.44	10.56	14.47	947
1.51	14.95	3.02	10.29	12.07	729
1.32	11.51	1.66	12.82	7.84	1747
0.78	15.37	1.65	11.58	9.82	1028
2.18	17.13	3.62	12.98	14.79	1880
2.3	15.42	2.17	17.59	10.37	1524
3.91	14.79	2.05	13.58	10.79	1075
2.85	16.99	2.75	13.91	9.01	2143
3.25	15.47	2.89	11.57	8.03	1383
3.14	14.09	2.8	13.36	8.38	5642
3.25	15.31	3.16	12.97	9.76	2090
2.76	15.77	2.99	12.56	8.41	4744
3.65	14.97	2.31	14.28	8.47	3340
2.26	13.03	2.36	13.01	8.39	4029
2.76	15.64	1.72	17.26	8.65	1918
3.87	19.13	1.59	17.31	7.06	439
3.28	14.98	3.31	18.65	8.07	3297
2.53	15.78	2.11	12.4	9.93	4734
2.27	12.57	1.75	15.06	7.97	1368
2.65	15.5	2.01	16.45	10.6	4225
3	15.51	3.26	17.9	9.6	4938
2.98	15.08	2.87	13.89	8.29	2786
2.93	12.86	2.79	13.43	8.51	4268
2.23	15.36	2.44	16.54	12.16	2376
2.44	15.31	3.07	13.5	11.89	2540
2.26	14.8	3.14	11.78	8.31	3540
1.79	15.94	2.49	10.57	11.47	3131
3.16	15.24	2.97	10.96	8.92	2691
3.49	16.41	2.12	14.15	10.17	3815
2.81	13.27	3.97	14.72	9.93	2065
3.71	14.23	2.12	13.14	8.75	2024
2.51	15.53	2.56	16.16	9.69	2228
2.07	11.68	2.36	17.55	9.36	2371
2.75	13.88	4.07	15.14	10.17	1671
2.39	15.75	2.59	12.26	11.17	1003
1.85	12.43	2.89	14.88	8.73	2977
2.7	10.94	4.8	15.74	8.55	667
2.13	13.1	3.64	12.96	7.75	1458
3.33	15.51	2.09	13.08	10.76	2676
3.41	11.92	2.08	13.21	9.55	2021
2.14	14.08	2.71	12.73	10.27	4353
1.29	12.36	1.67	15.7	9.14	777
3.43	13.74	1.73	12.85	8.63	3581
2.93	12.55	2.69	13.9	7.79	2079
3.62	13.46	3.25	14.94	8.58	1352
2.65	13.91	2.25	15.7	10.63	3020
1.83	15.71	2.44	15.01	8.26	3112
2.14	12.29	3.05	13.16	10.5	2295
2.24	13.36	2.18	14.23	7.01	2896
2.59	12.06	3.23	13.47	9.69	2354
1.83	13.67	2.84	14.05	10.71	1587
2.36	15.18	3.37	12.42	8.43	1482
2.87	13.8	4.59	14.13	10.93	3312
3.3	14.04	2.81	14.29	9.04	819
3.55	15.81	3.55	16.02	8.49	930
2.25	17.52	2.81	13.43	7.25	1958
2.08	13.68	1.98	13.63	8.82	1871
2.13	17.18	2	14.67	9.1	2351
1.84	15.22	2.99	10.45	10.24	1905
1.79	15.1	3.27	15.33	9.97	1344
2.38	15.64	3.15	10.4	9.46	2442
2.44	19.21	3.38	13.52	11.26	1598
2.76	17.58	3.23	10.44	8.75	1485
1.86	15.83	2.44	11.99	9.43	1718
2.61	14.9	2.49	11.87	10.12	2410
1.58	14.93	1.83	12.67	8.95	1587
2.73	14.23	1.97	14.82	8.54	3043
2.01	15.52	1.58	13.51	10.7	1392
2.4	17.64	3.41	12.22	11.89	1497
1.79	13.66	3.21	13.13	9.2	1120
1.63	13.52	2.34	12.86	11.08	1968
2.93	12.13	2.93	12.13	7.99	989
2.53	16.83	4.42	15.74	7.5	3120
1.67	13.26	1.61	14.67	10.45	1493
2.57	12.86	2.75	13.13	9.55	1089
1.81	12.78	2.15	12.78	9.76	3483
2.57	13.66	4.93	12.32	7.91	974
2.33	15.11	3.5	11.24	9.92	1886
2.67	16.16	5.34	16.41	8.27	1572
1.99	10.96	1.79	12.65	8.07	1004
1.86	11.07	2.3	13.11	7.26	1129
3.16	11.9	3.67	13.23	7.98	3295
3.24	12.16	2.91	12.24	9.21	2713
3.35	13.76	3.13	12.51	9.13	3133
2.65	13.43	4.63	14.56	8.45	2226
2.44	17.42	2.78	12.98	10.1	2990
3.05	14.01	2.7	13.06	7.93	3669
2.37	15.21	3.12	11.19	9.8	2662
2.87	13.26	3.48	13.31	9.12	2127
2.87	11.79	4.43	13.88	9.12	1535
2.48	15.97	2.74	10.84	9.99	3062
2.3	13.23	2.83	13.7	7.99	3393
2.65	14.64	3.07	12.59	9.54	5013
2.48	14.56	3.04	14.65	9.59	3222
3.13	11.14	4.17	14.43	7.19	1822
3.09	16.98	3.54	12.72	9.47	2461
3.43	16.19	3.14	12	10.71	4368
3.14	15.32	4.7	12.1	9.68	2768
1.85	12.82	4.56	12.96	8.26	702
3.12	15.99	2.99	14.22	8.8	3046
3.5	14.9	2.78	13.79	9.28	3772
3.74	14.62	2.95	13.8	8.61	3427
3.38	10.97	3.15	12.31	7.76	1714
2.87	14.61	3.38	12.03	9.76	3134
2.52	14.12	3.3	11.6	9.5	2422
1.66	16.41	2.4	11.57	12.99	2834
2.2	14.83	2.75	10.76	10.34	2185
3.04	14.81	3.58	13.24	10.74	1843
3.73	10.49	4.66	17.02	10.26	429
2.5	13.23	7.84	12.3	10.27	1723
2.22	15.01	5.24	12.88	9.5	1126
3.52	13.06	3.96	13.13	8.14	1363
3.34	10.78	4.4	12.86	9.31	2932
2.05	15.23	1.97	10.01	12.23	1169
1.8	15.46	4.38	14.89	6.54	1941
2.76	14.6	3.49	11.84	9.56	1664
2.48	15.98	4.5	13.62	8.33	3422
2	15.85	5.1	13.36	10.59	1804
2.99	14.42	4.43	16.55	8.65	1873
2.33	12.68	1.9	11.21	10.78	946
1.62	12.39	5.21	12.48	8.12	1170
3.22	16.05	3.22	12.52	10	2580
1.97	12.77	4.06	12.53	8.83	2537
2.8	13.31	4.44	14.43	6.83	1961
2.86	15.6	4.47	14.14	10.66	2730
3.17	15.94	5.48	12	9.17	1167
1.99	15.91	4.64	17.72	10.07	1659
3.22	17.04	4.52	10.81	10.34	1461
1.16	16.15	2.31	12.63	8.75	2161
1.8	15.45	4.94	11.06	8.31	1275
2	15.61	7.53	11.89	10.25	1102
2.81	16.09	2.95	14.57	8.34	2169
2.37	14.33	2.88	11.71	7.65	2365
2.02	16.84	3.72	15.3	9.47	1235
2.29	12.32	5.9	14.68	8.41	1356
1.63	11.8	2.37	14.04	8.75	1474
1.61	14.85	3.47	14.59	9.11	1987
2.28	17.38	3.66	14.59	8.73	3988
3.06	14.19	3.54	12.13	10.99	2911
2.51	16.71	4.08	14.38	9.92	1592
2.96	15.58	5.42	14.82	9.55	2638
3.07	14.52	1.74	14.02	12.19	2411
4.26	16.3	3.07	18.07	10.3	3448
1.93	13.21	3.63	13.92	12.59	2120
3.55	14.83	2.31	13.48	11	1773
3.22	15.41	3.02	14.55	10.42	2083
2.25	13.38	3.31	13.1	11.97	1420
2.59	13.07	3.02	14.96	9.27	3970
2.48	14.33	6.3	11.46	9.46	1047
2.67	15.95	2.82	15.95	8.2	1987
3.37	14.21	2.63	13.37	10.28	3948
3.29	13.05	3.29	11.63	9.36	1977
2.14	13.13	1.92	15.96	10.41	1873
3.2	14.81	3.51	14.91	9.86	1938
2.29	16.54	3.97	13.75	12.02	1614
2.09	12.67	2.27	13.24	9.78	2771
2.25	13.55	3.85	11.81	10.88	3115
2.6	17.34	3.49	15.73	11.04	1920
2.82	12.43	3.48	16.76	10.83	1062
2.34	16.44	2.53	13.98	11.44	2604
2.91	14.91	2.7	12.78	11.15	1408
2.2	14.61	4.22	13.63	8.82	2369
4.36	15.81	2.47	18.7	11.32	2385
2.83	11.52	2.22	14.75	4.24	495
2.28	13.92	4.36	12.54	11.6	2018
2.23	12.63	7.01	15.56	7.63	1298
3.28	12.21	4.35	12.57	7.27	1679
2.04	13.75	4.69	12.2	7.4	1811
3	13.59	3.96	12.95	7.59	1567
2.87	12.85	1.89	14.69	8.24	1954
3.1	14.52	4.54	13.26	9.93	1742
2.68	15.57	2.6	13.54	8.43	1233
2.06	12.06	5.66	16.91	8.09	1360
3.13	15.92	4.66	14.39	9.14	1181
2.35	11.59	4.84	12.99	9.24	1363
2.83	13.26	2.54	12.34	9.23	1734
3.37	10.97	6	15.56	7.5	1067
2.18	10.88	3.99	11	10.88	827
3.08	13.24	3.83	12.16	8.66	1201
2.84	13.08	5.25	14.17	9.22	2745
2.91	16.03	3.61	14.24	10.09	6321
1.73	12.93	3	11.4	9.87	1965
5.02	15.22	3.18	14.44	8.78	1413
1.61	14.41	2.64	12	12	1742
2.52	16.21	2.36	12.43	9.83	1271
2.68	13.7	3.15	14.88	11.65	1270
2.22	18.56	2.28	20.43	7.28	3201
2.19	14.52	3.73	15.45	10.08	2142
2.22	12.88	4.17	12.67	9.4	1894
2.71	13.9	2.06	19.77	8.58	1993
2.61	12.01	3.96	14.42	8.69	1415
1.83	13.09	4.16	14.36	9.13	1971
3.38	11.74	2.9	13.47	8.14	2309
3.5	9.22	2.44	20.55	6.04	944
2.12	13.73	2.63	12.86	9.57	1369
2.79	13.15	3.45	16.39	8.9	2258
2.41	13.53	2.71	14.44	8.57	665
4.22	13.55	3.24	16.94	10.17	1328
2.62	14.67	2.92	14.49	7.27	1677
3.24	15.01	2.86	17.11	7.63	1572
1.54	12.55	3.37	16.2	9.89	1426
3.14	15.92	5.45	15.08	8.8	955
2.32	12.89	2.97	13.08	9.93	1078
2.91	11.84	4.83	14.42	7.28	1512
1.03	10.92	3.83	12.98	9.24	1071
1.73	11.58	3.6	14.25	10.12	751
2.21	14.21	5.21	16.48	11.33	1766
1.55	12.25	3.56	12.61	6.67	1094
2.97	14.01	3.96	12.28	8.33	1213
2.18	12.75	4.35	14.46	7	1286
2.97	13.67	5.09	16.21	7.22	1178
4.79	13.54	5.2	13.68	9.3	731
3.62	13.31	3.79	14.74	6.49	1187
1.8	13.6	2.83	12.57	11.15	1838
3.07	13.76	2.44	14.16	9.95	1759
2.7	12.56	3.52	14.26	11.4	1816
1.64	10.97	4.32	14.77	8.38	1158
2.55	12.69	3.51	14.6	8.67	1568
2.59	12.08	4.39	17.56	7.68	1002
1.66	12.75	3.62	14.94	8.91	1325
2.16	12.94	3.47	15.49	7.7	1298
1.82	10.85	2.93	12.51	8.63	1263
2.1	12.29	2.55	14.06	12.18	903
2.23	12.5	3.39	13.57	9.02	1120
2.71	12.85	4.44	12.75	9.66	1035
3.12	12.95	4.48	15.19	8.57	1027
3.38	13.53	2.32	16.59	10.02	1597
1.54	11.81	4.12	14.78	8.3	1820
2.51	12.07	3.68	16.3	6.66	1276
3.64	12.82	4.72	13.21	7.84	2308
3.02	13.19	3.23	15.59	7.55	1456
1.96	13.56	4.21	13.28	8.51	1069
3.25	12.48	3.48	13.92	9.3	1322
2.51	15.59	3.58	12.88	11.57	1591
2.43	11.25	3.75	18.24	8.82	1360
3.35	14.79	2.68	12.54	9.56	1643
2.57	14.81	3.85	14.22	9.18	1013
2.01	13.07	2.62	11.15	11.76	2440
1.92	15.62	3.38	11.77	10.81	2395
2.98	14.55	2.13	14.1	9.77	2446
3.15	13.38	3.36	11.83	10.36	1428
3.2	15.83	3.2	14.59	10.16	1624
2.1	15.17	3.22	15.89	9.32	1523
2.69	15.28	4.87	13.94	10.24	1191
2.45	14.92	2.82	15.52	8.02	1347
2.78	14.55	3.72	14.23	9.23	2123
2.61	15.59	3.83	11.82	10.73	3028
2.59	17.27	4.84	13.44	9.67	1778
2.08	14.05	5.71	12.84	9.34	1488
1.86	13.83	4.46	11.23	13.18	1077
2.83	14.38	3.52	10.56	7.73	2330
1.66	14.52	4.69	11.24	11.59	1984
2.44	14.9	4.09	10.56	10.28	4545
2.44	15.43	2.99	11.77	9.83	4181
3.26	14.67	2.88	13.06	9.99	2672
2.64	13.1	2.13	13.56	7.93	1740
2.11	14.88	3.1	13.52	9.74	1324
2.75	14.29	1.89	12.94	10.46	1855
3.94	16.33	2.82	17.4	9.74	1776
1.69	13.37	2.92	12.1	12.01	2364
1.67	14.97	3.72	11.96	11.07	4383
2.6	13.33	3.21	14.21	6.8	1808
4.23	14.41	2.98	10.87	11.56	3053
2.24	13.89	5.59	14.42	10.01	1699
4.33	13.35	2.46	12.32	11.06	2840
3.65	13.56	2.87	14.21	8.87	767
3.61	15.67	3.5	10.76	9.56	1914
3.04	13.42	2.26	12.87	9.69	2168
2.59	15.44	3.01	12.98	11.11	2358
2.42	13.96	2.36	12.97	9.68	1612
4.81	13.8	2.57	13.48	10.65	1558
3.1	13.37	3.46	12.64	10.45	1646
3.84	14.58	3.99	13.76	11.36	1955
3.32	13.68	2.64	13.82	9.95	2200
3.55	13.51	2.56	13.77	9.96	1917
3.24	13.58	2.91	13.82	10.25	2098
2.71	17.14	3.29	9.71	11.04	1884
2.58	17	4.14	10.94	9.79	2441
2.43	12.26	4.15	11.42	9.46	2961
2.3	15.03	3.84	10.51	9.84	4217
2.34	14.28	3.29	12.87	11.17	3893
1.55	11.92	3.1	10.42	8.77	1871
3.74	12.6	3.82	14.43	11.53	1310
1.93	15.68	3.77	11.87	9.89	3419
2.93	13.32	3.87	13.2	7.57	1704
2.12	14.14	3.45	14.97	10.1	2405
2.33	13.6	2.63	15.09	8.09	2015
2.46	15.25	2.01	13.69	11.56	1790
2.17	16.2	3.26	12.85	9.31	2117
2.27	16.79	2.97	11.73	10.68	2864
2.86	17.07	1.99	10.52	8.89	2870
1.36	15.33	2.6	12.39	10.88	4045
2.72	12.5	5.5	11.98	6.66	1728
2.02	13.43	2.02	13.47	11.6	2673
3.49	11.85	4	14.06	9.32	2177
2.22	13.43	2.75	10.73	9.66	3821
2.02	13.54	2.51	13.58	12.1	2629
2.27	14.34	2.69	12.56	12.63	2866
1.68	13.35	1.97	12.85	13	3454
2.47	12.45	2.32	13.66	11.41	4620
2.01	13.55	2.88	11.54	12.31	2990
1.85	12.78	2.04	13.97	11.61	4109
2.6	12	2.73	14.29	14.21	2309
2.17	14.74	3.5	14.37	8.03	1058
2.21	12.74	3.3	15.97	12.04	2849
5.56	15.31	4.47	14.09	14.91	738
3.08	15.92	3.27	13.02	11.02	2205
2.7	14.58	3.3	14.47	12.93	1817
2.13	12	4.22	13.97	10.04	2491
2.55	12.85	4	13.88	11.63	2623
3.42	16.66	3.53	14.67	10.09	1813
2.17	13.53	3.09	16.62	10.94	1197
2.9	10.77	2.9	13.03	10.5	1105
3.16	14.93	4.2	14.77	12.6	1929
1.92	13.23	3.17	15.19	9.98	2495
3.38	13.59	4.23	14.77	9.68	2458
2.57	14.55	3.17	12.89	12.86	3663
2.52	11.07	4.53	11.82	11.89	1590
2.5	13.57	3.36	13.03	12.78	2801
2.35	12.65	2.97	14.13	11.03	2293
2.61	13.59	2.32	14.64	12.28	4179
2.91	16.42	2.72	14.07	12.48	2132
1.43	14.58	2.53	14.71	11.47	2929
3.13	16.41	3.59	13.67	11.59	2839
2.92	12.63	3.71	13.25	8.46	3049
2.9	14.37	3.32	14.48	10.78	2652
2.95	14.21	3.06	15.06	10.6	4209
2.86	14.63	4.08	11.68	11.24	2304
3.99	17.87	3.8	11.81	11.08	3133
3.55	15.18	3.89	14.84	10.54	2648
2.73	14.19	3.46	13	10.62	2862
2.97	15.38	2.34	12.84	11.28	3465
1.92	14.07	4.38	9.99	10.38	1301
1.05	14.37	3.66	13.06	11.69	1531
3.94	14.1	4.18	11.59	7.65	837
3.04	14.24	4.14	11.31	9.33	1812
3.27	12.6	5.13	10.58	7.15	643
2.8	14.01	3.41	12.3	7.06	821
1.66	13.69	2.35	10.17	8.41	1023
2.29	13.55	4.22	10.97	9.56	1705
2.12	12.75	3.44	13.76	9.81	1977
3.43	16.1	4.76	12.95	8.33	1429
3.24	15.84	4	11.76	7.84	1326
2.87	15.47	3.04	14.99	9.39	3548
3.06	14.12	2.35	11.73	11.73	4810
3.07	16.75	2.89	11.74	12.09	4012
2.43	14.41	2.7	13.28	10.69	1853
1.65	13.98	1.88	11.57	10.11	5220
3.08	17.98	2.6	10.53	12.43	3275
2.93	15.77	3.24	11	12.41	3208
2.2	15.04	2.87	14.85	11.49	1044
3.02	14.22	1.96	12.39	10.66	3010
2.51	14.11	4.88	15.13	9.02	1474
1.43	15.47	3.08	10.7	11.72	2663
2.36	14.5	5.45	13.5	8.58	2586
2.67	14.74	3.97	10.56	9.3	2925
3.96	14.36	3.56	11.82	8.71	3030
2.46	14.6	4.06	11.54	9.59	3693
2.61	15.2	3.4	11.86	9.41	3145
2.48	16.53	3.43	11.33	9.81	5482
2.27	13.83	3.73	11.45	9	2733
2.8	13.91	3.08	13.75	9.58	3861
2.97	14.27	3.83	13.55	10.61	3469
2.9	14.29	4.16	13.5	7.73	3171
2.82	16.11	3.96	11.24	8.15	2197
3.3	15.06	2.88	14.05	8.15	2882
3.04	16.74	3.46	12.28	11.14	4535
2.64	14.54	3.32	10.63	12.81	1327
2.15	15.34	3.55	12.67	12.17	789
3.62	12.87	5.08	11.75	10.5	1438
2.97	15.74	3.37	11.19	14.85	1010
4.19	13.74	4.46	9.46	12.49	1121
1.57	16.63	4.5	12.72	13.5	511
1.75	19.03	2.79	11.54	12.18	1256
3.18	15.25	3.47	10.66	14.59	2420
3.28	15.75	2.99	11.48	12.19	1403
3.26	14.04	2.96	11.83	11.13	2300
2.71	13.43	2.06	11.92	12.19	1846
2.27	10.16	3.71	10.69	9.4	1319
2.25	12.26	2.3	12.46	9.76	1998
1.84	16.21	2.74	9.89	10.9	1789
2.65	15.33	1.87	10.25	8.16	907
2.07	12.71	2.79	10.35	8.62	2077
2.2	14.64	3.08	11.33	11.46	3088
1.72	12.69	1.94	13.33	4.95	465
4.16	12.36	3.26	10.9	11.69	890
3.24	14.9	2.67	15.95	8.58	1235
3.66	14.93	3.03	12.59	10.57	3329
2.41	13.15	3.41	11.75	10.14	996
3.04	16.58	5.4	13.74	11.68	1019
2.4	14.81	2.64	13.46	11.86	1627
1.96	14.26	3.17	14.46	12.95	1985
2.77	13.57	3.44	14.45	10.67	1481
1.2	13.71	1.48	13.52	11.58	2167
1.7	13.88	3.19	14.24	7.44	1412
1.45	14.8	2.91	13.03	9.95	2271
1.66	12.07	1.52	13.82	10.18	2170
2.14	12.65	2.79	15.11	11.62	2151
3.94	11.64	2.83	16.01	10.62	1168
2.96	13.89	2.21	17.08	10.63	1721
2.78	13.17	3.65	13.17	12.49	2194
3.68	18.09	3.14	14.3	10.94	923
1.7	13.5	1.6	15.3	9.8	2000
1.54	11.57	2.81	15.64	12.48	1426
2.01	15.11	2.34	13.23	11.8	2389
2.5	12.5	2.5	15	13.93	1120
3.53	11.34	3.02	16.17	12.09	1985
1.62	10	2.73	16.61	10	2709
2.33	15.58	2.99	15.88	12.58	1971
2.81	13.05	3.94	13.82	13	1954
2.08	12.49	2.63	15.94	10.37	2353
1.97	14.45	3.71	14.37	10.29	1322
1.81	12.65	2.07	14.78	10.69	1881
1.54	14.26	2.84	14.14	11.11	1620
3.49	12.45	2.64	14.91	8.96	1060
2.25	11.62	3.02	14.95	9.3	1291
3.47	8.67	5.01	15.99	8.29	519
2.8	13.72	3.74	12.28	11.14	1392
2.79	14.5	4.46	19.33	10.97	538
3.91	13.42	4.79	16.39	9.24	1483
4.86	12	3.67	14.77	10.77	2451
2.93	13.97	3.73	15.5	11.58	1503
1.79	13.64	4.38	16.4	12.01	616
3.01	16.44	2.45	15.61	11.2	1794
3.91	17.12	3.17	12.99	10.85	1355
2.21	15.1	3.38	10.91	10.8	5556
2.52	15.91	4.83	14.2	7.65	993
4.35	11.92	2.9	16.17	7.77	965
3.24	12.72	6.23	15.21	6.32	1203
3.4	12.99	3.8	13.39	9.09	1001
2.42	13.35	2.95	13.8	10.61	2442
2.61	12.37	2.61	14.11	9.76	1148
2.13	13.15	2.43	12.84	9.5	1316
2.06	12	2.28	12.28	9.78	1800
4.28	11.99	2.64	15.91	10.3	2194
2.68	13.81	3.34	12.76	10.27	2093
2.41	13.68	3.07	16.74	8.2	1989
2.62	12.13	3.08	11.72	10.31	2629
4.01	12.31	2.36	14.65	10.36	4410
0.87	13.35	3.97	11.9	10.93	1034
2.72	14.69	4.66	14.39	10.04	1654
1.32	14.91	1.83	9.87	10.99	1965
3.2	14.78	2.83	13.67	10.47	1624
3.12	15.59	3.22	15.06	9.04	2855
2.96	13.83	4.43	20.09	8.17	1150
3.51	13.59	3.51	15.99	10.08	1707
2.76	16.56	2.96	15.07	10.73	1957
3.67	13.55	2.72	12.4	10.46	4007
3.05	13.99	2.62	14.88	10.37	3017
2.9	14.15	2.4	12.88	10.26	4170
3.68	14.07	2.89	14.98	9.38	4052
2.64	13.96	2.67	12.44	10.17	2959
3.62	13.16	3.36	14.05	8.83	3510
3.81	13.85	2.6	14.04	12.24	5041
4.15	13.61	4.37	11.28	10.56	2359
4.27	12.7	2.54	12.05	9.11	3701
3.1	13.96	2.95	12.98	9.26	1934
2.77	13.8	3.3	14.29	9.2	2457
2.8	13.07	2.75	13.91	9.2	2142
4.1	13.7	2.46	12.87	10.4	3124
2.99	15.35	4.44	11.96	7.43	2006
4.26	13.65	3.03	11.72	10.36	2278
3.14	13.26	4.36	13.82	8.48	2135
2.67	13.91	3.17	15.64	8.81	2020
2.71	12.49	2.82	13.22	6.44	1770
4.55	13.6	4.81	16.03	8.02	2308
2.83	14.98	3.28	12.48	9.56	2436
3.14	17.68	2.92	11.33	8.48	1403
2.63	12.65	3.85	13.56	8.49	1637
1.85	12.31	3.32	13.01	9.12	1568
2.43	14.28	3.67	12.76	8.59	4356
1.41	13.13	3.43	13.13	10.17	1485
2.72	14.81	2.97	11.71	11.96	1580
3.15	14.02	3.9	13.31	9.41	2540
4.13	17.11	2.43	12.49	9.51	3658
3.14	15.28	2.64	12.64	8.16	2768
2.48	16.36	2.1	10.57	9.17	1571
2.07	13.21	2.29	12.53	8.04	2226
3.38	14.61	2.75	12.59	9.14	2724
2.61	14.83	4.96	12.29	8.08	1571
2.89	14.76	2.98	11.1	11.78	3422
2.99	16.47	3.94	12.03	8.63	4846
3.21	16.13	3.28	9.05	11.67	1525
3.15	17.05	4.22	16.82	7.3	1302
1.74	14.73	2.96	11.13	9.65	1555
1.35	15.56	2.51	10.54	10.91	1632
2.78	12.54	5.61	11.91	10.39	1906
2.88	14.95	2.67	15.04	7.67	2361
1.81	15.2	0.98	10.53	10.04	2869
2.76	13.7	3.57	12.74	9.6	2605
3.2	15.58	4.21	13.98	9.64	2375
4.56	16.35	2.84	13.3	8.7	2783
3.28	17.37	3.76	15.53	9.45	1249
3.4	15.18	1.97	11.78	11.71	1469
3.84	14.27	3.37	11.92	9.65	1275
2.63	14.19	3.37	14.34	12.07	1367
3.99	14.86	2.31	13.9	10.13	3633
2.36	15.19	2.9	11.49	12.02	1863
2.71	12.96	2.71	12.49	8.83	2547
1.56	13.35	4.12	10.85	7.3	1603
2.44	13.2	3.23	12.91	7.39	1394
2.07	14.39	2.58	13.28	9.6	1980
2.81	16.96	3.03	11.7	9.5	2736
3.24	15.25	5.3	13.61	9.1	2131
3.66	13.03	4.76	15.59	7.66	1450
3.22	15.71	2.58	13.56	9.01	2330
3.23	15.37	3.83	16.02	9.55	2010
4.46	14.83	2.89	15.82	8.17	2939
3.84	14.38	3.3	15.42	9.22	2212
1.78	17.16	3.72	13.83	9.49	1801
3.34	15.41	2.61	17.06	9.34	2603
3.85	15.4	3.77	17.89	7.58	2415
3.38	16.08	3.05	13.4	10.02	1866
2.83	14.61	3.54	13.83	9.29	3217
4.16	13.1	3.86	14.79	9.41	1657
3.58	12.8	2.77	13.96	9.52	1734
3.53	12.38	4	15.57	6.3	2351
4.54	13.32	2.42	13.56	8.13	3259
3.96	15.98	4.01	14.51	9.21	2171
2.57	14.95	3.77	13.4	9.27	2254
2.44	15.17	3.21	14.8	10.55	2710
3.58	14.04	2.54	13.57	9.05	4408
3.9	15.66	4.33	13.95	11.09	1641
3.89	16.55	3.63	14.06	8.05	4162
3.56	12.59	4.2	14.44	9.96	1406
3.39	14.71	3.13	14.33	9.27	2686
3.81	16.78	3.53	14.57	8.87	2491
3.48	15.75	2.81	17.26	8.63	1924
4.28	12.89	3.09	15.81	9.91	1847
2.46	17.57	4.12	15.11	10.88	1747
3.5	15.16	3.35	17.56	9.62	1913
3.57	16.1	2.74	14.63	10.16	3473
1.85	18.56	4.2	12.26	11.59	1191
3.75	13.57	6.46	18.99	9.9	1253
3.62	15.22	3.43	15.8	10.1	2595
2.51	15.36	2.93	15.46	10.2	2148
4.61	13.3	3.42	15.54	8.36	1519
2.62	14.97	4.78	13.61	9.33	3013
2.82	15.14	4.17	14.18	10.14	3019
3.61	13.91	3.94	15.07	8.66	3350
4.41	16.95	3.01	15.65	7.82	2991
3.64	16.21	3.22	15.12	10.26	2388
2.8	13.26	3.77	12.97	9.6	1750
3.13	14.99	2.7	13.72	9.55	2776
3.56	14.49	3.84	16.11	9.86	2160
3.32	13.36	3.92	12.21	8.34	2170
3.5	13.49	3.98	12.17	8.66	2112
3.51	13.41	4.34	16.53	6.96	1797
3.79	15.4	4.95	13.55	8.1	2767
3.01	14.05	2.22	14.77	8.21	2654
2.78	13.63	4.94	15.37	8.28	1438
2.44	19.55	4.26	11.76	11.02	1760
3.32	14.6	5.09	17.98	9.24	1808
2.32	14.96	4.8	17.44	9.09	2540
2.81	12.37	3.45	17.04	8.39	1884
3.3	14.15	4.2	13.98	8.58	1760
3.91	13.77	3.96	14.03	7.67	1917
4.15	16.27	4.3	16.48	7.25	1420
2.64	14.87	3.01	14.62	9.76	2428
2.61	18.41	4.27	16.98	10.09	3557
3.22	12.51	2.67	13.9	6.45	1799
1.12	11.95	2.8	13.13	11.51	1607
2.66	15.63	3.85	11.64	9.07	2182
3.14	12	4.7	12	9.05	1658
2.32	13.95	4.22	14.88	8.02	2157
2.62	14.72	2.91	11.23	8.55	1719
2.58	13.31	3.18	11.15	6.47	1668
2.76	12.96	5.24	11.76	6.34	1088
1.79	13.72	4.78	11.2	8.52	1902
2.63	13.88	5.21	10.03	9.77	1556
2.11	14.34	3.01	11.69	7.69	2224
1.7	15.34	3.41	13.98	7.05	1760
2.11	12.35	3.61	10.24	8.53	996
2.12	13.89	4.18	13.05	7.59	1555
1.15	10.19	3.73	9.9	9.04	697
2.84	15.54	1.92	10.86	8.52	1197
2.73	13.89	3.08	10.4	7.32	1980
1.71	12.31	4.58	12.58	8.72	1113
2.61	14.85	3.33	13.12	8.19	1684
1.06	11.08	4.1	11.08	8.5	659
3.94	17.18	2.26	10.67	11.42	2259
3.38	13.51	3.89	12.3	9.37	1569
2.47	15.27	5.12	12.36	8.38	1133
1.93	16.61	5.42	9.99	7.52	1662
3.59	10.76	7.89	11.76	7.17	697
2.37	15.35	4.8	10.85	8.05	1603
4.28	12.73	3.26	13.75	7.64	982
2.58	15.25	3.75	12.5	7.67	1200
2.56	11.61	4.58	11.99	7.03	1835
3.34	13.26	2.83	15.37	9.46	1945
1.62	14.65	4.2	11.7	7.14	1666
2.66	10.63	4.52	13.99	8.5	1129
2.48	16.6	3.01	14.12	6.67	765
2.32	15.18	2.79	11.25	7.59	1937
3.4	13.69	5.81	13.94	7.88	1205
5.63	15.49	7.75	15.49	7.04	142
2.55	15.65	4.64	14.74	6.92	1099
2.94	19.12	6.62	13.24	6.62	136
2.84	16.1	2.73	12.97	8.43	2715
3.03	14.95	2.69	13.93	9.22	3231
2.75	12.78	4.53	12.02	6.39	3021
3.78	16.84	5.5	15.81	12.37	291
2.19	14.01	3.65	13.19	10.85	2055
2.41	16.24	3.09	12.02	9.38	3528
1.2	13	4.5	13.95	7.93	1577
2.73	13.56	2.77	12.81	8.06	2928
1.98	13.75	2.35	11.59	8.86	1614
2.26	13.25	3.41	14.63	8.46	2694
2.11	16.16	3.67	12.39	6.22	2042
1.44	13.98	3.03	12.34	10.66	2082
3.01	15.33	3.13	15.25	11.03	2557
3.67	17.46	3.71	9.52	9.09	2343
3.83	16.12	3.68	12.29	8.61	1985
2.96	14.27	2.69	12.68	8.51	1822
2.92	13.93	4.72	12.66	7.79	1335
2.74	16.09	4.35	12.62	8.53	3400
4.05	17.45	3.57	13.63	8.63	2098
3.3	14.91	3.57	11.01	8.43	2635
3.1	15.56	2.95	10.83	9.56	1967
2.89	16.79	3.54	9.72	8.7	2460
2.65	18.18	2.89	9.8	10.3	5818
1.51	15.31	3.4	12.48	9.83	529
4.14	16.81	4.23	14.8	7.34	3189
2.7	13.96	3.65	10.92	6.96	2299
1.68	16.61	4.48	10.72	11.91	1427
1.48	14.64	4	14.18	10.51	1551
2.38	15.12	3.97	12.16	11.11	1891
2.02	14.84	4.12	14.17	10.34	1334
3.41	14.59	2.72	13.22	12.43	1762
2.21	14.77	2.95	13.54	10.34	1219
3.03	13.09	3.72	14.02	11.17	1719
2.92	16.08	3.51	10.14	10.43	1026
2.81	13.96	4.67	13.48	11.48	2099
2.32	16.57	2.98	10.17	9.5	905
4.53	16.92	3.63	16.47	7.4	662
2.72	14.61	4.76	12.46	8.61	883
1.89	16.4	3.66	10.3	11.34	1640
2.38	14.08	3.73	11.74	9.33	2734
3.42	13.68	3.42	11.05	7.63	760
2.25	10.82	2.86	15.84	10.48	1155
2.78	8.7	2.64	13.92	10.79	1437
1.36	11.16	2.07	15.66	8.69	1980
2.17	9.28	3.73	15.11	13.69	1476
2.85	14.83	2.58	15.5	12.12	1510
2.26	12.11	1.96	15.09	9.79	3717
2.82	13.66	2.37	15.02	11.35	1771
2.7	10.63	1.17	12.72	11.92	1627
2.54	10.99	2.45	14.3	10.99	2084
2.53	12.4	2.48	15.74	12.13	1855
2.52	10.08	3.92	13.87	10.78	714
2.74	14.17	1.71	14.43	10.93	2626
1.64	15.91	1.75	14.68	6.67	974
2.39	12.19	3	16.23	8.02	1633
1.52	14.24	2.54	13.7	12.23	2044
2.8	11.26	1.6	15.92	9.13	1501
3.29	13.49	1.54	14.69	10.75	912
1.7	12.84	2.09	13.3	13.23	1293
3.62	15.24	2.32	15.33	11.34	2152
3.39	13.56	3.23	12.82	9.59	4743
2.22	13.14	1.52	13.27	12.76	1575
2.45	14.59	1.11	14.59	9.97	1796
1.77	12.36	1.25	16.1	11.63	963
4.18	15.56	4.55	13.45	8.63	1889
3.06	13.32	6.39	12.52	10.79	751
3.3	16.68	4.9	9.7	10.93	1876
2.36	16.61	4.61	11.5	10.39	2540
3.36	15.82	4.18	10.9	10.82	1220
3.56	9.07	3.56	11.83	9.34	1124
2.09	10.57	3.25	13.94	11.96	861
4.45	10.68	3.07	14.21	12.37	1957
1.58	14.82	2.18	14.99	9.86	1835
2.41	10.6	2.76	15.06	9.94	2284
3.5	11.75	3.4	12	10.51	1941
1.6	11.61	3.46	13.92	9.75	1128
2.22	14.23	3.14	16.17	9.24	1082
3.82	12.33	4.07	13.81	9.99	811
3.41	12.42	4.72	12.56	7.84	1377
1.93	10.75	3.37	12.84	9.47	623
2.01	12.25	2.01	15.49	7.79	1143
1.62	12.8	2.43	16.44	12.26	742
2.93	13.79	2.81	13.87	9.07	2524
1.55	12.63	2.77	14.75	9.86	1227
1.93	12.61	3.87	13.46	10.52	1293
1.97	14.65	2.71	14.09	10.34	2137
2.17	14.33	3.91	15.45	9.43	1612
3.16	13.06	2.14	15.1	9.96	2059
2.46	13.25	5.95	15.26	8.73	1547
3.24	12.51	4.11	13.17	9.33	1823
2.85	13.91	3.99	14.74	11.57	2178
2.74	15.04	3.34	15.49	8.74	2666
1.49	13.87	3.59	12.73	9.32	1673
1.32	14.01	3.48	13.61	9.62	3482
2.33	16.66	2.48	14.03	9.72	1975
2.26	11.78	2.08	16.12	9.64	1681
3.42	12.39	3.42	17.95	10.68	234
3.89	16.15	4.09	13.81	11.48	514
3.13	11.49	3.66	10.97	11.49	383
0.6	20.96	1.8	11.38	7.78	167
1.16	11.56	6.36	11.56	13.87	173
2.97	11.44	1.48	11.23	9.11	472
4.47	13.13	1.4	11.73	11.17	358
3.59	10.78	4.25	11.76	10.13	306
2.25	11.51	2.49	16.01	13.88	843
2.57	12.25	3.37	11.34	11.34	2760
2.63	12.88	2.02	15.55	12.28	2321
2.89	13.06	2.58	12.57	11.2	2251
2.46	12.52	2.12	13.19	12.64	2683
3.09	14.29	2	16.11	10.3	1651
3.14	12.36	2.88	12.45	10.17	2290
2.1	13.34	2.67	13.55	12.95	2811
2.97	12.57	3.01	11.72	10.57	2355
3.19	13.62	2.54	12.39	11.41	1534
3.62	14.37	3.13	12.12	8.72	1823
2.31	15.78	2.08	10.47	8.72	3371
2.42	11.44	1.49	10.35	8.82	2483
2.23	14	2.76	16.33	7.64	943
3.46	14.65	3.65	9.51	8.6	2546
2.88	15.3	3.86	10.14	9.61	3058
1.59	13.39	1.28	14.32	9.24	1949
1.3	12.92	2.98	18.12	9.86	1308
1.78	11.97	1.9	13.87	10.25	1629
3.61	15.05	1.77	16.59	10.75	1302
1.62	16.56	4.22	12.66	11.69	308
1.93	13.03	1.54	15.66	11.55	1558
1.61	13.22	2.84	13	9.58	1869
2.09	15.4	2.75	13.42	10.56	909
2.28	12.71	3.13	14.33	10.91	1054
2.13	10.9	2.48	15.16	8.78	1128
1.91	15.9	2.53	13.79	9.28	1465
3.35	12.2	2.74	17.84	8.54	656
2.24	10.81	1.74	16.27	12.17	805
2.67	12.21	3.44	11.45	9.92	262
1.25	12.03	2.01	12.61	14.12	1197
2.19	12.04	2.19	11.68	8.94	548
3.89	14.38	2.54	14.21	9.64	591
3.34	11.85	2.55	14.8	11.22	1257
3.62	10.22	2.59	15.01	11.38	773
2.09	13.09	2.43	15.53	10.89	863
3.78	9.97	5.14	17.07	13.29	662
3.16	10.33	3.3	17.79	10.19	697
1.99	11.16	3.1	10.7	10.06	2356
3.44	10.93	3.69	14.13	12.53	814
1.73	11.48	1.73	13.09	11.85	810
3.8	12	2.61	12.74	8.35	1342
2.16	13.52	2.16	14.63	12.75	3144
3.52	14.08	3.45	12.46	12.18	1420
3.32	13.83	3.97	12.47	11.36	1989
2.44	11.37	5.17	11.52	8.05	1354
3.5	13.1	4.84	13.31	9.25	1427
3.77	11.68	3.84	16.13	9.27	1327
2.86	11.73	4.29	11.23	10.09	1398
2.74	10.1	4.16	12.49	9.41	1753
3.14	12.79	3.64	10.93	10.27	2581
3.12	13.48	3.4	11.18	11.35	2916
2.34	11.85	3.7	9.43	10.19	1325
3.41	10.78	4.51	12.54	8.51	2903
2.72	10.01	3.81	12.54	7.15	2097
2.05	11.89	4.58	12.38	8.67	1026
3.29	10.43	3.96	13.23	9.02	1640
3.13	9.8	3.37	14.58	7.99	1276
3.26	10.49	3.05	11.81	10.9	982
3.13	13.16	3.35	14.82	10.38	3968
4.05	15.11	3.03	13.35	11.76	2839
3.81	14.13	2.38	12.38	11.46	2810
2.67	13.87	3.47	13.72	10.45	2019
1.94	15.52	3.01	11.17	12.12	2525
3.24	15.02	2.25	12.19	11.38	1731
3.38	12.22	4	12.47	13.22	3200
2.4	13.73	4.28	12.9	8.72	1915
2.49	11.73	4.08	12.39	10.52	2575
3.67	11.47	3.67	10.55	7.8	218
1.91	13.76	3.24	11.33	10.91	3088
2.9	15.25	3.28	15.84	10.31	3724
3.26	13	3.93	12.5	11.2	2392
2.68	14.24	5.15	10.95	12.92	1826
2.13	14.89	2.41	11.55	10.63	1740
2.22	11.32	3.15	10.94	10.35	2889
2.32	11.81	2.99	10.76	10.38	2109
3.31	13.16	3.64	13.56	12.08	1482
3.98	11.54	2.94	12.41	13.13	1257
2.28	16.35	2.28	9.51	9.13	526
0.78	13.76	5.17	9.38	13.22	1664
2.42	12.29	4.31	11.61	11.5	1904
3.8	15.82	2.37	9.02	9.18	632
2.94	12.42	4.11	10.34	14.75	1973
4.28	10.59	3.28	13.86	9.89	1587
2.17	10.54	3.19	13.85	9.99	1661
1.5	12.79	6.68	13.59	10.25	868
2.64	9.63	2.58	11.25	10.51	1475
2.36	12.82	3.86	16.05	12.43	1271
1.6	16.03	3.73	11.02	9.6	4636
3.24	16.27	2.48	11.53	8.97	5396
3.08	16.76	2.98	12.6	8.91	6880
1.44	16.32	2.43	10.55	8.87	4645
2.53	15.63	3.28	10.93	9.09	6653
2.05	17.29	3.44	11.53	9.52	5904
2.77	15.12	3.38	12.31	8.4	4225
3.4	13.43	3.1	11.59	9.35	6672
3.53	16.12	3.68	12.13	9.91	3480
2.06	16.53	3.22	10.55	11.45	1555
2.27	13.08	4.07	10.64	7.33	1720
2.37	13.28	4.66	13.51	6.79	1310
3	13.45	5.73	12.35	5.87	1465
2.25	17.54	3.39	11.11	9.61	2269
2.59	14.56	3.82	11.24	9.14	2198
2.67	14.79	2.76	10.32	8.18	2286
1.32	14.01	2.3	14.01	6.69	1435
3.07	10.6	4.73	15.95	7.1	1141
2.79	13.43	3.31	13.15	8.13	2867
2.56	17.06	3.89	11.33	11.35	4882
2.47	15.2	3.22	10.38	9.84	4665
3.3	14.23	3.32	12.51	7.87	5004
4.14	14.54	2.09	13.89	10.78	2152
3.15	14.51	2.08	12.23	9.77	2887
3.39	14.17	2.68	13.35	9.57	1828
3.33	17.82	3.53	11.13	10.55	2435
3.15	12.31	2.31	15.46	9.21	2031
2.01	11.27	2.94	12.58	9.67	3435
1.86	12.87	2.59	12.63	8.47	3706
1.89	15.02	1.99	14.91	10.6	4715
2.1	15.06	3.56	9.88	9.12	1853
3.16	18.34	3.56	9.88	12.25	1265
2.32	13.93	2.87	12.16	8.74	3626
1.51	15.7	2.74	11.25	10.97	2115
1.67	13.47	3.89	13.75	9.58	1440
2.39	15.58	2.7	15.52	8.52	3299
2.79	12.71	2.59	13.29	8.62	2935
2.63	14.55	3.72	14.03	7.92	2852
2.13	12.31	4.17	15.02	7.66	1032
2.35	14.76	3.94	17.82	8.99	2514
1.78	13.41	3.1	13.13	7.5	2132
2.44	11.76	6.4	15.95	8.03	859
2.14	15.55	4.25	17.15	7.75	2425
2.4	14.83	4.53	15.52	8.8	1875
2.67	15.18	2.73	12.22	10.18	1759
2.37	14.43	3.38	13.13	8.76	3457
2.18	15.21	3.66	9.02	9.46	2294
2.13	15.83	3.49	11.76	11.37	1548
3.05	14.22	3.3	15.79	6.24	2819
2.45	17.66	3.9	14.46	7.95	1874
3.57	14.59	3.16	12.78	8.33	1933
2.63	14.14	4.67	12.83	8.62	1520
2.54	15.57	2.87	11.73	9.72	3384
1.92	15.6	4.23	11.22	8.3	1301
2.46	11.9	4.38	10.94	9.52	2604
1.21	13.63	2.98	10.43	10.65	1812
2.33	10.01	3.5	10.19	9.76	1629
2.17	9.99	6.26	10.17	9.04	1151
2.16	14.35	4.68	10.26	11	1345
2.95	13.62	4.26	10.59	10	2371
2.8	14.33	3.62	10.82	12.13	2680
2.09	14.02	3.43	10.17	10.79	2390
3.06	11.97	3.62	10.93	9.88	1437
2.13	22.64	2.52	11.14	11.39	3618
1.27	15.54	5.06	12.66	8.4	869
2.53	17.54	3.34	9.88	11.43	1619
3	14.64	2.93	13.07	10.36	1400
2.82	18.3	2.9	12.45	9.81	3967
2.92	15.57	2.17	12.89	7.97	3739
1.66	14.37	3.32	11.31	10.1	1990
2.43	17.61	2.61	10.77	10.77	2181
3.5	15.46	2.8	12.22	10.34	1857
1.92	16.49	3.34	11.73	10.09	1407
1.18	15.5	4.06	10.07	9.88	2116
1.99	16.61	2.93	11.31	11.77	5020
2.1	14.12	2.21	10.04	11.18	6662
2.91	15.36	3.15	11.46	12.29	2409
1.86	13	3	9.77	9.84	2631
1.84	15.34	2.1	10.74	8.59	1956
1.69	14	2.68	8.74	9.53	1007
2.64	16.85	2.82	10.95	9.91	2694
2.33	14.2	2.57	9.79	10.18	4628
2.64	16.15	2.79	9.26	9.08	2798
1.89	17.92	1.64	11.67	10.42	2322
2.66	14.62	1.62	10.7	9.5	3578
1.33	14.01	3.22	14.57	9.24	1428
2.54	13.19	3.22	11.24	9.97	2206
2.63	13.03	2.32	9.42	9.21	3269
2.15	13.26	2.91	11.57	10.11	1305
1.69	13.78	2.01	10.35	8.83	2242
2.59	16.36	1.6	12.4	10.05	1314
2.14	15.39	2.52	9.43	9.39	2619
1.41	16.43	2.02	10.31	9.7	2124
2.24	15.85	2.93	8.96	11.11	1161
1.4	14.29	3.29	9.51	10.43	2281
2.18	16.07	2.66	10.57	9.91	4996
2.19	13.76	1.99	8.97	9.44	2965
2.58	12.17	4.55	11.56	8.49	2284
2.96	11.7	3.45	12.42	7.35	2230
3.34	13.08	4.01	12.86	8.68	2247
1.74	13.27	3.39	11.37	7.5	3158
2.89	12.9	3.21	11.11	8.77	2178
2.93	14.87	3.56	13.22	8.74	3033
1.69	15.34	1.83	9.09	8.18	2848
1.47	15.79	2.06	11.21	7.05	2382
1.69	18.67	3.44	11.03	10.97	1832
1.92	18.18	3.57	11.3	11.03	1876
2.14	14.43	3.12	10.8	9.47	2945
2.65	12.84	3.95	12.84	8.71	2227
3.18	10.53	3.67	14.64	8.57	1633
3.11	10.51	3.67	14.87	7.91	1769
2.81	13	4.56	11.94	12.32	1315
3.88	14.6	3.04	11.95	12.34	1548
2.7	12.38	3.41	14.8	10.35	1817
1.49	14.36	4.95	14.85	8.09	606
2.02	9.82	3.83	12.06	11.7	1385
2.7	12.23	3.77	15.27	6.59	1775
3.26	14.13	3.2	13.43	12.56	1720
2.65	16.4	5.01	10.74	10.21	3213
2.62	16.69	3.23	11.57	10.09	1486
3.61	16.09	5.11	12	9.88	1467
5.32	16.77	5.73	15.95	8.59	489
2.52	15.32	5.05	12.08	9.07	1664
2.77	14.52	3.22	12.75	8.2	902
2.86	12.63	6.77	14.45	7.16	768
2.19	15.32	4.5	11.79	8.81	1645
2.66	14.97	6.82	12.75	10.89	1129
2.24	16.54	6.62	10.99	10.89	937
2.73	13.18	4.03	17.22	9.32	1760
2.32	14.75	3.75	13.12	8.49	2027
2.46	14.92	6.8	14.26	9.73	1059
2.73	14.29	7.92	14.42	10.13	770
2.96	15	5.16	15.09	9.65	1047
2.47	14.3	6.66	11.6	8.98	1336
1.38	15.98	4.22	13.13	7.44	1089
4.24	15.47	2.9	13.59	11.58	2832
1.43	13.6	4.28	16.54	10.08	1191
1.73	10.27	2.35	16.21	9.53	808
2.42	12.08	4.01	12.8	8.46	1821
2.59	13.88	4.63	12.31	11.06	1275
1.98	14.76	3.2	11.23	10.01	3028
2.11	14.94	3.78	11.86	8.79	1138
3.5	16.09	2.52	15.6	10.25	3288
2.97	13.05	3.02	12.73	8.31	1854
1.77	15.84	3.45	12.78	7.6	2317
3.91	13.84	3.44	14.82	9.89	2760
2.74	14.39	4.11	12.41	11.58	1313
2.21	18	2.36	12.41	9.55	2755
2.05	18.18	3.42	13.69	8.65	2046
2.1	15.26	3.28	12.96	8.66	2044
2.53	17.11	2.03	12.17	8.32	3788
2.98	13.43	3.02	13.94	9.19	2382
1.99	15.25	2.69	14.09	7.13	1711
1.94	16.36	2.95	12.23	10.78	1595
2.98	15.33	3.27	13.6	8.07	2081
2.1	17.23	2.1	11.69	8.74	2095
2.46	15.16	3.37	11.86	9.75	1425
2.47	23.34	2.28	13.28	9.68	527
3.14	16.6	1.73	13.4	9.87	3880
3.14	14.95	2.8	12.12	10.19	3317
2.37	17.9	3.4	16.56	8.64	972
3.09	18.81	2.55	13.17	9.28	1648
2.69	15.9	2.22	14.38	8.12	1711
2.38	17.24	2.08	13.33	9.92	3317
2.32	16.74	3.48	12.39	8.04	1380
2.33	18.8	2.07	13.33	9.47	1500
1.54	17.77	3.17	12.64	9.16	3505
1.68	13.05	3.79	17.47	9.05	475
3.73	15.98	4.77	16.18	8.92	482
1.87	17.91	3.04	13.94	9.03	2138
2.97	13.93	3.5	12.47	6.26	1917
3.2	15.89	2.79	16.76	7.57	1718
2.2	14.51	3.42	13.37	7.94	2722
2.68	14.06	3.87	11.47	12.13	2276
1.84	14.15	3.2	11.17	8.84	1844
3.45	14.45	2.82	12.01	11.25	3156
3.11	13.69	4.79	9.97	13.33	3090
2.3	12.88	4.7	10.34	12.27	2127
2.73	12.29	4.16	15.11	9.37	2018
3.41	17.54	4.02	9.64	13.25	1494
3.31	14.79	3.68	13.73	11.36	2447
2.82	13.61	3.19	14.2	12.31	2380
2.65	12.84	4.48	16.64	9.99	1472
3.53	12.46	2.28	14.74	9.2	1445
3.45	12.72	3.67	15.94	9.55	1769
4.21	16.21	4.82	15.79	11.08	975
2.49	15.28	5.09	13.34	11.52	1649
3.49	12.44	5.37	14.61	8.67	1061
2.84	19.43	2.13	11.73	7.85	2115
2.63	15.39	2.94	14.08	7.89	1293
3.37	13.48	4.85	12.53	6.74	742
2.62	16.51	3.72	13.28	9.08	1641
3.06	14.89	2.53	12.99	8.13	947
1.95	15.87	3.59	13.32	8.31	1336
2.1	20.88	4.57	12.35	11.51	2146
2.88	14.78	3.07	13.05	10.56	521
1.86	20.99	4.03	11.89	10.34	967
2.3	13.24	2.02	11.95	7.13	1782
4.79	13.9	4.51	15.38	9.85	1086
2.99	14.37	3.39	13.27	7.88	1002
3.06	12.88	3.93	14.52	9.28	916
4.28	10.96	3.65	16.81	11.48	958
3.31	12.09	2.93	14.55	10.85	1299
4.22	10.67	3.22	16	7.78	900
2.6	12.12	2.27	18.69	8.15	883
3.15	12.89	3.25	14.17	9.84	1016
3.95	12.89	3.39	17.78	7.71	1063
1.7	14.68	1.7	11.13	9.58	647
1.47	13.84	3.83	13.52	7.49	1228
2.01	15.6	3.48	14.4	9.18	1840
2.43	12.97	3.26	12.88	8.02	2058
1.43	13.11	1.74	12.31	9.26	1609
2.49	13.67	1.61	13.33	7.86	2048
2.5	14.85	2.59	12.76	8.63	2398
1.84	13.11	2.18	13.59	7.86	2060
1.91	12.03	2.96	13.18	8.45	2094
1.74	13.51	1.87	12.29	8.54	2294
2.6	13.59	2.51	13.42	10.22	1155
2.67	14.29	3.22	11.59	9.74	3296
2.43	13.84	2.97	12.19	9.83	4437
2.66	12.82	2.58	12.5	8.76	3800
2.54	15.4	3.08	11.62	10	3890
2.12	14.33	3.27	11.47	8.2	1744
2.56	13.5	4.02	10.85	7.95	2340
2.78	12.48	2.93	13.9	8	5250
3.24	12.6	2.7	12.25	8.64	3183
2.83	11.75	2.68	12.8	8.14	4102
2.01	14.76	1.89	14.95	8.85	2643
2.72	15.54	4.17	12.26	8.73	1248
4.23	15.95	3.85	12.9	11.46	1868
3.22	13.67	2.87	12.12	9.63	2575
1.93	14.81	1.97	15.69	8.14	2383
3.28	14.04	2.47	15.83	10.33	1617
4.37	15.91	3.38	11.89	9.21	1716
3.67	16.09	2.61	12.34	9.7	2723
3.9	13.4	4.64	12.23	12.76	1873
2.94	13.6	3.97	11.74	11.53	2316
2.22	12.97	4.94	11.76	11.55	1982
3.42	12.64	3.42	11.83	9.57	1986
2.73	12.55	5.36	12.45	11.13	1976
2.4	12.21	5	12.35	11.34	2081
2.71	11.95	5.57	13.29	10.86	2100
2.24	15.44	4.01	10.88	10.1	2545
2.27	15.55	3.39	10.8	11.31	3131
2.19	14.88	3.69	9.96	13.76	1868
2.63	13.72	3.34	9.52	14	1407
3.3	13.98	3.62	10.05	12.33	1881
4	11.49	3.43	10.75	12.41	1749
3.94	12.82	3.38	12.75	10.21	1420
3.97	14.55	2.48	13.77	11.14	1409
3.83	15.01	3.05	11.53	13.12	2065
3.26	13.11	3.63	12.61	11.32	2395
3.09	12.04	4.68	11.09	11.33	1262
3.14	13.06	4.87	11.58	11.03	1623
3.2	14.35	5.62	12.2	10.75	2279
3.19	11.73	3.08	14.32	9.91	1816
1.62	14.43	3.93	9.7	12.93	866
2.83	15.13	3.39	10.68	13.65	1414
1.47	15.15	2.69	9.77	8.67	1637
2.38	13.96	3.11	12.3	9.13	1512
1.92	15.73	3.13	11.65	9.73	1983
2.63	14.21	3.34	12.8	9	1977
2.66	15.61	2.78	11.58	11.09	2479
1.2	16.24	3.3	11.42	7.96	1909
3.5	16.68	3.35	10.19	10.51	1913
3.54	17.57	3.48	13.21	9.38	1696
2.43	14.77	3.41	11.05	9.61	1936
2.62	14.89	3.19	11.56	11.56	1410
2.86	13.9	2.53	10.11	8.42	1187
2.14	18.33	3.26	12.03	12.24	1871
3.81	16.72	3.57	13.96	11.77	1232
3.76	15.99	5.8	11.6	9.87	638
3.44	13.89	3.69	12.36	10.83	785
2.14	16.27	2.91	9.98	10.1	1684
4.43	18.32	3.61	9.96	10.91	2822
3.7	15.63	5.49	10.62	9.31	838
2.09	16.62	5.37	10.47	8.64	764
2.94	16.52	4.37	9.83	11.54	1465
1.69	13.66	3.09	13.66	8.54	2716
2.58	17.1	4.26	12.98	8.87	2673
2.18	15.9	3.11	12.35	11.42	2705
3.29	18.87	2.17	13.7	11.02	5706
1.28	16.34	3.18	15.84	8.58	2424
2.69	16.56	2.95	16.93	8.73	3013
1.86	15.44	2.28	15.81	8.44	1885
2.27	14.79	3.94	14.89	6.78	2996
2.26	16.58	3.88	16.07	6.99	2346
2.21	13.2	3.81	12.41	11.14	2128
2.91	16.97	6.3	13.45	9.7	1650
4.03	13.61	4.12	14.51	9.45	2454
2.62	12.4	4.78	13.94	10.09	1298
2.85	11.4	3.24	12.33	12.17	1298
3.07	14.09	4.04	11.02	11.99	717
2.6	12.42	3.42	12.74	11.1	2190
2.96	14.45	3.52	9.7	13.84	1958
2.16	15.76	2.54	11.48	12.16	2360
3.15	15.07	3.38	9.5	12.61	2157
2.65	13.27	3.45	11.15	8.67	1130
3.12	14.15	2.86	9.18	10.28	1187
2.34	10.23	4.85	9.27	8.49	1154
3.39	12.15	1.13	15.54	8.47	354
3.57	15.32	3.53	12.51	12.93	2382
3.7	15.36	4.62	13.28	9.24	866
2.1	13.25	2.22	12.34	8.25	1758
3.46	14.74	3.11	13.49	8.79	1445
4.64	17.74	3.43	12.1	8.47	496
2.8	12.36	7.25	11.86	7.74	607
2.17	14.95	5.25	15.53	9.02	876
3.22	13.64	4.66	13.9	8.9	1180
3.61	13.68	5.41	12.93	8.42	665
2.53	13.94	4.91	17.26	8.79	1263
1.6	16.58	2.76	13.16	10.33	1375
4.56	17.31	3.49	13.89	11.75	1404
3.99	14.47	2.93	13.91	9.86	1603
2.93	15.31	3.25	12.14	9.37	4611
2.42	14.04	2.59	12.89	8.26	1816
4.58	13.94	2.05	15.98	7.7	1026
2.88	16.84	2.83	10.66	9.82	3433
2.51	17.32	3.37	11.64	11.24	3025
3.3	17.07	3.6	10.97	9.79	3392
2.94	16.64	3.32	14.14	9.2	3402
4.49	16.08	3.2	12.11	9.2	2848
2.48	15.85	3.79	12.62	8.99	3059
3.38	19.04	2.46	12.97	11.06	2721
3.28	15.8	3.88	11.26	9.27	3507
2.67	16.93	3.77	12.17	7.34	3107
3.84	12.7	3.92	12.85	11.21	1276
3.42	13.92	2.53	12.95	10.12	2371
2.28	13.62	3.98	13.77	9.65	1358
2.8	12.86	5.17	14.87	11.49	1392
2.78	11.93	4.41	12.42	11.6	612
2.83	14.1	3.69	11.8	10.56	3391
3.52	15.93	3.35	11.01	11.94	2361
3.59	13.14	2.52	10.66	12.62	2701
2.5	15.16	2.94	11.77	8.76	1359
2.1	14.27	4.09	10.78	7.98	1002
2.94	13.24	4.41	12.71	8.61	952
2.96	10.95	3.25	14.2	13.31	338
4.21	11.9	2.47	11.9	11.9	689
1.95	13.42	2.27	12.88	8.23	924
2.26	11.96	2.37	11.29	10.95	886
1.65	13.18	3.23	13.36	7.81	1639
2.59	13	2.71	12.63	7.73	2470
2.93	8.35	4.74	16.93	10.84	443
4.48	13.92	3.84	12.48	9.76	625
3.55	15.91	3.55	14.64	12.09	1100
2.69	17.19	2.6	16.65	10.38	1117
1.76	16.12	3.44	11	8.65	1191
1.49	14.96	2.4	14.64	10.75	1544
1.7	13.21	2.65	11.3	10.42	1469
2.57	16.77	2.47	15.95	9.57	972
2.61	14.82	1.59	12.02	12.07	2071
0.67	16.04	1.35	11.73	11.05	742
1.14	14.35	0.68	12.3	12.98	439
2.02	14.11	3.41	15.5	11.94	645
0.87	15.77	1.56	11.96	10.75	577
2.67	14.31	2.89	11.35	9.38	3144
2.57	16.4	4.81	15.58	8.53	1207
2.15	13.71	2.84	11.12	7.05	2042
3.23	15.92	2.45	13.7	13.36	898
4.57	13.14	2.8	18.08	9.23	1073
3.44	14.82	2.53	11.38	8.22	1424
1.39	13.76	1.14	13.26	11.49	792
4.08	13.1	2.21	15.22	6.97	1176
1.8	11	4	12	7.4	500
3.08	14.57	2.74	13.11	7.2	1167
2	12.52	2.17	12.69	6.01	599
1.95	14.43	3.2	10.22	7.57	1282
1.4	17.96	1.8	13.37	7.98	501
2.33	13.32	2.59	17.46	11.77	773
2.59	13.41	2.53	12.9	8.87	1737
2.61	12.5	1.51	15.38	9.48	1456
3.42	15.76	2.87	16.77	8.46	1288
3.33	17.1	2.38	12.83	7.36	421
1.98	13.44	2.37	18.97	8.3	253
3.46	16.09	3.31	13.08	9.92	665
3.14	13.37	2.32	13.51	6.82	733
1.97	15.49	2.36	19.69	6.56	762
4.73	12.35	2.83	12.35	9.03	1628
2.89	12.88	3.38	15.93	11.67	1833
2.86	12.05	2.03	12.77	9.55	838
3.22	13.12	2.23	12.31	7.53	2112
2.79	16.25	3.36	13.1	7.95	2794
2.14	15.85	1.95	13.75	8.92	2152
2.38	16.72	2.56	10.19	9.68	2189
2.76	12.36	3.9	12.93	9.32	1052
2.15	15.34	3.54	11.45	8.77	3442
2.51	14.26	2.41	13.58	9.4	2946
2.18	16.34	3.08	14.8	8.04	2338
2.75	15.7	3.67	15.03	8.33	2834
2.82	13.26	2.96	13.54	8.87	1455
3.33	12.52	6.34	12.84	9.03	631
2.68	13.66	3.89	16.59	8.81	1567
1.75	12.89	4.76	14.89	9.64	799
2.04	15.1	3.27	14.56	8.44	735
1.96	15.08	4.87	14.45	10.37	1273
2.89	13.87	2.64	14.98	8.6	1175
3.99	13.3	3.72	12.63	9.44	752
1.34	12.92	2.68	11.41	10.23	596
3.21	14.04	4.48	14.47	9.98	1182
1.97	17.11	2.47	11.68	11.68	608
1.93	17.1	4.31	12.4	11.63	1298
1.57	17.71	2.88	18.36	8.33	2293
1.76	15.51	2.36	17.93	8.6	1651
2.57	14.55	2.81	16.16	6.46	2494
2.57	18.48	2.14	17.07	8.08	1634
1.87	17.01	2.56	14.98	7.42	2616
2.68	11.53	2.58	14.02	8.05	1006
2.17	16.31	1.21	15.01	5.98	2072
2.48	16.34	2.77	14.12	7.04	2741
2.4	14.04	2.06	13.22	7.95	2087
1.33	15.97	2.85	12.74	8.68	1578
3.09	16.96	2.99	15.83	7.16	2040
3.76	15.18	4.79	12.45	9.87	1357
2.99	18.33	4.68	12.54	9.17	1069
2.19	14.83	3.46	12.77	10.97	1504
1.94	17.33	2.65	10.5	11.72	981
2.72	15.74	4.37	12.05	9.14	1029
4.11	17.27	3.55	11.67	10.18	1071
1.97	17.23	4.68	14.52	9.19	1219
2.93	19.41	2.87	11.95	12.31	1674
3.84	14.35	3.08	14.79	9.19	1589
2.5	19.31	2.8	12.69	13.83	1678
3.68	16.96	2.45	13.56	9.95	1468
3.03	16.82	4.7	12.58	11.21	1320
3.25	18.34	3.08	13.61	10.42	1756
2.81	17.76	3.12	11.43	12.14	3980
0.86	13.93	2.84	9.8	12.12	1163
1.52	15.25	4.75	12.42	10.61	990
1.54	15.56	2.65	14.79	10.09	1170
2.42	16.81	2.85	10.19	12.89	1404
1.77	13.96	2.6	10.63	10.52	960
1.68	15.97	2.63	11.59	8.69	1484
2.67	16.58	1.96	11.39	11.15	1273
1.69	14.12	3.95	15.4	9.32	708
3.14	15.1	2.3	8.91	10.27	2133
1.03	12.65	1.18	9.56	13.38	680
2.5	17.33	4.26	13.22	8.96	681
2.15	14.55	3.89	10.76	9.63	976
1.2	15.22	3.11	10.04	7.97	1255
1.9	13.33	2.81	12.5	11.01	1208
1.65	14.7	2.95	13.4	12.01	2306
5.07	15.12	3.76	12.74	8.76	1382
4.49	13.3	2.78	12.22	9.28	1293
2.89	15.33	3.99	17.87	10.41	1729
1.76	12.86	3.91	12.02	9.49	1306
4.18	12.83	3.57	16.06	8.7	2322
2.92	14.61	2.14	11.2	11.39	1027
5.15	13.44	2.76	14.97	9.08	1630
3.36	14.2	2.86	13.08	9.59	803
3.4	13.44	5.61	14.31	9.33	1265
4.71	16.29	3.5	15.95	7.81	1486
4.25	13.7	2.63	13.82	8.25	1672
3.67	12.03	3.23	13.35	8.07	1363
1.72	11.16	5.98	12.47	8.22	986
3.01	12.71	3.76	15.89	6.35	1196
