1.76	12.12	3.16	12.34	8.45	1361	2	78
2.04	14.71	3.01	11.3	9.7	2257	3	1
2.52	14.83	4.9	12.53	10.58	1389	4	1
2.24	15.09	2.79	10.88	10.5	1829	5	1
2.57	12.77	6.18	15.21	9.67	2491	6	74
2.18	13.9	2.78	13.11	9.83	1007	7	1
1.67	15.51	2.53	13.84	8.86	2211	8	78
1.74	18.44	3.11	10.63	10.77	1383	9	78
1.73	13.74	3.15	10.51	7.81	1332	10	1
2.91	15.93	4.6	10.62	10.01	1958	11	78
1.33	13.88	2.24	11.63	8.55	1427	12	1
2.69	15.6	1.98	10.53	9.5	1263	13	1
1.98	14.35	5.51	10.19	10.6	962	14	78
2.6	16.58	4.97	11.15	8.1	1309	15	78
3.46	13	5.46	12.23	8.23	1300	16	78
2.31	17.42	2.84	10.32	10.68	2819	17	78
2.53	17.28	3.87	12.12	9.12	2095	18	78
2.41	16.58	3.4	10.95	9.43	2822	19	78
1.19	11.67	2.62	9.93	7.62	1602	20	76
1.47	14.43	3.62	13.96	10.41	2987	21	74
2.86	15.77	3.68	12.38	13.97	2448	22	2
2.7	14.77	2.4	11	11.09	2336	23	2
2.54	10.7	2.6	15.15	9.77	1617	24	2
2.43	14.91	3.95	14.22	9.22	1442	25	2
2.15	12.21	4.19	15.38	9.28	1671	26	74
2.56	14.34	3.21	12.74	10.98	1248	27	2
2.56	13.74	2.52	14.14	11.81	2497	28	2
2.35	13.75	1.77	12.83	10.72	2378	29	2
2.05	12.56	2.89	11.5	13.48	1417	30	2
2.97	13.26	3.83	12.63	11.33	3001	31	2
2.03	12.19	5.26	13.39	9.05	1083	32	3
2.8	16.03	2.39	15.37	9.53	3181	33	70
1.9	14.12	2.57	12.99	11.15	1947	34	3
4.07	12.11	2.73	13.14	13.09	1940	35	3
3.27	16.43	4.46	11.63	11.86	1771	36	3
3.1	16.16	3.05	11.24	13.53	2357	37	3
2.29	13.84	2.84	11.98	15.33	2362	38	3
1.57	13.68	4.07	8.69	13.96	1082	39	3
3.82	17.66	3.82	12.04	11.81	889	40	3
3.68	14.05	3	12.34	12.34	1167	41	3
3.31	16.18	3.8	13.42	11.34	1632	42	3
3.29	16.57	3.55	12.25	17.05	3126	43	3
3.9	12.89	1.76	10.85	6.96	1078	44	4
2.44	11.77	3.15	12.43	10.11	1682	45	4
2.8	8.08	3.04	13.28	11.92	1250	46	4
2.9	11.6	4.61	11.67	9.81	1345	47	4
2.96	10.91	2.07	11.52	12.61	2126	48	4
3.71	10.75	3.71	13.72	10.14	1618	49	4
4.68	11.22	1.71	12.7	10.25	1346	50	4
1.82	12.91	2.32	12.12	7.83	2030	51	4
3.93	10.28	3.27	11.59	8.41	1070	52	4
2.57	10.26	2.69	12.7	10.69	2339	53	4
2.48	11.11	3.09	11.81	9.37	2134	54	4
2.27	14.51	2.83	12.68	9.79	3177	55	73
2.91	13.5	2.79	15.16	12.6	1682	56	4
1.32	12.03	3.79	11.7	7.74	607	57	5
1.66	9.97	2.27	13.29	12.08	662	58	5
2.54	12.04	3.43	13.15	8.07	905	59	5
3.11	14.31	4.04	12.29	12.6	643	60	5
3.42	15.26	2.05	15.72	11.16	439	61	5
1.5	11.13	2.99	14.62	11.13	602	62	5
1.96	13.35	2.14	13.88	10.32	562	63	5
1.61	11.19	2.8	14.42	11.41	929	64	5
2.1	12.12	4.66	13.29	10.49	429	65	5
2.7	12.46	3.32	10.38	9.35	963	66	5
1.75	13.99	3.97	15.26	10.17	629	67	5
2.89	11.11	3.56	11.11	10.22	450	68	5
2.2	12.03	2.01	13.52	7.24	1546	69	76
3.44	13.09	2.48	13.37	10.67	1772	70	6
2.26	12.62	3.76	13.31	11.09	2607	71	6
2.68	11.87	1.94	13.51	10.75	2317	72	6
2.23	12.38	2.02	14.11	11.09	3409	73	6
2.54	14.32	3.52	13.86	11.78	1732	74	6
2.46	12.31	2	15.06	9.03	4143	75	6
1.84	10.83	2.91	12.09	10.34	2060	76	6
2.68	12.09	3.51	13.38	10.13	3730	77	6
3.41	12.61	3.47	13.93	11.02	3719	78	6
2	12.77	3.21	14.41	13.05	1402	79	6
2.07	13.7	2.07	10.74	10.15	1694	80	76
1.83	11.08	1.58	13.72	11.47	2842	81	6
2.29	12.66	2.38	12.92	9.37	3190	82	6
3.01	11.81	2.55	15.39	12.04	864	83	6
2.57	15.29	3.79	14.34	12.86	1478	84	6
3.03	15.16	3.28	12.83	9.1	2440	85	7
2.67	11.79	2.67	13.15	8.7	2137	86	7
3.37	13.01	3.52	13.88	9.59	2075	87	7
3.14	14.85	3.06	13.97	10.66	1145	88	7
3.09	12.45	2.87	13.88	9.64	1815	89	7
2.95	16.44	2.47	12.1	9.87	1661	90	7
3.26	14.01	3.58	12.82	8.36	1256	91	7
2.26	12.28	1.67	13.81	9.68	2882	92	7
2.11	17.1	2.62	10.34	12.18	2176	93	70
1.9	11.31	3.25	11.53	10.08	893	94	7
1.15	14.94	1.94	8.24	14.26	2524	98	70
3.32	13.6	2.09	16.36	9.78	3404	100	70
1.89	17.05	3.54	9.34	9.22	1584	101	79
0.99	15.14	3.47	9.68	5.21	403	102	79
2.31	13.14	4.88	13.77	8.53	1126	103	79
2.73	16.69	2.76	10.5	10.84	3811	104	79
1.46	15.91	3.84	11.46	11.83	1640	105	79
1.44	11.3	4.24	15.92	8.68	1602	106	79
1.3	14.74	3.74	11.23	8.94	1309	107	79
3.17	14.52	4.71	13.27	8.17	1040	108	79
2.41	14.85	3.03	12.04	8.87	2243	109	79
1.86	13.45	3.67	12.71	8.77	1881	110	79
2.25	15.14	4.23	11.46	9.21	1466	111	79
1.61	14.48	3.23	13.67	8.82	1734	112	79
1.3	13.83	6.61	10.32	7.62	998	113	79
1.93	14.99	3.47	9.2	10.75	2075	114	79
1.93	16.83	3.13	12.28	10.95	2329	115	79
1.9	14.71	5.03	12.67	9.72	2108	116	79
1.69	15.8	3.64	11.19	10.21	1949	117	79
2.4	15.12	3.91	10.71	10.03	2044	118	79
1.51	13.58	4.72	10.94	10.19	530	119	79
2.88	15.31	3.36	10.32	11.33	2083	120	79
2.15	16.95	3.7	10.84	10.24	1162	121	79
2.03	15.38	2.83	12.55	8.02	2120	122	79
2.71	16.17	3.36	10.47	10.85	1843	123	79
2.57	13.62	5.3	11.04	7.72	661	124	79
2.36	12.37	4.42	12.96	10.31	679	125	79
1.88	13.96	4.58	11.74	9.58	1440	126	79
1.38	14.47	5.05	12.86	11.83	871	127	79
2.11	13.9	3.68	13.52	10.11	1849	128	79
2.38	13.02	5.49	12.37	8.35	1221	129	79
1.37	13.15	3.22	12.2	9.4	1893	130	79
2.51	12.2	3.65	10.95	7.75	877	131	79
1.86	12.87	4.29	11.72	10.01	1399	132	79
2.33	13.26	2.41	12.75	10.34	1161	133	79
3.16	13.99	3.06	13.33	10.46	2123	134	73
2.81	14.48	3.99	12.69	9.88	3309	135	75
2.42	10.45	3.06	13.83	11.41	1569	136	76
2.13	13.42	2.07	11.3	11.07	1788	137	70
3.19	14.73	1.79	15.19	11.03	3292	138	70
4.18	14.14	4.45	18.79	10.16	1506	139	74
2.43	15.75	1.36	9.59	12.08	1689	140	70
3.43	14.61	2	18.25	10.5	2800	141	70
2.81	13.05	3.28	13.17	8.86	2315	142	80
2.91	12.98	3.15	13.37	8.33	2065	143	80
1.94	12.72	4.78	14.02	8.67	1234	144	80
2.63	14.09	2.6	12.75	9.36	3152	145	80
2.02	13.94	3.05	12.81	9.61	2030	146	80
2.91	12.01	3.65	12.98	10.66	1341	147	80
2.45	13.11	4.35	9.8	11.09	1632	148	80
1.87	12.93	2.1	14.33	9.47	2143	149	80
2.3	12.55	2.8	15.6	10.7	2430	150	80
2.93	12.09	3.09	13.55	11.11	1845	151	80
1.82	13.94	2.4	13.29	7.91	1542	152	80
3.03	12.06	3.27	13.46	7.35	2081	153	80
2.66	11.45	3.2	14.22	7.87	1842	154	80
3.37	13.24	2.03	13.41	7.84	1722	155	80
3.07	11.97	4.06	12.54	9.47	1922	156	80
2.41	12.03	3.81	12.27	10.33	1704	157	80
1.36	11.38	4.07	13.41	9.08	1178	158	80
2.05	12.99	3.32	15.68	7.42	1416	159	80
2.3	13.21	4.76	11.52	9.45	1302	160	80
2.47	12.25	3.08	13.92	9.73	1983	161	80
2.49	10.77	4.55	11.96	10.57	2090	162	80
2.96	12.18	2.52	11.03	12.51	1822	163	80
2.72	12.84	3.17	13.29	10.2	1324	164	80
3.08	12.32	3.43	13.43	10.15	1981	165	80
2.07	11.68	2.36	17.55	9.36	2371	166	70
2.98	12.3	4.22	11.84	9.28	2585	167	68
2.9	10.93	3.99	12.46	8.58	1830	168	68
2.82	15.53	3.76	12.91	10.22	3935	169	68
2.5	11.84	4.03	12.68	8	1562	170	77
2.45	12.16	5.1	10.49	7.94	1020	171	69
2.18	15.21	4.08	14.19	8.66	1374	172	77
2.66	13.43	5.33	12.23	12.28	1914	173	75
1.5	14.47	3.44	12.65	8.17	3256	174	75
2.15	19.13	3.59	15.76	9.18	2843	175	69
4.46	18.32	4.99	13.33	10.09	1883	176	81
2.25	16.08	7.72	13.83	5.14	311	177	81
2.27	13.4	3.93	13.34	8.17	1627	178	81
2.02	15.71	2.89	14.2	9.93	3113	179	81
3.35	13.35	3.35	15.27	7.82	1611	180	81
1.25	16.59	2.32	13.81	8.52	3194	181	81
2.73	14.61	6.72	13.67	10.63	1280	182	69
2.85	14.49	4.37	15.96	7.85	1898	183	69
2.61	14.94	4.01	12.74	8.67	3761	184	68
2.33	14.02	2.55	12.36	8.31	1804	185	68
2.85	14.9	4.45	13.67	10.48	3644	186	75
3.23	15.07	4.52	12.69	10.31	2104	187	75
3.46	13.5	1.82	16.96	8.57	2311	188	70
2.65	17.7	6.19	13.27	9.73	113	189	75
2.75	17.29	4.2	12.06	10.3	3523	190	75
2.03	12.26	1.79	11.5	11.64	2913	191	82
2.9	16.19	2.86	13.96	9.71	2378	192	73
2.21	12.33	1.98	11.21	10.42	2936	193	82
1.61	16.03	1.03	10.34	12.64	1741	194	82
1.33	14.27	1.76	10.33	9.11	1878	195	82
0.71	13.28	1.52	10.96	11.5	2244	196	82
1.15	12.68	1.75	11.65	8.76	1656	197	82
1.1	13.17	1.61	12.22	14.63	1367	198	82
1.97	17.95	1.39	10.71	12.8	1727	199	82
1.98	14	1.88	11.83	11.78	2071	200	82
1.59	14.28	1.59	9.36	13.44	1443	201	82
1.61	12.5	1.77	11.45	11.61	1240	202	82
1.2	13.17	1.94	12.7	11.3	1496	203	82
1.42	15.84	1.14	10.25	11.72	2185	204	82
1.65	15.63	1.53	10.4	16.45	1702	205	82
1.95	14.5	2.16	8.23	10.46	1386	206	82
1.96	12.31	0.92	15.23	9.35	2600	207	70
2.03	13.64	2.92	12.55	8.6	2024	208	69
2.86	12.14	1.92	13.63	9.95	1820	209	69
2.52	12.74	3.51	12.49	8.4	2025	210	68
3.02	18.61	4.53	19.46	9.68	2117	211	69
1.9	15.75	3.57	15.24	11.23	1371	212	77
2.17	13.45	3.13	17.39	7.88	736	213	77
2.17	17.39	3.41	12.68	9.28	1380	214	69
4.57	19.48	3.68	12.92	9.54	1006	215	77
3	15.49	4.22	15.15	9.14	2964	216	69
3.45	13.72	3.05	10.83	9.63	1246	217	83
1.73	13.27	5.61	11.13	9.65	1213	218	83
3.33	15.27	4.59	12.51	8.61	871	219	83
2.77	14.68	2.42	12.79	8.53	2814	220	83
1.76	16.45	3.15	11.22	11.15	1587	221	83
2.53	13.63	3.6	15.61	10.14	1973	222	83
2.38	13.55	2.95	14.92	10.41	2775	223	83
2.69	13.83	2.11	14.88	6.4	3124	224	83
2.29	13.24	3.11	14.06	8.3	3315	225	83
2.32	15.75	3.8	12.41	10.59	1765	226	83
3.06	15.22	3.16	14.11	12.06	2090	227	83
2.38	14.08	2.52	13.38	11.41	1428	228	83
2.55	12.89	4.16	14.64	9.4	1489	229	83
2.35	16.09	3.48	13.1	11.06	3617	230	83
3.27	17.38	3.59	17.38	9.9	1283	231	83
2.26	13.88	4.18	12.91	7.88	3184	232	83
2.19	15.6	4.52	13.55	9.22	2103	233	83
1.32	12.93	2.42	13.81	8.74	1361	234	83
3.05	14.61	3.72	13.74	8.5	1965	235	83
2.45	13.09	2.66	13.29	7.63	1467	236	83
2.25	12.61	2.98	12.61	8.77	1642	237	83
3.63	14.8	3.5	15.01	7.55	2372	238	83
2.71	13.92	3.19	15.14	7.92	2285	239	83
2.2	14.51	5.71	12.97	6.37	455	240	83
2	13.53	3.62	12.93	6.93	2351	241	83
3.31	15.81	5.48	14.78	10.13	1935	242	83
2.92	13.89	3.77	14.29	9.11	1778	243	83
2.97	13.85	3.38	12.3	7.18	2187	244	83
2.6	14.83	2.33	13.85	9.3	2657	245	83
2.62	15.22	3.44	14.5	9.62	3056	246	83
2.37	17.35	4.05	14.19	8.21	2023	247	83
2.43	11.2	2.23	14.09	8.41	1973	248	83
2.38	13.58	4.48	12.49	8.83	1473	249	83
2.95	15.77	2.95	12.88	10.53	2981	250	83
2.66	13.15	3.07	12.94	7.52	1955	251	83
3.91	10.93	3.12	16.62	6.77	2407	252	83
2.84	11.37	2.91	14.56	5.21	1477	253	83
1.97	14.49	3.53	12.27	6.26	3707	254	83
1.49	15.49	2.73	9.45	11.13	2085	255	83
2.76	15.49	2.94	11.98	13.4	2246	256	83
2.05	13.65	2.65	17.06	7.42	1172	257	83
1.96	12.63	3.2	12.46	7.38	1124	258	83
2.75	15.45	2.89	11.83	9.43	2907	259	83
2.46	14.08	4.18	15.79	10.81	1868	260	83
3.43	15.87	4.21	12.54	9.3	1021	261	69
2.75	15.09	4.77	12.2	10.03	2074	262	73
2.6	13.68	3.48	15.99	9.97	2727	263	76
3.51	14.55	3.06	13.37	10.16	2708	264	72
2.33	13	3.72	11.24	10.24	3222	265	71
1.65	17.9	2.34	13.16	10.66	1877	266	70
3.11	16.39	3.08	13.14	10.1	4216	267	75
3.57	14.08	2.89	14.55	9.53	2770	268	72
3.13	15.03	4.33	16.36	9.38	1663	269	72
2.4	17.95	3.69	12.1	9.19	4579	270	84
3.74	18.23	3.66	15.03	8.28	3527	271	84
2.97	15.59	3	12.73	10.64	2829	272	73
3	15.22	3.91	13.88	9	2299	273	84
3.39	17.52	4.73	13.05	10.51	2683	274	84
2.23	16.86	5.03	12.4	7.82	1572	275	84
3.32	16.65	3.2	11.71	8.11	2528	276	84
2.4	18.12	2.84	10.92	7.75	916	277	84
3.83	15.79	3.93	12.57	9.07	1830	278	84
2.91	16.58	3.16	13.72	9.13	1960	279	84
2.13	15.07	4.45	12.47	9.74	2157	280	84
2.27	16.34	5.06	13.1	7.52	1542	281	84
2.36	16.76	3.28	11.71	11.71	3227	282	84
2.85	20.18	4.47	12.08	9.72	2037	283	84
3.81	19.28	3.59	10.89	7.84	918	284	84
2.89	12.9	3.74	12.51	6.9	1767	285	84
2.43	17.33	3.56	12.25	10.16	1771	286	84
2.38	14.52	5.87	13.89	8.17	1260	287	84
1.91	12.99	4.39	12.42	7.78	2094	288	84
2.14	13.72	4.37	13.32	7.51	2289	289	84
4.07	15.2	2.75	11.7	9.28	2112	290	84
2.28	14.89	3.88	10.4	9.29	2626	291	84
3.01	15.95	3.96	9.68	8.98	1994	292	84
3.32	19.12	3.9	9.39	11.74	2589	293	84
3.5	16.87	3.42	12.47	9.54	1227	294	84
2.68	15.45	3.64	10.1	8.79	1456	295	84
3.35	14.95	2.94	12.12	8.68	4355	296	84
2.45	18.28	3.72	10.01	9.76	3228	297	84
2.58	16.03	3.11	12.03	8.93	5619	298	84
2.05	15.87	3	13.07	12.41	3465	299	84
2.55	15.09	5.09	11.09	8.36	550	300	84
2.5	14.78	2.88	12.26	8.67	3957	301	84
2.01	13.39	4.38	13.98	8.06	844	302	84
3	15.33	4.17	12.49	9.18	2635	303	84
3.19	11.85	4.33	12.75	8.42	2008	304	84
2.65	16.32	3.21	11.91	10.14	1587	305	84
2.98	14.17	5.63	13.09	8.04	1207	306	84
2.97	16.28	4.2	14.83	10.42	1382	307	84
3.16	14.67	3.9	14.3	9.26	2182	308	84
1.61	13.94	3.96	12.28	9.98	2044	309	84
2.59	15.34	3.37	11.55	9.15	3324	310	84
2.64	15.34	2.74	18.35	11.46	1858	311	70
2.2	16.04	3.89	14.43	9.04	2544	312	84
2.32	10.75	2.03	11.81	9	1033	313	76
1.72	9.65	2.67	11.65	7.55	1047	314	76
1.8	13.68	2.93	12.41	10.15	1330	315	77
4.36	17.39	5.28	17.07	11.47	1857	316	77
2.74	15.25	2.46	12.97	10.56	3540	317	68
2.34	14.82	4.48	12.83	7.81	2611	318	77
5.25	14.47	3.32	16.2	9.22	2018	319	72
2.9	16.68	1.92	11.52	10.94	3273	320	69
2.9	15.07	2.63	17.83	11.19	2243	321	85
3.81	12.94	3.49	14.88	9.81	2466	322	85
2.35	13.27	3.77	16.95	10.52	1274	323	85
4.14	12.72	3.47	15.22	9.63	1038	324	85
0.88	11.09	0.29	13.28	11.82	685	325	85
3.94	14.11	2.19	17.66	8.47	2055	326	85
4.23	13.19	4.02	16.33	10.74	1843	327	85
2.59	14.99	2.02	14.12	10.95	347	328	85
2.76	12.99	2.68	14.48	10.18	2279	329	85
3.43	17.37	3.84	18.59	13.13	495	330	85
2.69	15.87	2.91	12.58	7.79	3157	331	85
2.96	13.4	4.59	14.45	10.47	2769	332	85
3.04	14.14	4.64	15.51	8.66	2759	333	85
4.87	13.62	4.03	14.14	10.01	1909	334	85
2.81	16.65	1.85	12.67	10.42	5020	335	85
4.31	11.79	2.68	13.58	9.27	1230	336	85
1.76	13.97	1.83	11.99	10.53	2735	337	85
2.76	12.8	2.76	16.54	6.59	1016	338	85
2.77	12.34	3.96	14.73	8.9	1337	339	85
1.73	11.97	2.12	14.81	9.74	1796	340	85
2.77	14.54	2.37	12.44	10.07	1479	341	85
2.44	14.99	2.26	13.38	11.72	1681	342	85
3.14	17.21	2.79	13.65	11.34	2865	343	85
1.61	13.73	3.11	16.38	10.38	867	344	85
2.58	13.27	2.88	21.39	10.84	1356	345	85
3.79	14.04	1.63	19.01	10.06	1531	346	85
2.09	16.8	2.09	14.36	9.67	2006	347	85
3.86	15.54	2.55	14.44	10.7	5645	348	85
3.23	13.8	2.07	13.76	9.85	2507	349	85
2.6	13.77	2.7	12.98	8.47	1888	350	85
4.38	13.15	2.7	15.19	9.63	1962	351	85
2.94	16.08	3.18	13.61	11.01	2108	352	85
1.77	16.28	2.05	12.07	10.57	2875	353	85
4.31	15.56	2.18	12.41	8.48	2159	354	85
1.65	13.99	2.67	15.84	6.79	486	355	85
3	15.14	3.32	9.7	10.89	1598	356	85
2.31	14.12	4.58	13.57	9.1	2770	357	85
2.92	13.09	2.92	12.82	10.99	1474	358	85
3.12	13.9	2.18	17.73	10.66	1698	359	85
1.88	11.75	1.06	15.31	10.56	1600	360	85
1.5	13.66	1.98	12.69	9.43	2270	362	85
2.3	16.53	2.05	15.19	11.83	2831	363	85
1.74	12.11	1.28	14.59	10	1090	364	85
2.98	13.17	2.51	17.74	9.53	1511	365	85
1.69	15.48	1.59	19.94	12.4	1008	367	85
1.84	12.43	1.62	14.34	10.24	1416	368	85
2.5	15.31	3.64	13.45	9.6	2802	369	85
2.52	14.33	3.29	15.77	9.23	2980	370	85
3.4	13.06	2.82	17.92	10.54	2059	371	85
2.27	17.07	3.24	14.96	9.29	1851	372	85
2.36	13.38	4.05	12.3	9.82	3259	373	85
3.46	12.95	2.09	14.32	8.13	1243	374	85
2.79	16.54	2.99	16.42	8.82	2473	375	85
2.55	13.65	2.14	15.27	9.4	3406	376	85
3.13	13.49	2.43	18.36	10.19	1727	377	85
2.54	13.73	1.76	13.4	10.74	2440	378	85
3.54	15.84	3.29	15.71	9.13	1610	379	85
1.62	15.61	1.73	14.02	10.56	2832	380	85
2.48	14.14	2.16	16.15	11.45	1895	381	85
2.4	14.28	2.4	15.58	9.85	2914	382	85
2.82	14.22	1.92	17.91	8.47	2870	383	85
2.73	16.36	1.41	14.64	9.96	2268	384	85
2.36	13.75	3.44	15.63	8.42	1484	385	85
1.77	15.03	2.99	13.35	10.27	1071	386	85
1.5	15.42	2	15.65	7.57	1796	387	85
1.53	17.55	1.6	13.23	11.3	1504	388	85
2.92	15.67	1.58	14.46	9.36	1646	389	85
1.77	10.6	2.12	14.84	11.31	283	390	85
2.17	13.25	2.45	17.7	10.2	2853	391	85
3.61	14.51	3.81	16.28	9.59	1523	392	85
2.12	12.25	2.6	13.55	12.46	1461	393	85
2.29	12.11	1.59	13.25	10.58	3147	394	85
1.84	12.47	3.9	12.33	10.04	2230	395	85
1.65	16.75	2.2	11.62	9.89	2185	396	85
2.7	18.66	1.8	15.49	9.78	2995	397	85
2.6	13.22	3.13	13.59	8.97	1884	398	85
2.77	14.23	2.32	13.74	10.75	2242	399	85
2.21	13.72	2.61	14.17	7.53	2033	400	85
2.83	9.04	1.86	17.81	9.18	1449	401	85
2.28	11.95	3.07	15.82	9.56	1757	402	85
2.97	12.67	2.24	15.97	8.51	1515	403	85
2.53	15.03	2.45	12.22	8.04	2488	404	85
4.13	14.48	2.1	12.18	9.35	3005	405	85
2.13	12.2	2.25	14.45	12.62	1688	406	85
1.11	17.52	2.23	10.1	8.02	1347	407	85
2.4	17.54	3.59	14.41	11.87	2873	408	85
2.27	15.49	3.83	15.53	9.79	2247	409	85
2.12	11.74	2.24	13.98	8.55	1695	410	85
1.29	13.57	3.79	14.13	9.51	1083	411	85
4.02	11.57	2.33	18	8.47	1417	412	85
3.66	13.14	1.98	12.76	8.74	1614	413	85
2.5	15.43	2.08	13.35	9.5	3557	414	85
1.75	13.66	1.8	14.48	10	1830	415	85
1.65	11.19	1.85	14.2	12.06	1028	416	85
2.35	12.08	2.35	15.19	10.48	2509	417	85
1.32	13.24	2.02	11.92	7.85	2281	418	85
3.03	14.23	2.27	15.56	9.82	4756	419	85
1.94	15.43	1.41	15.04	9.25	3039	420	85
2.02	13.91	1.64	13.97	10.52	5198	421	85
1.77	14.15	2.64	13.44	8.67	2537	422	85
3.4	12.93	3.06	11.72	10.43	2321	423	85
3.09	11.92	2.13	13.2	9.26	1879	424	85
4.15	15.02	1.66	15.02	11.18	2943	425	85
2.69	14.76	2.36	15.01	10.12	5977	426	85
2.65	16.25	2.56	13.96	11.85	4498	427	85
2.95	15.07	2.87	13.54	10.44	2748	428	85
2.35	14.21	3.37	14	9.25	1957	429	85
2.98	13.51	2.52	20.22	8.48	1073	430	85
1.58	10.57	0.97	16.04	8.63	823	431	85
3.2	12.78	2.3	15.13	8.07	1784	432	85
1.27	10.93	2.12	12.97	10	1180	433	85
2.82	14.78	1.23	14.14	9.91	2199	434	85
2.37	13.56	3.37	12.55	12.08	1689	435	85
3.21	15.07	4.61	14.37	10.11	2582	436	72
3.33	10.81	2.31	15.66	9.38	2165	437	85
2.75	12.36	2.97	11.99	8.21	2727	438	85
2.84	13.32	3.9	12.37	9.72	2643	439	85
1.23	17.28	2.78	10.97	11.55	1221	440	70
1.79	13.19	2.79	12.25	11.31	3297	441	71
2.07	13.13	1.54	16.2	10.11	1691	442	73
2.26	15.25	3.35	12.65	9.95	2301	443	69
3.4	13.23	3.03	13.61	10.02	1617	444	69
1.22	11.03	2.37	9.74	10.22	1478	445	76
1.24	11.12	1.16	10.81	6.64	1295	446	76
2.64	14.53	3.27	13.56	10.64	1438	447	73
2.7	16.1	2.77	13.04	9.34	3074	448	86
1.84	14.27	3.29	12.31	12.45	4135	449	71
1.81	16.34	3.42	11.22	8.92	3654	450	86
2.83	14.82	4.17	13.83	9.15	2928	451	86
2.8	13.84	3.56	12.85	7.21	3425	452	86
1.92	15.21	3.71	12.11	8.82	3130	453	86
3.62	16.43	3.9	12.29	8.29	2872	454	86
3.13	14.74	4.33	12.24	10.94	2999	455	86
2.1	15.64	5.16	12.49	9.06	2385	456	86
2.73	15.42	3.7	13.87	8.57	2380	457	86
1.86	16.38	4.09	12.92	10.63	3010	458	86
2.9	17.46	3.43	12.47	10.17	3384	459	86
2.55	16.47	3.04	13.23	9.84	4044	460	86
3.59	14.97	5.12	12.47	8.87	1837	461	86
1.57	15.48	1.37	11.56	9.75	2041	462	70
1.75	14.72	1.6	10.98	11.37	1311	463	70
2.33	14.97	5.64	12.87	9.65	2145	464	68
2	13.55	5.45	13.18	9.64	1100	465	74
3.71	12.27	3.86	13.47	10.28	2666	466	74
3.06	13.82	4.08	18.18	9.53	1469	467	74
3.35	14.34	3.16	12.37	9.95	2182	468	75
2.91	12.26	5.22	15.78	6.31	824	469	74
2.96	13.45	3.58	13.6	10.07	1926	470	73
2.31	12.12	1.54	12.06	10.94	1691	471	87
3.34	12.73	3.68	16.07	7.35	1469	472	87
1.57	9.76	1.36	12.69	10.18	2357	473	87
2.92	13.58	1.34	15.15	10.02	1267	474	87
2.65	15.73	3.35	11.56	13.84	3165	475	87
3.05	17.03	1.91	16.77	7.62	787	476	69
2.42	10.95	1.83	14.69	9.89	2356	477	87
2.56	14.65	2.56	12.53	11.12	1133	478	87
2.08	11.42	1.92	13.84	8.67	3274	479	87
2.1	15.56	3	12.15	8.36	1902	480	87
2.32	16.56	1.89	9.94	11.51	3231	481	87
3.1	13.28	2.48	14.21	12.47	2582	482	87
2.71	13.57	2.26	11.86	11.64	5344	483	87
2.79	13.34	1.41	14.06	10.18	3478	484	87
3.16	14.77	1.89	12.28	12.17	4339	485	87
2.78	13.55	1.68	15.12	11.2	3519	486	87
2.98	11.98	1.57	11.35	10.56	1912	487	87
3.45	15.75	1.52	10.1	12.15	2692	488	87
3.54	14.23	1.97	14.75	12.83	3499	489	87
3.17	13.05	3.11	10.74	9.24	1862	490	87
3.28	12.22	3.44	12.88	11.24	3052	491	87
2.33	11.84	1.81	12.78	8.15	2872	492	87
3.41	13.82	2.01	15.09	9.93	2287	493	87
3.44	13	1.91	16.73	7.65	1046	494	87
1.77	13.27	1.61	10.88	11.8	5019	495	87
2.78	14.59	1.83	9.88	11.53	2845	496	87
2.2	13.21	2.82	10.83	13.03	3905	497	87
1.52	14.69	2.87	11.31	8.61	1777	498	87
1.86	14.19	3.26	14.08	10.64	3770	499	87
2.61	14.98	2.84	13.76	13.34	3524	500	87
2.86	15.96	3.24	16.01	10.43	2099	501	87
2.38	11.24	2.38	16.89	11.18	1557	502	87
1.93	13.77	2.99	11.41	12.73	5555	503	87
1.36	15.08	3.32	15.41	9.73	2713	504	87
1.87	10.67	1.46	17.64	8.64	1922	505	87
2.34	13.27	1.21	14.15	9.54	2389	506	87
1.66	15.11	3.15	12.55	8.06	2892	507	69
2.18	13.7	2.33	14.39	10.47	3906	508	71
2.8	15.66	3.47	13.03	11.17	3607	509	72
1.81	11.81	3.14	11.47	11.44	3252	510	71
3.62	12.21	5.02	14.1	9.14	1794	511	72
2.66	16.93	3.64	14.12	8.73	1317	512	72
2.43	12.57	2.83	13.88	10.59	1520	513	69
3.71	15.3	2.48	15.73	10.58	2504	514	70
3.12	16.31	3.12	12.55	8.47	1251	515	69
2.37	15.82	2.65	10.16	10.91	2529	516	88
2.61	15.37	4.19	11.31	9.24	2219	517	69
2.86	12.5	3.97	13.01	10.75	2168	518	88
1.74	13.58	3.56	11.75	7.95	1208	519	88
2.28	13.75	2.69	11.51	9.44	2415	521	88
2.28	13.96	3.12	13.96	9.59	2722	522	88
2.4	14.1	3.72	11.12	9.88	2419	523	88
2.87	14.09	7.16	13.19	11.04	1675	524	88
2.14	12.63	3.9	12.72	11.61	1077	525	88
2.18	14.61	2.91	14.07	10.38	2573	526	88
2.93	13.91	2.45	14.69	10.57	1675	527	88
2.6	13.42	6.49	15.15	7.79	231	528	88
1.41	12.45	3.14	14.23	9.79	1848	529	88
2.8	12.48	2.37	15.59	8.16	2572	530	88
2.09	12.34	4.62	14	7.2	2293	531	88
1.75	14.55	3.95	13.39	12.29	1546	532	88
2.19	14.05	3.94	13.26	11.32	2791	533	88
3.28	12.91	2.3	14.28	8.97	1828	534	88
2.76	12.57	3.72	13.59	12.48	2068	535	88
2.46	13.7	4.28	11.94	10.87	1868	536	88
2.8	13.65	3.32	11.64	9.23	1538	537	88
3.21	15.12	3.63	11.63	10.84	2150	538	88
4.83	12.11	2.26	10.99	12.01	974	539	88
2.5	13.91	4.25	10.54	11.53	1718	540	88
1.79	12.62	3.53	11.68	10.74	2123	541	88
2.11	13.58	5.79	12.13	9.85	1797	542	88
2.86	13.09	3.71	13	11.04	2346	543	88
4.05	12.89	2.78	13.83	9.65	3305	544	88
3.55	15.57	3.99	13.19	11.34	2479	545	88
2.26	14.05	4.85	15.43	9.92	1815	546	88
2.88	13.17	4.53	11.93	13.91	1215	547	88
3.94	14.48	2.11	14.02	10.63	1091	548	88
3.38	13.32	3.07	14.92	9.39	1629	549	88
2.72	14.57	3.92	13.65	10.57	2498	550	88
2.96	12.82	3.12	14.13	9.12	1217	551	88
1.59	14.65	2.57	14.12	8.84	1324	552	88
3.04	12.8	4.64	16.31	10.78	1938	553	88
2.92	14.08	3.87	13.93	9.34	1371	554	88
2.79	13.76	4.09	12.16	9.78	1933	555	88
2.31	11.83	4.46	11.42	8.71	1952	556	88
2.51	12.9	4.2	13.91	11.95	2193	557	88
2.7	15.37	2.95	15.59	9.45	3970	558	88
2.66	12.27	4.09	13.26	8.87	2029	559	88
3.26	14.39	3.22	13.57	10.89	2543	560	88
2.81	15.38	3.35	16.21	11.08	2419	561	88
3.32	12.73	3.47	15.29	13.08	1988	562	88
3.83	14.67	4.3	14.44	11.79	1697	563	88
3.07	12.75	4.27	13.08	11.28	1827	564	88
2.82	13.86	3.56	10.88	10.42	2554	565	88
3.38	11.61	2.78	12.9	9.87	2807	566	88
2.4	12.42	3.22	15.8	9.53	3044	567	88
2.41	13.65	5.64	12.92	13.65	2198	568	88
2.93	14.18	3.55	12.1	10.39	2454	569	88
1.81	14.17	4.12	13.52	9.04	1383	570	88
2.53	14.12	4	13.79	11.06	1501	571	88
2.41	14.36	4.2	13.23	11.2	2117	572	88
3.28	13.54	4	16	11.69	975	573	88
2.88	12.87	3.81	11.43	10.5	1391	574	88
2.49	11.5	3.29	12.15	7.99	2766	575	88
2.37	12.85	3.8	11.72	10.08	1945	576	88
2.87	10.94	3.6	11.41	9.81	1499	577	88
1.68	13.18	2.39	12.95	8.49	3391	578	88
2.18	13.33	3.56	12.19	10.06	2108	579	88
2.14	13.59	2.87	13.94	9.04	2612	580	88
2.7	14.3	3.19	11.03	9.93	2448	581	69
2.47	14.59	4.66	9.66	11.33	1501	582	8
2.19	17.41	2.28	9.8	11.89	1051	583	8
2.65	13.57	2.65	10.24	10.39	1319	584	8
2.96	15.21	4.44	10.56	14.47	947	585	8
1.51	14.95	3.02	10.29	12.07	729	586	8
1.32	11.51	1.66	12.82	7.84	1747	590	76
0.78	15.37	1.65	11.58	9.82	1028	594	76
2.18	17.13	3.62	12.98	14.79	1880	600	70
2.3	15.42	2.17	17.59	10.37	1524	602	69
3.91	14.79	2.05	13.58	10.79	1075	607	69
2.85	16.99	2.75	13.91	9.01	2143	610	69
3.25	15.47	2.89	11.57	8.03	1383	615	69
3.14	14.09	2.8	13.36	8.38	5642	616	89
3.25	15.31	3.16	12.97	9.76	2090	617	77
2.76	15.77	2.99	12.56	8.41	4744	618	89
3.65	14.97	2.31	14.28	8.47	3340	619	89
2.26	13.03	2.36	13.01	8.39	4029	620	89
2.76	15.64	1.72	17.26	8.65	1918	621	89
3.87	19.13	1.59	17.31	7.06	439	622	89
3.28	14.98	3.31	18.65	8.07	3297	623	89
2.53	15.78	2.11	12.4	9.93	4734	624	89
2.27	12.57	1.75	15.06	7.97	1368	625	89
2.65	15.5	2.01	16.45	10.6	4225	626	89
3	15.51	3.26	17.9	9.6	4938	627	89
2.98	15.08	2.87	13.89	8.29	2786	628	89
2.93	12.86	2.79	13.43	8.51	4268	629	89
2.23	15.36	2.44	16.54	12.16	2376	630	89
2.44	15.31	3.07	13.5	11.89	2540	633	75
2.26	14.8	3.14	11.78	8.31	3540	634	71
1.79	15.94	2.49	10.57	11.47	3131	636	71
3.16	15.24	2.97	10.96	8.92	2691	637	71
3.49	16.41	2.12	14.15	10.17	3815	638	70
2.81	13.27	3.97	14.72	9.93	2065	639	73
3.71	14.23	2.12	13.14	8.75	2024	640	73
2.51	15.53	2.56	16.16	9.69	2228	641	70
2.07	11.68	2.36	17.55	9.36	2371	642	70
2.75	13.88	4.07	15.14	10.17	1671	643	90
2.39	15.75	2.59	12.26	11.17	1003	644	90
1.85	12.43	2.89	14.88	8.73	2977	645	90
2.7	10.94	4.8	15.74	8.55	667	646	90
2.13	13.1	3.64	12.96	7.75	1458	647	90
3.33	15.51	2.09	13.08	10.76	2676	648	90
3.41	11.92	2.08	13.21	9.55	2021	649	76
2.14	14.08	2.71	12.73	10.27	4353	650	90
1.29	12.36	1.67	15.7	9.14	777	651	90
3.43	13.74	1.73	12.85	8.63	3581	652	90
2.93	12.55	2.69	13.9	7.79	2079	653	90
3.62	13.46	3.25	14.94	8.58	1352	654	90
2.65	13.91	2.25	15.7	10.63	3020	655	90
1.83	15.71	2.44	15.01	8.26	3112	656	90
2.14	12.29	3.05	13.16	10.5	2295	657	90
2.24	13.36	2.18	14.23	7.01	2896	658	90
2.59	12.06	3.23	13.47	9.69	2354	659	90
1.83	13.67	2.84	14.05	10.71	1587	660	77
2.36	15.18	3.37	12.42	8.43	1482	661	68
2.87	13.8	4.59	14.13	10.93	3312	662	75
3.3	14.04	2.81	14.29	9.04	819	663	69
3.55	15.81	3.55	16.02	8.49	930	664	69
2.25	17.52	2.81	13.43	7.25	1958	665	76
2.08	13.68	1.98	13.63	8.82	1871	666	91
2.13	17.18	2	14.67	9.1	2351	667	91
1.84	15.22	2.99	10.45	10.24	1905	668	91
1.79	15.1	3.27	15.33	9.97	1344	669	91
2.38	15.64	3.15	10.4	9.46	2442	670	91
2.44	19.21	3.38	13.52	11.26	1598	671	91
2.76	17.58	3.23	10.44	8.75	1485	672	91
1.86	15.83	2.44	11.99	9.43	1718	673	91
2.61	14.9	2.49	11.87	10.12	2410	674	91
1.58	14.93	1.83	12.67	8.95	1587	675	91
2.73	14.23	1.97	14.82	8.54	3043	676	91
2.01	15.52	1.58	13.51	10.7	1392	677	91
2.4	17.64	3.41	12.22	11.89	1497	678	91
1.79	13.66	3.21	13.13	9.2	1120	679	91
1.63	13.52	2.34	12.86	11.08	1968	680	91
2.93	12.13	2.93	12.13	7.99	989	681	76
2.53	16.83	4.42	15.74	7.5	3120	682	68
1.67	13.26	1.61	14.67	10.45	1493	683	69
2.57	12.86	2.75	13.13	9.55	1089	684	69
1.81	12.78	2.15	12.78	9.76	3483	685	71
2.57	13.66	4.93	12.32	7.91	974	686	69
2.33	15.11	3.5	11.24	9.92	1886	687	69
2.67	16.16	5.34	16.41	8.27	1572	688	69
1.99	10.96	1.79	12.65	8.07	1004	689	76
1.86	11.07	2.3	13.11	7.26	1129	690	76
3.16	11.9	3.67	13.23	7.98	3295	691	92
3.24	12.16	2.91	12.24	9.21	2713	692	92
3.35	13.76	3.13	12.51	9.13	3133	693	92
2.65	13.43	4.63	14.56	8.45	2226	694	92
2.44	17.42	2.78	12.98	10.1	2990	695	92
3.05	14.01	2.7	13.06	7.93	3669	696	92
2.37	15.21	3.12	11.19	9.8	2662	697	92
2.87	13.26	3.48	13.31	9.12	2127	698	92
2.87	11.79	4.43	13.88	9.12	1535	699	92
2.48	15.97	2.74	10.84	9.99	3062	700	92
2.3	13.23	2.83	13.7	7.99	3393	701	92
2.65	14.64	3.07	12.59	9.54	5013	702	92
2.48	14.56	3.04	14.65	9.59	3222	703	92
3.13	11.14	4.17	14.43	7.19	1822	704	92
3.09	16.98	3.54	12.72	9.47	2461	705	92
3.43	16.19	3.14	12	10.71	4368	706	92
3.14	15.32	4.7	12.1	9.68	2768	707	92
1.85	12.82	4.56	12.96	8.26	702	708	92
3.12	15.99	2.99	14.22	8.8	3046	709	92
3.5	14.9	2.78	13.79	9.28	3772	710	92
3.74	14.62	2.95	13.8	8.61	3427	711	92
3.38	10.97	3.15	12.31	7.76	1714	712	92
2.87	14.61	3.38	12.03	9.76	3134	713	92
2.52	14.12	3.3	11.6	9.5	2422	714	92
1.66	16.41	2.4	11.57	12.99	2834	715	70
2.2	14.83	2.75	10.76	10.34	2185	716	70
3.04	14.81	3.58	13.24	10.74	1843	717	70
3.73	10.49	4.66	17.02	10.26	429	718	70
2.5	13.23	7.84	12.3	10.27	1723	719	68
2.22	15.01	5.24	12.88	9.5	1126	720	77
3.52	13.06	3.96	13.13	8.14	1363	721	77
3.34	10.78	4.4	12.86	9.31	2932	722	68
2.05	15.23	1.97	10.01	12.23	1169	723	70
1.8	15.46	4.38	14.89	6.54	1941	724	93
2.76	14.6	3.49	11.84	9.56	1664	725	93
2.48	15.98	4.5	13.62	8.33	3422	726	93
2	15.85	5.1	13.36	10.59	1804	727	93
2.99	14.42	4.43	16.55	8.65	1873	728	93
2.33	12.68	1.9	11.21	10.78	946	729	70
1.62	12.39	5.21	12.48	8.12	1170	730	93
3.22	16.05	3.22	12.52	10	2580	731	93
1.97	12.77	4.06	12.53	8.83	2537	732	93
2.8	13.31	4.44	14.43	6.83	1961	733	93
2.86	15.6	4.47	14.14	10.66	2730	734	93
3.17	15.94	5.48	12	9.17	1167	735	93
1.99	15.91	4.64	17.72	10.07	1659	736	93
3.22	17.04	4.52	10.81	10.34	1461	737	93
1.16	16.15	2.31	12.63	8.75	2161	738	93
1.8	15.45	4.94	11.06	8.31	1275	739	93
2	15.61	7.53	11.89	10.25	1102	740	93
2.81	16.09	2.95	14.57	8.34	2169	741	93
2.37	14.33	2.88	11.71	7.65	2365	742	93
2.02	16.84	3.72	15.3	9.47	1235	743	93
2.29	12.32	5.9	14.68	8.41	1356	744	93
1.63	11.8	2.37	14.04	8.75	1474	745	93
1.61	14.85	3.47	14.59	9.11	1987	746	93
2.28	17.38	3.66	14.59	8.73	3988	747	93
3.06	14.19	3.54	12.13	10.99	2911	748	72
2.51	16.71	4.08	14.38	9.92	1592	749	69
2.96	15.58	5.42	14.82	9.55	2638	750	69
3.07	14.52	1.74	14.02	12.19	2411	751	70
4.26	16.3	3.07	18.07	10.3	3448	752	70
1.93	13.21	3.63	13.92	12.59	2120	753	71
3.55	14.83	2.31	13.48	11	1773	754	72
3.22	15.41	3.02	14.55	10.42	2083	755	72
2.25	13.38	3.31	13.1	11.97	1420	756	70
2.59	13.07	3.02	14.96	9.27	3970	757	71
2.48	14.33	6.3	11.46	9.46	1047	758	94
2.67	15.95	2.82	15.95	8.2	1987	759	94
3.37	14.21	2.63	13.37	10.28	3948	760	94
3.29	13.05	3.29	11.63	9.36	1977	761	94
2.14	13.13	1.92	15.96	10.41	1873	762	94
3.2	14.81	3.51	14.91	9.86	1938	763	94
2.29	16.54	3.97	13.75	12.02	1614	764	70
2.09	12.67	2.27	13.24	9.78	2771	765	71
2.25	13.55	3.85	11.81	10.88	3115	766	71
2.6	17.34	3.49	15.73	11.04	1920	767	72
2.82	12.43	3.48	16.76	10.83	1062	768	77
2.34	16.44	2.53	13.98	11.44	2604	769	73
2.91	14.91	2.7	12.78	11.15	1408	770	73
2.2	14.61	4.22	13.63	8.82	2369	771	77
4.36	15.81	2.47	18.7	11.32	2385	772	70
2.83	11.52	2.22	14.75	4.24	495	773	95
2.28	13.92	4.36	12.54	11.6	2018	774	73
2.23	12.63	7.01	15.56	7.63	1298	775	95
3.28	12.21	4.35	12.57	7.27	1679	776	95
2.04	13.75	4.69	12.2	7.4	1811	777	95
3	13.59	3.96	12.95	7.59	1567	778	95
2.87	12.85	1.89	14.69	8.24	1954	779	95
3.1	14.52	4.54	13.26	9.93	1742	780	95
2.68	15.57	2.6	13.54	8.43	1233	781	95
2.06	12.06	5.66	16.91	8.09	1360	782	95
3.13	15.92	4.66	14.39	9.14	1181	783	95
2.35	11.59	4.84	12.99	9.24	1363	784	95
2.83	13.26	2.54	12.34	9.23	1734	785	95
3.37	10.97	6	15.56	7.5	1067	786	95
2.18	10.88	3.99	11	10.88	827	787	95
3.08	13.24	3.83	12.16	8.66	1201	788	95
2.84	13.08	5.25	14.17	9.22	2745	789	68
2.91	16.03	3.61	14.24	10.09	6321	790	68
1.73	12.93	3	11.4	9.87	1965	791	70
5.02	15.22	3.18	14.44	8.78	1413	792	72
1.61	14.41	2.64	12	12	1742	793	70
2.52	16.21	2.36	12.43	9.83	1271	794	73
2.68	13.7	3.15	14.88	11.65	1270	795	73
2.22	18.56	2.28	20.43	7.28	3201	796	70
2.19	14.52	3.73	15.45	10.08	2142	797	77
2.22	12.88	4.17	12.67	9.4	1894	798	96
2.71	13.9	2.06	19.77	8.58	1993	799	96
2.61	12.01	3.96	14.42	8.69	1415	800	96
1.83	13.09	4.16	14.36	9.13	1971	801	96
3.38	11.74	2.9	13.47	8.14	2309	802	96
3.5	9.22	2.44	20.55	6.04	944	803	96
2.12	13.73	2.63	12.86	9.57	1369	804	96
2.79	13.15	3.45	16.39	8.9	2258	805	96
2.41	13.53	2.71	14.44	8.57	665	806	77
4.22	13.55	3.24	16.94	10.17	1328	807	96
2.62	14.67	2.92	14.49	7.27	1677	808	96
3.24	15.01	2.86	17.11	7.63	1572	809	96
1.54	12.55	3.37	16.2	9.89	1426	810	96
3.14	15.92	5.45	15.08	8.8	955	811	96
2.32	12.89	2.97	13.08	9.93	1078	812	96
2.91	11.84	4.83	14.42	7.28	1512	813	96
1.03	10.92	3.83	12.98	9.24	1071	814	96
1.73	11.58	3.6	14.25	10.12	751	815	96
2.21	14.21	5.21	16.48	11.33	1766	816	96
1.55	12.25	3.56	12.61	6.67	1094	817	96
2.97	14.01	3.96	12.28	8.33	1213	818	96
2.18	12.75	4.35	14.46	7	1286	819	96
2.97	13.67	5.09	16.21	7.22	1178	820	96
4.79	13.54	5.2	13.68	9.3	731	821	96
3.62	13.31	3.79	14.74	6.49	1187	822	96
1.8	13.6	2.83	12.57	11.15	1838	823	96
3.07	13.76	2.44	14.16	9.95	1759	824	96
2.7	12.56	3.52	14.26	11.4	1816	825	96
1.64	10.97	4.32	14.77	8.38	1158	826	96
2.55	12.69	3.51	14.6	8.67	1568	827	96
2.59	12.08	4.39	17.56	7.68	1002	828	96
1.66	12.75	3.62	14.94	8.91	1325	829	96
2.16	12.94	3.47	15.49	7.7	1298	830	96
1.82	10.85	2.93	12.51	8.63	1263	831	96
2.1	12.29	2.55	14.06	12.18	903	832	96
2.23	12.5	3.39	13.57	9.02	1120	833	96
2.71	12.85	4.44	12.75	9.66	1035	834	96
3.12	12.95	4.48	15.19	8.57	1027	835	96
3.38	13.53	2.32	16.59	10.02	1597	836	96
1.54	11.81	4.12	14.78	8.3	1820	837	96
2.51	12.07	3.68	16.3	6.66	1276	838	96
3.64	12.82	4.72	13.21	7.84	2308	839	96
3.02	13.19	3.23	15.59	7.55	1456	840	96
1.96	13.56	4.21	13.28	8.51	1069	841	96
3.25	12.48	3.48	13.92	9.3	1322	842	96
2.51	15.59	3.58	12.88	11.57	1591	843	73
2.43	11.25	3.75	18.24	8.82	1360	844	96
3.35	14.79	2.68	12.54	9.56	1643	845	69
2.57	14.81	3.85	14.22	9.18	1013	846	69
2.01	13.07	2.62	11.15	11.76	2440	847	71
1.92	15.62	3.38	11.77	10.81	2395	848	71
2.98	14.55	2.13	14.1	9.77	2446	849	70
3.15	13.38	3.36	11.83	10.36	1428	850	68
3.2	15.83	3.2	14.59	10.16	1624	851	69
2.1	15.17	3.22	15.89	9.32	1523	852	70
2.69	15.28	4.87	13.94	10.24	1191	853	97
2.45	14.92	2.82	15.52	8.02	1347	854	97
2.78	14.55	3.72	14.23	9.23	2123	855	69
2.61	15.59	3.83	11.82	10.73	3028	856	97
2.59	17.27	4.84	13.44	9.67	1778	857	97
2.08	14.05	5.71	12.84	9.34	1488	858	97
1.86	13.83	4.46	11.23	13.18	1077	859	97
2.83	14.38	3.52	10.56	7.73	2330	860	97
1.66	14.52	4.69	11.24	11.59	1984	861	97
2.44	14.9	4.09	10.56	10.28	4545	862	97
2.44	15.43	2.99	11.77	9.83	4181	863	97
3.26	14.67	2.88	13.06	9.99	2672	864	72
2.64	13.1	2.13	13.56	7.93	1740	865	70
2.11	14.88	3.1	13.52	9.74	1324	866	73
2.75	14.29	1.89	12.94	10.46	1855	867	70
3.94	16.33	2.82	17.4	9.74	1776	868	70
1.69	13.37	2.92	12.1	12.01	2364	869	71
1.67	14.97	3.72	11.96	11.07	4383	870	71
2.6	13.33	3.21	14.21	6.8	1808	871	72
4.23	14.41	2.98	10.87	11.56	3053	872	72
2.24	13.89	5.59	14.42	10.01	1699	874	68
4.33	13.35	2.46	12.32	11.06	2840	875	98
3.65	13.56	2.87	14.21	8.87	767	876	98
3.61	15.67	3.5	10.76	9.56	1914	877	98
3.04	13.42	2.26	12.87	9.69	2168	878	98
2.59	15.44	3.01	12.98	11.11	2358	879	98
2.42	13.96	2.36	12.97	9.68	1612	880	98
4.81	13.8	2.57	13.48	10.65	1558	881	98
3.1	13.37	3.46	12.64	10.45	1646	882	98
3.84	14.58	3.99	13.76	11.36	1955	883	98
3.32	13.68	2.64	13.82	9.95	2200	884	98
3.55	13.51	2.56	13.77	9.96	1917	885	98
3.24	13.58	2.91	13.82	10.25	2098	886	98
2.71	17.14	3.29	9.71	11.04	1884	887	98
2.58	17	4.14	10.94	9.79	2441	888	98
2.43	12.26	4.15	11.42	9.46	2961	889	98
2.3	15.03	3.84	10.51	9.84	4217	890	98
2.34	14.28	3.29	12.87	11.17	3893	891	98
1.55	11.92	3.1	10.42	8.77	1871	892	98
3.74	12.6	3.82	14.43	11.53	1310	893	98
1.93	15.68	3.77	11.87	9.89	3419	894	98
2.93	13.32	3.87	13.2	7.57	1704	895	98
2.12	14.14	3.45	14.97	10.1	2405	899	77
2.33	13.6	2.63	15.09	8.09	2015	901	70
2.46	15.25	2.01	13.69	11.56	1790	902	70
2.17	16.2	3.26	12.85	9.31	2117	903	9
2.27	16.79	2.97	11.73	10.68	2864	904	9
2.86	17.07	1.99	10.52	8.89	2870	905	9
1.36	15.33	2.6	12.39	10.88	4045	906	9
2.72	12.5	5.5	11.98	6.66	1728	907	9
2.02	13.43	2.02	13.47	11.6	2673	908	10
3.49	11.85	4	14.06	9.32	2177	909	77
2.22	13.43	2.75	10.73	9.66	3821	910	10
2.02	13.54	2.51	13.58	12.1	2629	911	10
2.27	14.34	2.69	12.56	12.63	2866	912	10
1.68	13.35	1.97	12.85	13	3454	913	10
2.47	12.45	2.32	13.66	11.41	4620	914	10
2.01	13.55	2.88	11.54	12.31	2990	915	10
1.85	12.78	2.04	13.97	11.61	4109	916	10
2.6	12	2.73	14.29	14.21	2309	917	11
2.17	14.74	3.5	14.37	8.03	1058	918	73
2.21	12.74	3.3	15.97	12.04	2849	919	11
5.56	15.31	4.47	14.09	14.91	738	920	11
3.08	15.92	3.27	13.02	11.02	2205	921	11
2.7	14.58	3.3	14.47	12.93	1817	922	11
2.13	12	4.22	13.97	10.04	2491	923	11
2.55	12.85	4	13.88	11.63	2623	924	11
3.42	16.66	3.53	14.67	10.09	1813	925	11
2.17	13.53	3.09	16.62	10.94	1197	926	11
2.9	10.77	2.9	13.03	10.5	1105	927	12
3.16	14.93	4.2	14.77	12.6	1929	928	12
1.92	13.23	3.17	15.19	9.98	2495	929	12
3.38	13.59	4.23	14.77	9.68	2458	930	72
2.57	14.55	3.17	12.89	12.86	3663	931	12
2.52	11.07	4.53	11.82	11.89	1590	932	12
2.5	13.57	3.36	13.03	12.78	2801	933	12
2.35	12.65	2.97	14.13	11.03	2293	934	12
2.61	13.59	2.32	14.64	12.28	4179	935	12
2.91	16.42	2.72	14.07	12.48	2132	936	12
1.43	14.58	2.53	14.71	11.47	2929	937	12
3.13	16.41	3.59	13.67	11.59	2839	938	12
2.92	12.63	3.71	13.25	8.46	3049	943	68
2.9	14.37	3.32	14.48	10.78	2652	944	71
2.95	14.21	3.06	15.06	10.6	4209	945	13
2.86	14.63	4.08	11.68	11.24	2304	946	13
3.99	17.87	3.8	11.81	11.08	3133	947	13
3.55	15.18	3.89	14.84	10.54	2648	948	13
2.73	14.19	3.46	13	10.62	2862	949	13
2.97	15.38	2.34	12.84	11.28	3465	950	13
1.92	14.07	4.38	9.99	10.38	1301	951	14
1.05	14.37	3.66	13.06	11.69	1531	952	14
3.94	14.1	4.18	11.59	7.65	837	953	14
3.04	14.24	4.14	11.31	9.33	1812	954	14
3.27	12.6	5.13	10.58	7.15	643	955	14
2.8	14.01	3.41	12.3	7.06	821	956	14
1.66	13.69	2.35	10.17	8.41	1023	957	70
2.29	13.55	4.22	10.97	9.56	1705	958	14
2.12	12.75	3.44	13.76	9.81	1977	959	14
3.43	16.1	4.76	12.95	8.33	1429	960	14
3.24	15.84	4	11.76	7.84	1326	961	14
2.87	15.47	3.04	14.99	9.39	3548	962	15
3.06	14.12	2.35	11.73	11.73	4810	963	15
3.07	16.75	2.89	11.74	12.09	4012	964	15
2.43	14.41	2.7	13.28	10.69	1853	965	15
1.65	13.98	1.88	11.57	10.11	5220	966	15
3.08	17.98	2.6	10.53	12.43	3275	967	15
2.93	15.77	3.24	11	12.41	3208	968	15
2.2	15.04	2.87	14.85	11.49	1044	969	15
3.02	14.22	1.96	12.39	10.66	3010	970	15
2.51	14.11	4.88	15.13	9.02	1474	971	77
1.43	15.47	3.08	10.7	11.72	2663	972	15
2.36	14.5	5.45	13.5	8.58	2586	973	99
2.67	14.74	3.97	10.56	9.3	2925	974	99
3.96	14.36	3.56	11.82	8.71	3030	975	99
2.46	14.6	4.06	11.54	9.59	3693	976	99
2.61	15.2	3.4	11.86	9.41	3145	977	99
2.48	16.53	3.43	11.33	9.81	5482	978	99
2.27	13.83	3.73	11.45	9	2733	979	99
2.8	13.91	3.08	13.75	9.58	3861	980	99
2.97	14.27	3.83	13.55	10.61	3469	981	99
2.9	14.29	4.16	13.5	7.73	3171	982	99
2.82	16.11	3.96	11.24	8.15	2197	983	99
3.3	15.06	2.88	14.05	8.15	2882	984	99
3.04	16.74	3.46	12.28	11.14	4535	985	69
2.64	14.54	3.32	10.63	12.81	1327	986	16
2.15	15.34	3.55	12.67	12.17	789	987	16
3.62	12.87	5.08	11.75	10.5	1438	988	16
2.97	15.74	3.37	11.19	14.85	1010	989	16
4.19	13.74	4.46	9.46	12.49	1121	990	16
1.57	16.63	4.5	12.72	13.5	511	991	16
1.75	19.03	2.79	11.54	12.18	1256	992	16
3.18	15.25	3.47	10.66	14.59	2420	993	16
3.28	15.75	2.99	11.48	12.19	1403	994	16
3.26	14.04	2.96	11.83	11.13	2300	995	16
2.71	13.43	2.06	11.92	12.19	1846	996	16
2.27	10.16	3.71	10.69	9.4	1319	997	16
2.25	12.26	2.3	12.46	9.76	1998	998	16
1.84	16.21	2.74	9.89	10.9	1789	999	17
2.65	15.33	1.87	10.25	8.16	907	1000	17
2.07	12.71	2.79	10.35	8.62	2077	1001	17
2.2	14.64	3.08	11.33	11.46	3088	1002	17
1.72	12.69	1.94	13.33	4.95	465	1003	17
4.16	12.36	3.26	10.9	11.69	890	1004	17
3.24	14.9	2.67	15.95	8.58	1235	1005	77
3.66	14.93	3.03	12.59	10.57	3329	1006	17
2.41	13.15	3.41	11.75	10.14	996	1007	17
3.04	16.58	5.4	13.74	11.68	1019	1008	69
2.4	14.81	2.64	13.46	11.86	1627	1009	18
1.96	14.26	3.17	14.46	12.95	1985	1010	18
2.77	13.57	3.44	14.45	10.67	1481	1011	18
1.2	13.71	1.48	13.52	11.58	2167	1012	18
1.7	13.88	3.19	14.24	7.44	1412	1013	18
1.45	14.8	2.91	13.03	9.95	2271	1014	18
1.66	12.07	1.52	13.82	10.18	2170	1015	18
2.14	12.65	2.79	15.11	11.62	2151	1016	19
3.94	11.64	2.83	16.01	10.62	1168	1017	19
2.96	13.89	2.21	17.08	10.63	1721	1018	19
2.78	13.17	3.65	13.17	12.49	2194	1019	19
3.68	18.09	3.14	14.3	10.94	923	1020	73
1.7	13.5	1.6	15.3	9.8	2000	1021	19
1.54	11.57	2.81	15.64	12.48	1426	1022	19
2.01	15.11	2.34	13.23	11.8	2389	1023	19
2.5	12.5	2.5	15	13.93	1120	1024	19
3.53	11.34	3.02	16.17	12.09	1985	1025	19
1.62	10	2.73	16.61	10	2709	1026	19
2.33	15.58	2.99	15.88	12.58	1971	1027	19
2.81	13.05	3.94	13.82	13	1954	1028	19
2.08	12.49	2.63	15.94	10.37	2353	1029	19
1.97	14.45	3.71	14.37	10.29	1322	1030	20
1.81	12.65	2.07	14.78	10.69	1881	1031	20
1.54	14.26	2.84	14.14	11.11	1620	1032	70
3.49	12.45	2.64	14.91	8.96	1060	1033	20
2.25	11.62	3.02	14.95	9.3	1291	1034	20
3.47	8.67	5.01	15.99	8.29	519	1035	20
2.8	13.72	3.74	12.28	11.14	1392	1036	20
2.79	14.5	4.46	19.33	10.97	538	1037	20
3.91	13.42	4.79	16.39	9.24	1483	1038	20
4.86	12	3.67	14.77	10.77	2451	1039	20
2.93	13.97	3.73	15.5	11.58	1503	1040	20
1.79	13.64	4.38	16.4	12.01	616	1041	20
3.01	16.44	2.45	15.61	11.2	1794	1042	20
3.91	17.12	3.17	12.99	10.85	1355	1043	69
2.21	15.1	3.38	10.91	10.8	5556	1044	71
2.52	15.91	4.83	14.2	7.65	993	1045	77
4.35	11.92	2.9	16.17	7.77	965	1046	77
3.24	12.72	6.23	15.21	6.32	1203	1047	68
3.4	12.99	3.8	13.39	9.09	1001	1048	100
2.42	13.35	2.95	13.8	10.61	2442	1049	100
2.61	12.37	2.61	14.11	9.76	1148	1050	100
2.13	13.15	2.43	12.84	9.5	1316	1051	100
2.06	12	2.28	12.28	9.78	1800	1052	100
4.28	11.99	2.64	15.91	10.3	2194	1053	100
2.68	13.81	3.34	12.76	10.27	2093	1054	100
2.41	13.68	3.07	16.74	8.2	1989	1055	100
2.62	12.13	3.08	11.72	10.31	2629	1056	68
4.01	12.31	2.36	14.65	10.36	4410	1057	77
0.87	13.35	3.97	11.9	10.93	1034	1058	70
2.72	14.69	4.66	14.39	10.04	1654	1059	72
1.32	14.91	1.83	9.87	10.99	1965	1060	70
3.2	14.78	2.83	13.67	10.47	1624	1061	72
3.12	15.59	3.22	15.06	9.04	2855	1062	69
2.96	13.83	4.43	20.09	8.17	1150	1063	69
3.51	13.59	3.51	15.99	10.08	1707	1064	70
2.76	16.56	2.96	15.07	10.73	1957	1065	77
3.67	13.55	2.72	12.4	10.46	4007	1066	101
3.05	13.99	2.62	14.88	10.37	3017	1067	101
2.9	14.15	2.4	12.88	10.26	4170	1068	101
3.68	14.07	2.89	14.98	9.38	4052	1069	101
2.64	13.96	2.67	12.44	10.17	2959	1070	101
3.62	13.16	3.36	14.05	8.83	3510	1071	101
3.81	13.85	2.6	14.04	12.24	5041	1072	101
4.15	13.61	4.37	11.28	10.56	2359	1073	101
4.27	12.7	2.54	12.05	9.11	3701	1074	101
3.1	13.96	2.95	12.98	9.26	1934	1075	101
2.77	13.8	3.3	14.29	9.2	2457	1076	101
2.8	13.07	2.75	13.91	9.2	2142	1077	101
4.1	13.7	2.46	12.87	10.4	3124	1078	101
2.99	15.35	4.44	11.96	7.43	2006	1079	101
4.26	13.65	3.03	11.72	10.36	2278	1080	101
3.14	13.26	4.36	13.82	8.48	2135	1081	101
2.67	13.91	3.17	15.64	8.81	2020	1082	69
2.71	12.49	2.82	13.22	6.44	1770	1083	69
4.55	13.6	4.81	16.03	8.02	2308	1084	68
2.83	14.98	3.28	12.48	9.56	2436	1085	69
3.14	17.68	2.92	11.33	8.48	1403	1086	70
2.63	12.65	3.85	13.56	8.49	1637	1087	73
1.85	12.31	3.32	13.01	9.12	1568	1088	73
2.43	14.28	3.67	12.76	8.59	4356	1089	68
1.41	13.13	3.43	13.13	10.17	1485	1090	69
2.72	14.81	2.97	11.71	11.96	1580	1091	71
3.15	14.02	3.9	13.31	9.41	2540	1092	102
4.13	17.11	2.43	12.49	9.51	3658	1093	102
3.14	15.28	2.64	12.64	8.16	2768	1094	102
2.48	16.36	2.1	10.57	9.17	1571	1095	102
2.07	13.21	2.29	12.53	8.04	2226	1096	102
3.38	14.61	2.75	12.59	9.14	2724	1097	102
2.61	14.83	4.96	12.29	8.08	1571	1098	102
2.89	14.76	2.98	11.1	11.78	3422	1099	102
2.99	16.47	3.94	12.03	8.63	4846	1100	102
3.21	16.13	3.28	9.05	11.67	1525	1101	71
3.15	17.05	4.22	16.82	7.3	1302	1102	69
1.74	14.73	2.96	11.13	9.65	1555	1103	70
1.35	15.56	2.51	10.54	10.91	1632	1104	70
2.78	12.54	5.61	11.91	10.39	1906	1105	69
2.88	14.95	2.67	15.04	7.67	2361	1106	69
1.81	15.2	0.98	10.53	10.04	2869	1107	70
2.76	13.7	3.57	12.74	9.6	2605	1108	71
3.2	15.58	4.21	13.98	9.64	2375	1109	68
4.56	16.35	2.84	13.3	8.7	2783	1110	73
3.28	17.37	3.76	15.53	9.45	1249	1111	103
3.4	15.18	1.97	11.78	11.71	1469	1112	103
3.84	14.27	3.37	11.92	9.65	1275	1113	103
2.63	14.19	3.37	14.34	12.07	1367	1114	103
3.99	14.86	2.31	13.9	10.13	3633	1115	103
2.36	15.19	2.9	11.49	12.02	1863	1116	103
2.71	12.96	2.71	12.49	8.83	2547	1117	68
1.56	13.35	4.12	10.85	7.3	1603	1118	73
2.44	13.2	3.23	12.91	7.39	1394	1119	72
2.07	14.39	2.58	13.28	9.6	1980	1120	73
2.81	16.96	3.03	11.7	9.5	2736	1121	68
3.24	15.25	5.3	13.61	9.1	2131	1122	68
3.66	13.03	4.76	15.59	7.66	1450	1123	72
3.22	15.71	2.58	13.56	9.01	2330	1124	104
3.23	15.37	3.83	16.02	9.55	2010	1125	104
4.46	14.83	2.89	15.82	8.17	2939	1126	104
3.84	14.38	3.3	15.42	9.22	2212	1127	104
1.78	17.16	3.72	13.83	9.49	1801	1128	104
3.34	15.41	2.61	17.06	9.34	2603	1129	104
3.85	15.4	3.77	17.89	7.58	2415	1130	104
3.38	16.08	3.05	13.4	10.02	1866	1131	104
2.83	14.61	3.54	13.83	9.29	3217	1132	104
4.16	13.1	3.86	14.79	9.41	1657	1133	104
3.58	12.8	2.77	13.96	9.52	1734	1134	104
3.53	12.38	4	15.57	6.3	2351	1135	104
4.54	13.32	2.42	13.56	8.13	3259	1136	104
3.96	15.98	4.01	14.51	9.21	2171	1137	104
2.57	14.95	3.77	13.4	9.27	2254	1138	104
2.44	15.17	3.21	14.8	10.55	2710	1139	104
3.58	14.04	2.54	13.57	9.05	4408	1140	104
3.9	15.66	4.33	13.95	11.09	1641	1141	104
3.89	16.55	3.63	14.06	8.05	4162	1142	104
3.56	12.59	4.2	14.44	9.96	1406	1143	104
3.39	14.71	3.13	14.33	9.27	2686	1144	104
3.81	16.78	3.53	14.57	8.87	2491	1145	104
3.48	15.75	2.81	17.26	8.63	1924	1146	104
4.28	12.89	3.09	15.81	9.91	1847	1147	104
2.46	17.57	4.12	15.11	10.88	1747	1148	104
3.5	15.16	3.35	17.56	9.62	1913	1149	104
3.57	16.1	2.74	14.63	10.16	3473	1150	104
1.85	18.56	4.2	12.26	11.59	1191	1151	104
3.75	13.57	6.46	18.99	9.9	1253	1152	104
3.62	15.22	3.43	15.8	10.1	2595	1153	104
2.51	15.36	2.93	15.46	10.2	2148	1154	104
4.61	13.3	3.42	15.54	8.36	1519	1155	104
2.62	14.97	4.78	13.61	9.33	3013	1156	104
2.82	15.14	4.17	14.18	10.14	3019	1157	104
3.61	13.91	3.94	15.07	8.66	3350	1158	104
4.41	16.95	3.01	15.65	7.82	2991	1159	104
3.64	16.21	3.22	15.12	10.26	2388	1160	104
2.8	13.26	3.77	12.97	9.6	1750	1161	104
3.13	14.99	2.7	13.72	9.55	2776	1162	104
3.56	14.49	3.84	16.11	9.86	2160	1163	104
3.32	13.36	3.92	12.21	8.34	2170	1164	104
3.5	13.49	3.98	12.17	8.66	2112	1165	104
3.51	13.41	4.34	16.53	6.96	1797	1166	104
3.79	15.4	4.95	13.55	8.1	2767	1167	104
3.01	14.05	2.22	14.77	8.21	2654	1168	104
2.78	13.63	4.94	15.37	8.28	1438	1169	104
2.44	19.55	4.26	11.76	11.02	1760	1170	104
3.32	14.6	5.09	17.98	9.24	1808	1171	104
2.32	14.96	4.8	17.44	9.09	2540	1172	104
2.81	12.37	3.45	17.04	8.39	1884	1173	104
3.3	14.15	4.2	13.98	8.58	1760	1174	104
3.91	13.77	3.96	14.03	7.67	1917	1175	104
4.15	16.27	4.3	16.48	7.25	1420	1176	104
2.64	14.87	3.01	14.62	9.76	2428	1177	104
2.61	18.41	4.27	16.98	10.09	3557	1178	104
3.22	12.51	2.67	13.9	6.45	1799	1179	104
1.12	11.95	2.8	13.13	11.51	1607	1180	105
2.66	15.63	3.85	11.64	9.07	2182	1181	105
3.14	12	4.7	12	9.05	1658	1182	105
2.32	13.95	4.22	14.88	8.02	2157	1183	105
2.62	14.72	2.91	11.23	8.55	1719	1184	105
2.58	13.31	3.18	11.15	6.47	1668	1185	105
2.76	12.96	5.24	11.76	6.34	1088	1186	105
1.79	13.72	4.78	11.2	8.52	1902	1187	105
2.63	13.88	5.21	10.03	9.77	1556	1188	105
2.11	14.34	3.01	11.69	7.69	2224	1189	105
1.7	15.34	3.41	13.98	7.05	1760	1190	105
2.11	12.35	3.61	10.24	8.53	996	1191	105
2.12	13.89	4.18	13.05	7.59	1555	1192	105
1.15	10.19	3.73	9.9	9.04	697	1193	105
2.84	15.54	1.92	10.86	8.52	1197	1194	105
2.73	13.89	3.08	10.4	7.32	1980	1195	105
1.71	12.31	4.58	12.58	8.72	1113	1196	105
2.61	14.85	3.33	13.12	8.19	1684	1197	105
1.06	11.08	4.1	11.08	8.5	659	1198	105
3.94	17.18	2.26	10.67	11.42	2259	1199	105
3.38	13.51	3.89	12.3	9.37	1569	1200	105
2.47	15.27	5.12	12.36	8.38	1133	1201	105
1.93	16.61	5.42	9.99	7.52	1662	1202	105
3.59	10.76	7.89	11.76	7.17	697	1203	105
2.37	15.35	4.8	10.85	8.05	1603	1204	105
4.28	12.73	3.26	13.75	7.64	982	1205	105
2.58	15.25	3.75	12.5	7.67	1200	1206	105
2.56	11.61	4.58	11.99	7.03	1835	1207	105
3.34	13.26	2.83	15.37	9.46	1945	1208	105
1.62	14.65	4.2	11.7	7.14	1666	1209	105
2.66	10.63	4.52	13.99	8.5	1129	1210	105
2.48	16.6	3.01	14.12	6.67	765	1211	106
2.32	15.18	2.79	11.25	7.59	1937	1212	106
3.4	13.69	5.81	13.94	7.88	1205	1213	106
5.63	15.49	7.75	15.49	7.04	142	1214	106
2.55	15.65	4.64	14.74	6.92	1099	1215	106
2.94	19.12	6.62	13.24	6.62	136	1216	106
2.84	16.1	2.73	12.97	8.43	2715	1217	106
3.03	14.95	2.69	13.93	9.22	3231	1218	106
2.75	12.78	4.53	12.02	6.39	3021	1219	106
3.78	16.84	5.5	15.81	12.37	291	1220	106
2.19	14.01	3.65	13.19	10.85	2055	1221	106
2.41	16.24	3.09	12.02	9.38	3528	1222	106
1.2	13	4.5	13.95	7.93	1577	1223	106
2.73	13.56	2.77	12.81	8.06	2928	1224	106
1.98	13.75	2.35	11.59	8.86	1614	1225	106
2.26	13.25	3.41	14.63	8.46	2694	1226	106
2.11	16.16	3.67	12.39	6.22	2042	1227	106
1.44	13.98	3.03	12.34	10.66	2082	1228	106
3.01	15.33	3.13	15.25	11.03	2557	1229	106
3.67	17.46	3.71	9.52	9.09	2343	1230	107
3.83	16.12	3.68	12.29	8.61	1985	1231	107
2.96	14.27	2.69	12.68	8.51	1822	1232	107
2.92	13.93	4.72	12.66	7.79	1335	1233	107
2.74	16.09	4.35	12.62	8.53	3400	1234	107
4.05	17.45	3.57	13.63	8.63	2098	1235	107
3.3	14.91	3.57	11.01	8.43	2635	1236	107
3.1	15.56	2.95	10.83	9.56	1967	1237	107
2.89	16.79	3.54	9.72	8.7	2460	1238	107
2.65	18.18	2.89	9.8	10.3	5818	1239	107
1.51	15.31	3.4	12.48	9.83	529	1240	107
4.14	16.81	4.23	14.8	7.34	3189	1241	107
2.7	13.96	3.65	10.92	6.96	2299	1242	107
1.68	16.61	4.48	10.72	11.91	1427	1243	21
1.48	14.64	4	14.18	10.51	1551	1244	21
2.38	15.12	3.97	12.16	11.11	1891	1245	21
2.02	14.84	4.12	14.17	10.34	1334	1246	21
3.41	14.59	2.72	13.22	12.43	1762	1247	21
2.21	14.77	2.95	13.54	10.34	1219	1248	21
3.03	13.09	3.72	14.02	11.17	1719	1249	21
2.92	16.08	3.51	10.14	10.43	1026	1250	21
2.81	13.96	4.67	13.48	11.48	2099	1251	21
2.32	16.57	2.98	10.17	9.5	905	1252	108
4.53	16.92	3.63	16.47	7.4	662	1253	108
2.72	14.61	4.76	12.46	8.61	883	1254	108
1.89	16.4	3.66	10.3	11.34	1640	1255	108
2.38	14.08	3.73	11.74	9.33	2734	1256	108
3.42	13.68	3.42	11.05	7.63	760	1257	108
2.25	10.82	2.86	15.84	10.48	1155	1262	22
2.78	8.7	2.64	13.92	10.79	1437	1263	22
1.36	11.16	2.07	15.66	8.69	1980	1264	22
2.17	9.28	3.73	15.11	13.69	1476	1265	22
2.85	14.83	2.58	15.5	12.12	1510	1266	22
2.26	12.11	1.96	15.09	9.79	3717	1267	22
2.82	13.66	2.37	15.02	11.35	1771	1268	22
2.7	10.63	1.17	12.72	11.92	1627	1269	22
2.54	10.99	2.45	14.3	10.99	2084	1270	22
2.53	12.4	2.48	15.74	12.13	1855	1271	22
2.52	10.08	3.92	13.87	10.78	714	1272	22
2.74	14.17	1.71	14.43	10.93	2626	1273	23
1.64	15.91	1.75	14.68	6.67	974	1274	23
2.39	12.19	3	16.23	8.02	1633	1275	23
1.52	14.24	2.54	13.7	12.23	2044	1276	23
2.8	11.26	1.6	15.92	9.13	1501	1277	23
3.29	13.49	1.54	14.69	10.75	912	1278	23
1.7	12.84	2.09	13.3	13.23	1293	1279	23
3.62	15.24	2.32	15.33	11.34	2152	1280	23
3.39	13.56	3.23	12.82	9.59	4743	1281	23
2.22	13.14	1.52	13.27	12.76	1575	1282	23
2.45	14.59	1.11	14.59	9.97	1796	1283	23
1.77	12.36	1.25	16.1	11.63	963	1284	23
4.18	15.56	4.55	13.45	8.63	1889	1285	24
3.06	13.32	6.39	12.52	10.79	751	1286	24
3.3	16.68	4.9	9.7	10.93	1876	1287	24
2.36	16.61	4.61	11.5	10.39	2540	1288	24
3.36	15.82	4.18	10.9	10.82	1220	1289	24
3.56	9.07	3.56	11.83	9.34	1124	1290	25
2.09	10.57	3.25	13.94	11.96	861	1291	25
4.45	10.68	3.07	14.21	12.37	1957	1292	25
1.58	14.82	2.18	14.99	9.86	1835	1293	25
2.41	10.6	2.76	15.06	9.94	2284	1294	25
3.5	11.75	3.4	12	10.51	1941	1295	25
1.6	11.61	3.46	13.92	9.75	1128	1296	25
2.22	14.23	3.14	16.17	9.24	1082	1297	25
3.82	12.33	4.07	13.81	9.99	811	1298	25
3.41	12.42	4.72	12.56	7.84	1377	1299	25
1.93	10.75	3.37	12.84	9.47	623	1300	25
2.01	12.25	2.01	15.49	7.79	1143	1301	26
1.62	12.8	2.43	16.44	12.26	742	1302	26
2.93	13.79	2.81	13.87	9.07	2524	1303	26
1.55	12.63	2.77	14.75	9.86	1227	1304	26
1.93	12.61	3.87	13.46	10.52	1293	1305	26
1.97	14.65	2.71	14.09	10.34	2137	1306	26
2.17	14.33	3.91	15.45	9.43	1612	1307	26
3.16	13.06	2.14	15.1	9.96	2059	1308	26
2.46	13.25	5.95	15.26	8.73	1547	1309	26
3.24	12.51	4.11	13.17	9.33	1823	1310	26
2.85	13.91	3.99	14.74	11.57	2178	1311	26
2.74	15.04	3.34	15.49	8.74	2666	1312	26
1.49	13.87	3.59	12.73	9.32	1673	1313	26
1.32	14.01	3.48	13.61	9.62	3482	1314	26
2.33	16.66	2.48	14.03	9.72	1975	1315	26
2.26	11.78	2.08	16.12	9.64	1681	1316	26
3.42	12.39	3.42	17.95	10.68	234	1318	27
3.89	16.15	4.09	13.81	11.48	514	1319	27
3.13	11.49	3.66	10.97	11.49	383	1320	27
0.6	20.96	1.8	11.38	7.78	167	1321	27
1.16	11.56	6.36	11.56	13.87	173	1322	27
2.97	11.44	1.48	11.23	9.11	472	1323	27
4.47	13.13	1.4	11.73	11.17	358	1324	27
3.59	10.78	4.25	11.76	10.13	306	1325	27
2.25	11.51	2.49	16.01	13.88	843	1326	28
2.57	12.25	3.37	11.34	11.34	2760	1327	28
2.63	12.88	2.02	15.55	12.28	2321	1328	28
2.89	13.06	2.58	12.57	11.2	2251	1329	28
2.46	12.52	2.12	13.19	12.64	2683	1330	28
3.09	14.29	2	16.11	10.3	1651	1331	28
3.14	12.36	2.88	12.45	10.17	2290	1332	28
2.1	13.34	2.67	13.55	12.95	2811	1333	28
2.97	12.57	3.01	11.72	10.57	2355	1334	28
3.19	13.62	2.54	12.39	11.41	1534	1335	28
3.62	14.37	3.13	12.12	8.72	1823	1336	109
2.31	15.78	2.08	10.47	8.72	3371	1337	109
2.42	11.44	1.49	10.35	8.82	2483	1338	109
2.23	14	2.76	16.33	7.64	943	1339	109
3.46	14.65	3.65	9.51	8.6	2546	1340	109
2.88	15.3	3.86	10.14	9.61	3058	1341	109
1.59	13.39	1.28	14.32	9.24	1949	1343	29
1.3	12.92	2.98	18.12	9.86	1308	1344	29
1.78	11.97	1.9	13.87	10.25	1629	1345	29
3.61	15.05	1.77	16.59	10.75	1302	1346	29
1.62	16.56	4.22	12.66	11.69	308	1347	29
1.93	13.03	1.54	15.66	11.55	1558	1348	29
1.61	13.22	2.84	13	9.58	1869	1349	29
2.09	15.4	2.75	13.42	10.56	909	1350	29
2.28	12.71	3.13	14.33	10.91	1054	1351	29
2.13	10.9	2.48	15.16	8.78	1128	1352	29
1.91	15.9	2.53	13.79	9.28	1465	1353	29
3.35	12.2	2.74	17.84	8.54	656	1354	30
2.24	10.81	1.74	16.27	12.17	805	1355	30
2.67	12.21	3.44	11.45	9.92	262	1356	30
1.25	12.03	2.01	12.61	14.12	1197	1357	30
2.19	12.04	2.19	11.68	8.94	548	1358	30
3.89	14.38	2.54	14.21	9.64	591	1359	30
3.34	11.85	2.55	14.8	11.22	1257	1360	30
3.62	10.22	2.59	15.01	11.38	773	1361	30
2.09	13.09	2.43	15.53	10.89	863	1362	30
3.78	9.97	5.14	17.07	13.29	662	1363	30
3.16	10.33	3.3	17.79	10.19	697	1364	30
1.99	11.16	3.1	10.7	10.06	2356	1365	31
3.44	10.93	3.69	14.13	12.53	814	1366	31
1.73	11.48	1.73	13.09	11.85	810	1367	31
3.8	12	2.61	12.74	8.35	1342	1368	31
2.16	13.52	2.16	14.63	12.75	3144	1369	31
3.52	14.08	3.45	12.46	12.18	1420	1370	31
3.32	13.83	3.97	12.47	11.36	1989	1371	32
2.44	11.37	5.17	11.52	8.05	1354	1372	32
3.5	13.1	4.84	13.31	9.25	1427	1373	32
3.77	11.68	3.84	16.13	9.27	1327	1374	32
2.86	11.73	4.29	11.23	10.09	1398	1375	32
2.74	10.1	4.16	12.49	9.41	1753	1376	32
3.14	12.79	3.64	10.93	10.27	2581	1377	32
3.12	13.48	3.4	11.18	11.35	2916	1378	32
2.34	11.85	3.7	9.43	10.19	1325	1379	32
3.41	10.78	4.51	12.54	8.51	2903	1380	32
2.72	10.01	3.81	12.54	7.15	2097	1381	32
2.05	11.89	4.58	12.38	8.67	1026	1382	32
3.29	10.43	3.96	13.23	9.02	1640	1383	32
3.13	9.8	3.37	14.58	7.99	1276	1384	32
3.26	10.49	3.05	11.81	10.9	982	1385	32
3.13	13.16	3.35	14.82	10.38	3968	1389	33
4.05	15.11	3.03	13.35	11.76	2839	1390	33
3.81	14.13	2.38	12.38	11.46	2810	1391	33
2.67	13.87	3.47	13.72	10.45	2019	1392	33
1.94	15.52	3.01	11.17	12.12	2525	1393	33
3.24	15.02	2.25	12.19	11.38	1731	1394	33
3.38	12.22	4	12.47	13.22	3200	1395	33
2.4	13.73	4.28	12.9	8.72	1915	1396	33
2.49	11.73	4.08	12.39	10.52	2575	1397	33
3.67	11.47	3.67	10.55	7.8	218	1398	33
1.91	13.76	3.24	11.33	10.91	3088	1399	33
2.9	15.25	3.28	15.84	10.31	3724	1400	33
3.26	13	3.93	12.5	11.2	2392	1401	33
2.68	14.24	5.15	10.95	12.92	1826	1402	34
2.13	14.89	2.41	11.55	10.63	1740	1403	34
2.22	11.32	3.15	10.94	10.35	2889	1404	34
2.32	11.81	2.99	10.76	10.38	2109	1405	34
3.31	13.16	3.64	13.56	12.08	1482	1406	34
3.98	11.54	2.94	12.41	13.13	1257	1407	34
2.28	16.35	2.28	9.51	9.13	526	1408	34
0.78	13.76	5.17	9.38	13.22	1664	1409	34
2.42	12.29	4.31	11.61	11.5	1904	1410	34
3.8	15.82	2.37	9.02	9.18	632	1411	34
2.94	12.42	4.11	10.34	14.75	1973	1412	34
4.28	10.59	3.28	13.86	9.89	1587	1413	34
2.17	10.54	3.19	13.85	9.99	1661	1414	34
1.5	12.79	6.68	13.59	10.25	868	1415	34
2.64	9.63	2.58	11.25	10.51	1475	1416	34
2.36	12.82	3.86	16.05	12.43	1271	1417	34
1.6	16.03	3.73	11.02	9.6	4636	1418	110
3.24	16.27	2.48	11.53	8.97	5396	1422	110
3.08	16.76	2.98	12.6	8.91	6880	1423	110
1.44	16.32	2.43	10.55	8.87	4645	1424	110
2.53	15.63	3.28	10.93	9.09	6653	1425	110
2.05	17.29	3.44	11.53	9.52	5904	1426	110
2.77	15.12	3.38	12.31	8.4	4225	1427	111
3.4	13.43	3.1	11.59	9.35	6672	1428	111
3.53	16.12	3.68	12.13	9.91	3480	1429	111
2.06	16.53	3.22	10.55	11.45	1555	1430	111
2.27	13.08	4.07	10.64	7.33	1720	1431	111
2.37	13.28	4.66	13.51	6.79	1310	1432	111
3	13.45	5.73	12.35	5.87	1465	1433	111
2.25	17.54	3.39	11.11	9.61	2269	1434	111
2.59	14.56	3.82	11.24	9.14	2198	1435	111
2.67	14.79	2.76	10.32	8.18	2286	1436	111
1.32	14.01	2.3	14.01	6.69	1435	1437	111
3.07	10.6	4.73	15.95	7.1	1141	1438	111
2.79	13.43	3.31	13.15	8.13	2867	1439	111
2.56	17.06	3.89	11.33	11.35	4882	1440	111
2.47	15.2	3.22	10.38	9.84	4665	1441	111
3.3	14.23	3.32	12.51	7.87	5004	1442	111
4.14	14.54	2.09	13.89	10.78	2152	1443	112
3.15	14.51	2.08	12.23	9.77	2887	1444	112
3.39	14.17	2.68	13.35	9.57	1828	1445	112
3.33	17.82	3.53	11.13	10.55	2435	1446	112
3.15	12.31	2.31	15.46	9.21	2031	1447	112
2.01	11.27	2.94	12.58	9.67	3435	1448	112
1.86	12.87	2.59	12.63	8.47	3706	1449	112
1.89	15.02	1.99	14.91	10.6	4715	1450	112
2.1	15.06	3.56	9.88	9.12	1853	1451	112
3.16	18.34	3.56	9.88	12.25	1265	1452	112
2.32	13.93	2.87	12.16	8.74	3626	1453	113
1.51	15.7	2.74	11.25	10.97	2115	1454	113
1.67	13.47	3.89	13.75	9.58	1440	1455	113
2.39	15.58	2.7	15.52	8.52	3299	1456	113
2.79	12.71	2.59	13.29	8.62	2935	1457	113
2.63	14.55	3.72	14.03	7.92	2852	1458	113
2.13	12.31	4.17	15.02	7.66	1032	1459	114
2.35	14.76	3.94	17.82	8.99	2514	1460	114
1.78	13.41	3.1	13.13	7.5	2132	1461	114
2.44	11.76	6.4	15.95	8.03	859	1462	114
2.14	15.55	4.25	17.15	7.75	2425	1463	114
2.4	14.83	4.53	15.52	8.8	1875	1464	114
2.67	15.18	2.73	12.22	10.18	1759	1465	114
2.37	14.43	3.38	13.13	8.76	3457	1466	114
2.18	15.21	3.66	9.02	9.46	2294	1467	115
2.13	15.83	3.49	11.76	11.37	1548	1468	115
3.05	14.22	3.3	15.79	6.24	2819	1469	115
2.45	17.66	3.9	14.46	7.95	1874	1470	115
3.57	14.59	3.16	12.78	8.33	1933	1471	115
2.63	14.14	4.67	12.83	8.62	1520	1472	115
2.54	15.57	2.87	11.73	9.72	3384	1473	115
1.92	15.6	4.23	11.22	8.3	1301	1474	115
2.46	11.9	4.38	10.94	9.52	2604	1480	116
1.21	13.63	2.98	10.43	10.65	1812	1481	116
2.33	10.01	3.5	10.19	9.76	1629	1482	116
2.17	9.99	6.26	10.17	9.04	1151	1483	116
2.16	14.35	4.68	10.26	11	1345	1484	116
2.95	13.62	4.26	10.59	10	2371	1485	116
2.8	14.33	3.62	10.82	12.13	2680	1486	116
2.09	14.02	3.43	10.17	10.79	2390	1487	116
3.06	11.97	3.62	10.93	9.88	1437	1488	116
2.13	22.64	2.52	11.14	11.39	3618	1489	117
1.27	15.54	5.06	12.66	8.4	869	1490	117
2.53	17.54	3.34	9.88	11.43	1619	1491	117
3	14.64	2.93	13.07	10.36	1400	1492	117
2.82	18.3	2.9	12.45	9.81	3967	1493	117
2.92	15.57	2.17	12.89	7.97	3739	1494	117
1.66	14.37	3.32	11.31	10.1	1990	1495	117
2.43	17.61	2.61	10.77	10.77	2181	1496	117
3.5	15.46	2.8	12.22	10.34	1857	1497	117
1.92	16.49	3.34	11.73	10.09	1407	1498	117
1.18	15.5	4.06	10.07	9.88	2116	1499	117
1.99	16.61	2.93	11.31	11.77	5020	1500	117
2.1	14.12	2.21	10.04	11.18	6662	1501	117
2.91	15.36	3.15	11.46	12.29	2409	1502	117
1.86	13	3	9.77	9.84	2631	1503	118
1.84	15.34	2.1	10.74	8.59	1956	1504	118
1.69	14	2.68	8.74	9.53	1007	1505	118
2.64	16.85	2.82	10.95	9.91	2694	1506	118
2.33	14.2	2.57	9.79	10.18	4628	1507	118
2.64	16.15	2.79	9.26	9.08	2798	1508	118
1.89	17.92	1.64	11.67	10.42	2322	1509	118
2.66	14.62	1.62	10.7	9.5	3578	1510	118
1.33	14.01	3.22	14.57	9.24	1428	1511	118
2.54	13.19	3.22	11.24	9.97	2206	1512	118
2.63	13.03	2.32	9.42	9.21	3269	1513	118
2.15	13.26	2.91	11.57	10.11	1305	1514	118
1.69	13.78	2.01	10.35	8.83	2242	1515	118
2.59	16.36	1.6	12.4	10.05	1314	1516	118
2.14	15.39	2.52	9.43	9.39	2619	1517	118
1.41	16.43	2.02	10.31	9.7	2124	1518	118
2.24	15.85	2.93	8.96	11.11	1161	1519	118
1.4	14.29	3.29	9.51	10.43	2281	1520	118
2.18	16.07	2.66	10.57	9.91	4996	1521	118
2.19	13.76	1.99	8.97	9.44	2965	1522	118
2.58	12.17	4.55	11.56	8.49	2284	1523	119
2.96	11.7	3.45	12.42	7.35	2230	1524	119
3.34	13.08	4.01	12.86	8.68	2247	1525	119
1.74	13.27	3.39	11.37	7.5	3158	1526	119
2.89	12.9	3.21	11.11	8.77	2178	1527	119
2.93	14.87	3.56	13.22	8.74	3033	1528	119
1.69	15.34	1.83	9.09	8.18	2848	1529	119
1.47	15.79	2.06	11.21	7.05	2382	1530	119
1.69	18.67	3.44	11.03	10.97	1832	1531	119
1.92	18.18	3.57	11.3	11.03	1876	1532	119
2.14	14.43	3.12	10.8	9.47	2945	1533	119
2.65	12.84	3.95	12.84	8.71	2227	1536	35
3.18	10.53	3.67	14.64	8.57	1633	1537	35
3.11	10.51	3.67	14.87	7.91	1769	1538	35
2.81	13	4.56	11.94	12.32	1315	1539	35
3.88	14.6	3.04	11.95	12.34	1548	1540	35
2.7	12.38	3.41	14.8	10.35	1817	1541	35
1.49	14.36	4.95	14.85	8.09	606	1542	35
2.02	9.82	3.83	12.06	11.7	1385	1543	35
2.7	12.23	3.77	15.27	6.59	1775	1544	35
3.26	14.13	3.2	13.43	12.56	1720	1545	35
2.65	16.4	5.01	10.74	10.21	3213	1546	36
2.62	16.69	3.23	11.57	10.09	1486	1547	36
3.61	16.09	5.11	12	9.88	1467	1548	36
5.32	16.77	5.73	15.95	8.59	489	1549	36
2.52	15.32	5.05	12.08	9.07	1664	1550	36
2.77	14.52	3.22	12.75	8.2	902	1551	36
2.86	12.63	6.77	14.45	7.16	768	1552	36
2.19	15.32	4.5	11.79	8.81	1645	1553	36
2.66	14.97	6.82	12.75	10.89	1129	1554	36
2.24	16.54	6.62	10.99	10.89	937	1555	36
2.73	13.18	4.03	17.22	9.32	1760	1556	37
2.32	14.75	3.75	13.12	8.49	2027	1557	37
2.46	14.92	6.8	14.26	9.73	1059	1558	37
2.73	14.29	7.92	14.42	10.13	770	1559	37
2.96	15	5.16	15.09	9.65	1047	1560	37
2.47	14.3	6.66	11.6	8.98	1336	1561	37
1.38	15.98	4.22	13.13	7.44	1089	1562	37
4.24	15.47	2.9	13.59	11.58	2832	1563	37
1.43	13.6	4.28	16.54	10.08	1191	1564	37
1.73	10.27	2.35	16.21	9.53	808	1565	37
2.42	12.08	4.01	12.8	8.46	1821	1566	38
2.59	13.88	4.63	12.31	11.06	1275	1567	38
1.98	14.76	3.2	11.23	10.01	3028	1568	38
2.11	14.94	3.78	11.86	8.79	1138	1569	38
3.5	16.09	2.52	15.6	10.25	3288	1570	38
2.97	13.05	3.02	12.73	8.31	1854	1571	38
1.77	15.84	3.45	12.78	7.6	2317	1572	38
3.91	13.84	3.44	14.82	9.89	2760	1573	38
2.74	14.39	4.11	12.41	11.58	1313	1574	38
2.21	18	2.36	12.41	9.55	2755	1575	39
2.05	18.18	3.42	13.69	8.65	2046	1576	39
2.1	15.26	3.28	12.96	8.66	2044	1577	39
2.53	17.11	2.03	12.17	8.32	3788	1578	39
2.98	13.43	3.02	13.94	9.19	2382	1579	39
1.99	15.25	2.69	14.09	7.13	1711	1580	39
1.94	16.36	2.95	12.23	10.78	1595	1581	39
2.98	15.33	3.27	13.6	8.07	2081	1582	39
2.1	17.23	2.1	11.69	8.74	2095	1583	39
2.46	15.16	3.37	11.86	9.75	1425	1584	39
2.47	23.34	2.28	13.28	9.68	527	1585	40
3.14	16.6	1.73	13.4	9.87	3880	1586	40
3.14	14.95	2.8	12.12	10.19	3317	1587	40
2.37	17.9	3.4	16.56	8.64	972	1588	40
3.09	18.81	2.55	13.17	9.28	1648	1589	40
2.69	15.9	2.22	14.38	8.12	1711	1590	40
2.38	17.24	2.08	13.33	9.92	3317	1591	40
2.32	16.74	3.48	12.39	8.04	1380	1592	40
2.33	18.8	2.07	13.33	9.47	1500	1593	40
1.54	17.77	3.17	12.64	9.16	3505	1594	40
1.68	13.05	3.79	17.47	9.05	475	1595	41
3.73	15.98	4.77	16.18	8.92	482	1596	41
1.87	17.91	3.04	13.94	9.03	2138	1597	41
2.97	13.93	3.5	12.47	6.26	1917	1598	41
3.2	15.89	2.79	16.76	7.57	1718	1599	41
2.2	14.51	3.42	13.37	7.94	2722	1600	41
2.68	14.06	3.87	11.47	12.13	2276	1601	42
1.84	14.15	3.2	11.17	8.84	1844	1602	42
3.45	14.45	2.82	12.01	11.25	3156	1603	42
3.11	13.69	4.79	9.97	13.33	3090	1604	42
2.3	12.88	4.7	10.34	12.27	2127	1605	42
2.73	12.29	4.16	15.11	9.37	2018	1606	42
3.41	17.54	4.02	9.64	13.25	1494	1607	42
3.31	14.79	3.68	13.73	11.36	2447	1609	42
2.82	13.61	3.19	14.2	12.31	2380	1610	42
2.65	12.84	4.48	16.64	9.99	1472	1611	43
3.53	12.46	2.28	14.74	9.2	1445	1612	43
3.45	12.72	3.67	15.94	9.55	1769	1613	43
4.21	16.21	4.82	15.79	11.08	975	1614	43
2.49	15.28	5.09	13.34	11.52	1649	1615	43
3.49	12.44	5.37	14.61	8.67	1061	1617	43
2.84	19.43	2.13	11.73	7.85	2115	1619	44
2.63	15.39	2.94	14.08	7.89	1293	1620	44
3.37	13.48	4.85	12.53	6.74	742	1621	44
2.62	16.51	3.72	13.28	9.08	1641	1622	44
3.06	14.89	2.53	12.99	8.13	947	1623	44
1.95	15.87	3.59	13.32	8.31	1336	1624	44
2.1	20.88	4.57	12.35	11.51	2146	1625	44
2.88	14.78	3.07	13.05	10.56	521	1626	44
1.86	20.99	4.03	11.89	10.34	967	1627	44
2.3	13.24	2.02	11.95	7.13	1782	1628	44
4.79	13.9	4.51	15.38	9.85	1086	1629	45
2.99	14.37	3.39	13.27	7.88	1002	1630	45
3.06	12.88	3.93	14.52	9.28	916	1631	45
4.28	10.96	3.65	16.81	11.48	958	1632	45
3.31	12.09	2.93	14.55	10.85	1299	1633	45
4.22	10.67	3.22	16	7.78	900	1634	45
2.6	12.12	2.27	18.69	8.15	883	1635	45
3.15	12.89	3.25	14.17	9.84	1016	1636	45
3.95	12.89	3.39	17.78	7.71	1063	1637	45
1.7	14.68	1.7	11.13	9.58	647	1638	45
1.47	13.84	3.83	13.52	7.49	1228	1639	46
2.01	15.6	3.48	14.4	9.18	1840	1640	46
2.43	12.97	3.26	12.88	8.02	2058	1641	46
1.43	13.11	1.74	12.31	9.26	1609	1642	46
2.49	13.67	1.61	13.33	7.86	2048	1643	46
2.5	14.85	2.59	12.76	8.63	2398	1644	46
1.84	13.11	2.18	13.59	7.86	2060	1645	46
1.91	12.03	2.96	13.18	8.45	2094	1646	46
1.74	13.51	1.87	12.29	8.54	2294	1647	46
2.6	13.59	2.51	13.42	10.22	1155	1648	46
2.67	14.29	3.22	11.59	9.74	3296	1649	47
2.43	13.84	2.97	12.19	9.83	4437	1650	47
2.66	12.82	2.58	12.5	8.76	3800	1651	47
2.54	15.4	3.08	11.62	10	3890	1652	47
2.12	14.33	3.27	11.47	8.2	1744	1653	47
2.56	13.5	4.02	10.85	7.95	2340	1654	47
2.78	12.48	2.93	13.9	8	5250	1655	47
3.24	12.6	2.7	12.25	8.64	3183	1656	47
2.83	11.75	2.68	12.8	8.14	4102	1657	47
2.01	14.76	1.89	14.95	8.85	2643	1658	48
2.72	15.54	4.17	12.26	8.73	1248	1659	48
4.23	15.95	3.85	12.9	11.46	1868	1660	48
3.22	13.67	2.87	12.12	9.63	2575	1661	48
1.93	14.81	1.97	15.69	8.14	2383	1662	48
3.28	14.04	2.47	15.83	10.33	1617	1663	48
4.37	15.91	3.38	11.89	9.21	1716	1664	48
3.67	16.09	2.61	12.34	9.7	2723	1665	48
3.9	13.4	4.64	12.23	12.76	1873	1666	49
2.94	13.6	3.97	11.74	11.53	2316	1667	49
2.22	12.97	4.94	11.76	11.55	1982	1668	49
3.42	12.64	3.42	11.83	9.57	1986	1669	49
2.73	12.55	5.36	12.45	11.13	1976	1670	49
2.4	12.21	5	12.35	11.34	2081	1671	49
2.71	11.95	5.57	13.29	10.86	2100	1672	49
2.24	15.44	4.01	10.88	10.1	2545	1673	49
2.27	15.55	3.39	10.8	11.31	3131	1674	49
2.19	14.88	3.69	9.96	13.76	1868	1675	49
2.63	13.72	3.34	9.52	14	1407	1676	49
3.3	13.98	3.62	10.05	12.33	1881	1677	49
4	11.49	3.43	10.75	12.41	1749	1678	50
3.94	12.82	3.38	12.75	10.21	1420	1679	50
3.97	14.55	2.48	13.77	11.14	1409	1680	50
3.83	15.01	3.05	11.53	13.12	2065	1681	50
3.26	13.11	3.63	12.61	11.32	2395	1682	50
3.09	12.04	4.68	11.09	11.33	1262	1683	50
3.14	13.06	4.87	11.58	11.03	1623	1684	50
3.2	14.35	5.62	12.2	10.75	2279	1685	50
3.19	11.73	3.08	14.32	9.91	1816	1686	50
1.62	14.43	3.93	9.7	12.93	866	1687	50
2.83	15.13	3.39	10.68	13.65	1414	1688	50
1.47	15.15	2.69	9.77	8.67	1637	1689	51
2.38	13.96	3.11	12.3	9.13	1512	1690	51
1.92	15.73	3.13	11.65	9.73	1983	1691	51
2.63	14.21	3.34	12.8	9	1977	1692	51
2.66	15.61	2.78	11.58	11.09	2479	1693	51
1.2	16.24	3.3	11.42	7.96	1909	1694	51
3.5	16.68	3.35	10.19	10.51	1913	1695	51
3.54	17.57	3.48	13.21	9.38	1696	1696	51
2.43	14.77	3.41	11.05	9.61	1936	1697	51
2.62	14.89	3.19	11.56	11.56	1410	1698	52
2.86	13.9	2.53	10.11	8.42	1187	1699	52
2.14	18.33	3.26	12.03	12.24	1871	1700	52
3.81	16.72	3.57	13.96	11.77	1232	1701	52
3.76	15.99	5.8	11.6	9.87	638	1702	52
3.44	13.89	3.69	12.36	10.83	785	1703	52
2.14	16.27	2.91	9.98	10.1	1684	1704	52
4.43	18.32	3.61	9.96	10.91	2822	1705	52
3.7	15.63	5.49	10.62	9.31	838	1706	52
2.09	16.62	5.37	10.47	8.64	764	1707	52
2.94	16.52	4.37	9.83	11.54	1465	1708	52
1.69	13.66	3.09	13.66	8.54	2716	1709	53
2.58	17.1	4.26	12.98	8.87	2673	1710	53
2.18	15.9	3.11	12.35	11.42	2705	1711	53
3.29	18.87	2.17	13.7	11.02	5706	1712	53
1.28	16.34	3.18	15.84	8.58	2424	1713	53
2.69	16.56	2.95	16.93	8.73	3013	1714	53
1.86	15.44	2.28	15.81	8.44	1885	1715	53
2.27	14.79	3.94	14.89	6.78	2996	1716	53
2.26	16.58	3.88	16.07	6.99	2346	1717	53
2.21	13.2	3.81	12.41	11.14	2128	1718	53
2.91	16.97	6.3	13.45	9.7	1650	1719	53
4.03	13.61	4.12	14.51	9.45	2454	1720	53
2.62	12.4	4.78	13.94	10.09	1298	1721	54
2.85	11.4	3.24	12.33	12.17	1298	1722	54
3.07	14.09	4.04	11.02	11.99	717	1723	54
2.6	12.42	3.42	12.74	11.1	2190	1724	54
2.96	14.45	3.52	9.7	13.84	1958	1725	54
2.16	15.76	2.54	11.48	12.16	2360	1726	54
3.15	15.07	3.38	9.5	12.61	2157	1727	54
2.65	13.27	3.45	11.15	8.67	1130	1728	54
3.12	14.15	2.86	9.18	10.28	1187	1729	54
2.34	10.23	4.85	9.27	8.49	1154	1730	54
3.39	12.15	1.13	15.54	8.47	354	1731	54
3.57	15.32	3.53	12.51	12.93	2382	1732	54
3.7	15.36	4.62	13.28	9.24	866	1733	55
2.1	13.25	2.22	12.34	8.25	1758	1734	55
3.46	14.74	3.11	13.49	8.79	1445	1735	55
4.64	17.74	3.43	12.1	8.47	496	1736	55
2.8	12.36	7.25	11.86	7.74	607	1737	55
2.17	14.95	5.25	15.53	9.02	876	1738	55
3.22	13.64	4.66	13.9	8.9	1180	1739	55
3.61	13.68	5.41	12.93	8.42	665	1740	55
2.53	13.94	4.91	17.26	8.79	1263	1741	55
1.6	16.58	2.76	13.16	10.33	1375	1742	55
4.56	17.31	3.49	13.89	11.75	1404	1743	55
3.99	14.47	2.93	13.91	9.86	1603	1744	55
2.93	15.31	3.25	12.14	9.37	4611	1745	56
2.42	14.04	2.59	12.89	8.26	1816	1746	56
4.58	13.94	2.05	15.98	7.7	1026	1747	56
2.88	16.84	2.83	10.66	9.82	3433	1748	56
2.51	17.32	3.37	11.64	11.24	3025	1749	56
3.3	17.07	3.6	10.97	9.79	3392	1750	56
2.94	16.64	3.32	14.14	9.2	3402	1751	56
4.49	16.08	3.2	12.11	9.2	2848	1752	56
2.48	15.85	3.79	12.62	8.99	3059	1753	56
3.38	19.04	2.46	12.97	11.06	2721	1754	56
3.28	15.8	3.88	11.26	9.27	3507	1755	56
2.67	16.93	3.77	12.17	7.34	3107	1756	56
3.84	12.7	3.92	12.85	11.21	1276	1757	57
3.42	13.92	2.53	12.95	10.12	2371	1758	57
2.28	13.62	3.98	13.77	9.65	1358	1759	57
2.8	12.86	5.17	14.87	11.49	1392	1760	57
2.78	11.93	4.41	12.42	11.6	612	1761	57
2.83	14.1	3.69	11.8	10.56	3391	1762	57
3.52	15.93	3.35	11.01	11.94	2361	1763	57
3.59	13.14	2.52	10.66	12.62	2701	1764	57
2.5	15.16	2.94	11.77	8.76	1359	1765	58
2.1	14.27	4.09	10.78	7.98	1002	1766	58
2.94	13.24	4.41	12.71	8.61	952	1767	58
2.96	10.95	3.25	14.2	13.31	338	1768	58
4.21	11.9	2.47	11.9	11.9	689	1769	58
1.95	13.42	2.27	12.88	8.23	924	1770	58
2.26	11.96	2.37	11.29	10.95	886	1771	58
1.65	13.18	3.23	13.36	7.81	1639	1772	58
2.59	13	2.71	12.63	7.73	2470	1773	58
2.93	8.35	4.74	16.93	10.84	443	1774	58
4.48	13.92	3.84	12.48	9.76	625	1775	58
3.55	15.91	3.55	14.64	12.09	1100	1776	59
2.69	17.19	2.6	16.65	10.38	1117	1777	59
1.76	16.12	3.44	11	8.65	1191	1778	59
1.49	14.96	2.4	14.64	10.75	1544	1779	59
1.7	13.21	2.65	11.3	10.42	1469	1780	59
2.57	16.77	2.47	15.95	9.57	972	1781	59
2.61	14.82	1.59	12.02	12.07	2071	1782	59
0.67	16.04	1.35	11.73	11.05	742	1783	59
1.14	14.35	0.68	12.3	12.98	439	1784	59
2.02	14.11	3.41	15.5	11.94	645	1785	59
0.87	15.77	1.56	11.96	10.75	577	1786	59
2.67	14.31	2.89	11.35	9.38	3144	1787	60
2.57	16.4	4.81	15.58	8.53	1207	1788	60
2.15	13.71	2.84	11.12	7.05	2042	1789	60
3.23	15.92	2.45	13.7	13.36	898	1790	60
4.57	13.14	2.8	18.08	9.23	1073	1791	60
3.44	14.82	2.53	11.38	8.22	1424	1792	60
1.39	13.76	1.14	13.26	11.49	792	1793	60
4.08	13.1	2.21	15.22	6.97	1176	1794	60
1.8	11	4	12	7.4	500	1795	60
3.08	14.57	2.74	13.11	7.2	1167	1796	60
2	12.52	2.17	12.69	6.01	599	1797	60
1.95	14.43	3.2	10.22	7.57	1282	1798	60
1.4	17.96	1.8	13.37	7.98	501	1799	60
2.33	13.32	2.59	17.46	11.77	773	1800	61
2.59	13.41	2.53	12.9	8.87	1737	1801	61
2.61	12.5	1.51	15.38	9.48	1456	1802	61
3.42	15.76	2.87	16.77	8.46	1288	1804	61
3.33	17.1	2.38	12.83	7.36	421	1805	61
1.98	13.44	2.37	18.97	8.3	253	1806	61
3.46	16.09	3.31	13.08	9.92	665	1807	61
3.14	13.37	2.32	13.51	6.82	733	1808	61
1.97	15.49	2.36	19.69	6.56	762	1809	61
4.73	12.35	2.83	12.35	9.03	1628	1810	61
2.89	12.88	3.38	15.93	11.67	1833	1811	61
2.86	12.05	2.03	12.77	9.55	838	1812	61
3.22	13.12	2.23	12.31	7.53	2112	1813	62
2.79	16.25	3.36	13.1	7.95	2794	1814	62
2.14	15.85	1.95	13.75	8.92	2152	1815	62
2.38	16.72	2.56	10.19	9.68	2189	1816	62
2.76	12.36	3.9	12.93	9.32	1052	1817	62
2.15	15.34	3.54	11.45	8.77	3442	1818	62
2.51	14.26	2.41	13.58	9.4	2946	1819	62
2.18	16.34	3.08	14.8	8.04	2338	1820	62
2.75	15.7	3.67	15.03	8.33	2834	1821	62
2.82	13.26	2.96	13.54	8.87	1455	1822	62
3.33	12.52	6.34	12.84	9.03	631	1823	63
2.68	13.66	3.89	16.59	8.81	1567	1824	63
1.75	12.89	4.76	14.89	9.64	799	1825	63
2.04	15.1	3.27	14.56	8.44	735	1826	63
1.96	15.08	4.87	14.45	10.37	1273	1827	63
2.89	13.87	2.64	14.98	8.6	1175	1828	63
3.99	13.3	3.72	12.63	9.44	752	1829	63
1.34	12.92	2.68	11.41	10.23	596	1830	63
3.21	14.04	4.48	14.47	9.98	1182	1831	63
1.97	17.11	2.47	11.68	11.68	608	1832	63
1.93	17.1	4.31	12.4	11.63	1298	1833	63
1.57	17.71	2.88	18.36	8.33	2293	1834	64
1.76	15.51	2.36	17.93	8.6	1651	1835	64
2.57	14.55	2.81	16.16	6.46	2494	1836	64
2.57	18.48	2.14	17.07	8.08	1634	1837	64
1.87	17.01	2.56	14.98	7.42	2616	1838	64
2.68	11.53	2.58	14.02	8.05	1006	1839	64
2.17	16.31	1.21	15.01	5.98	2072	1840	64
2.48	16.34	2.77	14.12	7.04	2741	1841	64
2.4	14.04	2.06	13.22	7.95	2087	1842	64
1.33	15.97	2.85	12.74	8.68	1578	1843	64
3.09	16.96	2.99	15.83	7.16	2040	1844	64
3.76	15.18	4.79	12.45	9.87	1357	1845	65
2.99	18.33	4.68	12.54	9.17	1069	1846	65
2.19	14.83	3.46	12.77	10.97	1504	1847	65
1.94	17.33	2.65	10.5	11.72	981	1848	65
2.72	15.74	4.37	12.05	9.14	1029	1849	65
4.11	17.27	3.55	11.67	10.18	1071	1850	65
1.97	17.23	4.68	14.52	9.19	1219	1851	65
2.93	19.41	2.87	11.95	12.31	1674	1852	65
3.84	14.35	3.08	14.79	9.19	1589	1853	65
2.5	19.31	2.8	12.69	13.83	1678	1854	65
3.68	16.96	2.45	13.56	9.95	1468	1855	65
3.03	16.82	4.7	12.58	11.21	1320	1856	65
3.25	18.34	3.08	13.61	10.42	1756	1857	65
2.81	17.76	3.12	11.43	12.14	3980	1858	65
0.86	13.93	2.84	9.8	12.12	1163	1859	66
1.52	15.25	4.75	12.42	10.61	990	1860	66
1.54	15.56	2.65	14.79	10.09	1170	1861	66
2.42	16.81	2.85	10.19	12.89	1404	1862	66
1.77	13.96	2.6	10.63	10.52	960	1863	66
1.68	15.97	2.63	11.59	8.69	1484	1864	66
2.67	16.58	1.96	11.39	11.15	1273	1865	66
1.69	14.12	3.95	15.4	9.32	708	1866	66
3.14	15.1	2.3	8.91	10.27	2133	1867	66
1.03	12.65	1.18	9.56	13.38	680	1868	66
2.5	17.33	4.26	13.22	8.96	681	1869	66
2.15	14.55	3.89	10.76	9.63	976	1870	66
1.2	15.22	3.11	10.04	7.97	1255	1871	66
1.9	13.33	2.81	12.5	11.01	1208	1872	66
1.65	14.7	2.95	13.4	12.01	2306	1873	66
5.07	15.12	3.76	12.74	8.76	1382	1874	67
4.49	13.3	2.78	12.22	9.28	1293	1875	67
2.89	15.33	3.99	17.87	10.41	1729	1876	67
1.76	12.86	3.91	12.02	9.49	1306	1877	67
4.18	12.83	3.57	16.06	8.7	2322	1878	67
2.92	14.61	2.14	11.2	11.39	1027	1879	67
5.15	13.44	2.76	14.97	9.08	1630	1880	67
3.36	14.2	2.86	13.08	9.59	803	1881	67
3.4	13.44	5.61	14.31	9.33	1265	1882	67
4.71	16.29	3.5	15.95	7.81	1486	1883	67
4.25	13.7	2.63	13.82	8.25	1672	1884	67
3.67	12.03	3.23	13.35	8.07	1363	1885	67
1.72	11.16	5.98	12.47	8.22	986	1886	67
3.01	12.71	3.76	15.89	6.35	1196	1887	67
