2.05	14.65	3.01	11.25	9.81	7.93	2	2
2.44	14.46	4.75	12.36	10.52	8.05	2	3
2.22	15.05	2.9	11.03	10.3	5.9	2	4
2.17	13.83	2.77	13.04	9.78	6.7	2	5
1.7	13.88	3.18	10.64	7.75	5.35	2	6
2.69	15.62	2	10.54	9.46	6.57	2	7
2.85	15.81	3.69	12.36	13.96	12.52	3	8
2.52	10.81	2.7	15.23	9.83	8.66	3	9
2.39	14.88	4.03	13.99	9.15	7.04	3	10
2.23	13.68	2.88	12.37	11.45	9.37	3	11
2.54	13.82	2.72	14.08	11.54	9.16	3	12
2.46	13.59	1.77	12.68	10.47	7.96	3	13
2.05	12.7	2.87	11.34	13.39	8.22	3	14
2.96	13.29	3.86	12.63	11.33	11.14	3	15
2.19	12.55	5.09	13.61	9.13	6.82	4	16
1.86	14.04	2.69	13.36	10.96	9.69	4	17
4.13	12.24	2.77	13.29	12.94	9.28	4	18
3.11	16.19	3.2	11.44	13.5	9.75	4	19
2.24	13.62	2.9	12.09	15.11	8.21	4	20
1.93	15.19	3.92	9.34	14.31	11.04	4	21
3.74	17.49	3.74	12.77	12.04	9.6	4	22
3.58	14.55	3.36	12.65	12.21	12.55	4	23
3.2	15.87	3.79	13.5	11.25	9.44	4	24
3.25	16.55	3.53	12.2	16.89	12.39	4	25
3.36	12.97	1.84	10.33	7.77	7.39	5	26
2.45	11.62	3.09	12.43	10.1	6.14	5	27
2.79	8.13	3.03	13.32	11.96	7.33	5	28
3.03	11.68	4.69	11.82	9.73	7.19	5	29
2.96	10.99	2.12	11.21	12.27	8.15	5	30
3.77	10.63	3.77	13.79	10.27	6.38	5	31
4.67	11.16	1.75	12.91	10.07	7.66	5	32
1.8	13.1	2.29	12.07	7.98	7.47	5	33
2.63	10.22	2.67	12.72	10.6	7.44	5	34
2.48	11.21	3.08	12.03	9.23	5.54	5	35
2.91	13.54	2.73	15.22	12.38	6.83	5	36
1.25	12.5	3.59	11.56	7.5	3.23	6	37
1.6	9.77	2.19	13.41	11.95	4.23	6	38
2.48	12.1	3.35	13.39	8.21	3.97	6	39
3.04	14.16	3.96	12.18	12.33	6.08	6	40
3.25	14.94	1.95	15.58	10.61	6.51	6	41
1.41	10.83	2.83	14.44	11.15	4.62	6	42
1.95	13.32	2.13	13.85	10.3	4.33	6	43
1.78	11.09	2.72	14.44	11.4	4.71	6	44
2.04	12.02	4.54	13.38	10.2	4.64	6	45
2.7	12.46	3.32	10.38	9.35	4.38	6	46
1.74	13.9	3.95	15.17	10.11	5.15	6	47
2.83	11.3	3.48	11.09	10.22	4.22	6	48
3.51	13.2	2.45	13.37	10.7	7.01	7	49
2.33	12.58	3.68	13.18	11.12	6.92	7	50
2.76	12.18	1.95	13.6	10.35	9.37	7	51
2.26	12.39	2	14.1	11.05	9.39	7	52
2.45	14.79	3.42	13.92	11.68	7.11	7	53
2.48	12.38	2.12	15.47	9.15	9.92	7	54
1.86	10.7	3.01	12.13	10.46	8.12	7	55
2.7	12.15	3.46	13.49	10.16	9.36	7	56
3.56	12.89	3.48	14.33	11.17	8.89	7	57
1.98	12.84	3.02	15.25	12.84	8.27	7	58
1.86	11.16	1.65	13.68	11.51	9.1	7	59
2.38	13.05	2.5	12.99	9.64	7.86	7	60
2.93	11.82	2.48	15.32	11.94	10.83	7	61
2.34	15.72	3.7	14.24	12.82	7.21	7	62
3.02	15.12	3.26	12.88	9.05	9.26	8	63
2.63	12.09	2.63	13.15	8.81	8.6	8	64
3.37	12.99	3.51	13.86	9.62	9.76	8	65
3.14	14.83	3.05	13.96	10.65	8.01	8	66
3.13	12.5	2.91	13.85	9.64	8.14	8	67
2.93	16.46	2.45	12.03	9.87	12.85	8	68
2.25	12.3	1.66	13.83	9.67	10.57	8	69
1.86	11.6	3.17	11.6	9.85	8.54	8	70
2.72	14.85	4.7	10.52	11.39	6.94	11	75
2.16	17.53	2.44	9.65	11.81	7.31	11	76
2.72	13.23	2.57	10.36	10.21	11.83	11	77
2.94	15.11	4.62	10.7	14.48	7.94	11	78
1.57	14.89	3.27	11.5	11.74	9.08	11	79
2.16	16.17	3.24	12.97	9.3	7.07	25	108
2.24	16.7	2.96	11.77	10.64	5.97	25	109
2.85	17.05	1.98	10.49	8.96	8.28	25	110
1.36	15.17	2.56	12.52	10.86	8.33	25	111
2.65	12.46	5.41	12.13	6.66	4.5	25	112
2.01	13.39	2.16	13.54	11.57	8.53	26	113
2.22	13.37	2.82	10.82	9.62	10.87	26	114
2.02	13.76	2.51	13.31	11.29	7.83	26	115
2.36	14.6	2.77	12.34	11.79	7.76	26	116
1.7	13.55	1.99	12.57	11.56	8.24	26	117
2.5	12.33	2.35	13.58	11.27	11.37	26	118
2.06	13.75	2.93	11.26	11.26	7.87	26	119
1.86	12.81	2.03	13.95	11.58	10.07	26	120
2.66	12.19	2.79	14.02	13.02	7.51	27	121
5.28	14.56	4.51	14.05	14.82	5.71	27	122
3.05	15.95	3.23	12.94	11.05	6.31	27	123
2.74	14.64	3.23	14.75	12.92	6.73	27	124
2.1	12.16	4.2	14.02	10.02	6.46	27	125
3.38	16.67	3.49	14.65	10.02	6.35	27	126
2.16	13.57	3.08	16.74	10.91	6.6	27	127
2.77	10.92	2.77	12.82	10.49	7.74	28	128
3.07	15.06	4.36	15.06	12.69	10.4	28	129
1.93	13.11	3.17	15.3	10.09	9.73	28	130
2.58	14.66	3.19	13.09	12.9	10.36	28	131
2.48	11.04	4.53	11.91	11.85	9.32	28	132
2.47	13.44	3.35	12.95	12.7	11.86	28	133
2.32	12.49	2.95	14.23	11.02	9.04	28	134
2.63	13.63	2.32	14.64	12.32	14.05	28	135
2.81	16.54	2.72	13.65	12.42	15.09	28	136
1.41	14.7	2.52	14.6	11.41	9.4	28	137
3.11	16.47	3.6	13.61	11.61	11.26	28	138
2.92	14.22	3.06	15	10.62	9.42	30	143
2.83	14.45	4.1	11.62	11.12	7.61	30	144
3.89	17.85	3.8	11.71	11	8.87	30	145
3.54	15.19	3.91	14.78	10.53	8.98	30	146
2.78	14.4	3.53	13.13	10.56	7.78	30	147
3.1	15.34	2.28	12.89	11.23	10.48	30	148
1.04	14.26	3.76	13.16	11.6	9.02	31	149
4.16	13.76	4.86	12.49	7.86	7.09	31	150
3.06	14.24	4.15	11.51	9.27	10.53	31	151
3.54	12.2	5.25	11.15	7.35	8.02	31	152
2.5	13.71	3.37	12.19	6.96	6.56	31	153
2.77	13.9	4.24	11.13	9.49	7.66	31	154
2.11	12.69	3.42	13.75	9.87	8.63	31	155
3.39	15.91	4.77	12.93	8.3	7.73	31	156
3.24	15.66	4.04	12.06	7.72	8.45	31	157
3.05	14.07	2.33	11.72	11.68	11.6	32	158
3.06	16.75	2.91	11.79	12.09	13.53	32	159
2.44	14.44	2.65	13.22	10.88	8.85	32	160
1.66	13.95	1.87	11.62	10.11	12.55	32	161
3.07	18.03	2.64	10.5	12.38	13.29	32	162
2.12	15.64	2.85	14.81	11.5	8.63	32	163
3.02	14.22	2.03	12.42	10.72	6.6	32	164
1.42	15.52	3.07	10.72	11.69	6.98	32	165
2.62	14.5	3.44	10.84	12.71	6.08	33	166
3.67	12.82	5.2	11.92	10.46	8.69	33	167
3.09	15.94	3.48	11.3	14.78	7.96	33	168
4.12	13.92	4.38	9.63	12.43	9.36	33	169
1.54	16.51	4.41	12.67	13.63	6.43	33	170
3.12	15.32	3.53	10.94	14.55	7.71	33	171
3.21	15.9	3.28	11.58	12.06	7.24	33	172
3.32	14.01	3.02	12.03	11.08	6.63	33	173
2.26	10.16	3.69	10.76	9.41	5.8	33	174
2.23	12.18	2.28	12.57	9.65	5.96	33	175
1.9	16.17	2.73	9.93	10.88	6.08	34	176
2.04	12.54	2.85	10.49	8.55	5.79	34	177
2.26	14.72	3.05	11.29	11.45	11.19	34	178
1.85	13.55	1.85	13.35	5.34	6.01	34	179
4.38	13.25	3.43	8.64	6.15	5.35	34	180
3.64	14.93	3.02	12.57	10.51	12.54	34	181
2.41	13.47	3.42	10.75	7.44	5.29	34	182
2.46	14.76	2.69	13.71	11.66	6.59	35	183
1.86	14.42	3.28	14.33	12.85	8.37	35	184
2.77	13.57	3.44	14.45	10.67	7.22	35	185
1.7	13.85	3.25	14.28	7.42	5.92	35	186
1.44	14.66	2.92	12.92	9.88	8.84	35	187
1.64	12.06	1.6	13.75	10.23	5.24	35	188
2.12	12.52	2.89	15.27	11.52	7	36	189
3.81	11.53	2.74	16	10.45	6.03	36	190
2.95	13.88	2.31	17.24	10.58	6.33	36	191
2.84	13.18	3.62	13.39	12.14	7.04	36	192
1.77	13.3	1.62	15.41	9.91	6.33	36	193
1.51	11.55	2.82	15.74	12.44	7.1	36	194
2	15.07	2.33	13.28	11.74	8.64	36	195
2.47	12.37	2.56	14.93	13.78	8.39	36	196
3.51	11.33	3.01	16.19	12.03	7.07	36	197
1.67	10.37	2.69	16.33	9.09	5.18	36	198
2.33	15.57	3.04	15.97	12.58	7.28	36	199
2.8	13.07	3.91	13.83	12.96	7.59	36	200
2.25	12.42	2.67	16.08	10.5	7.67	36	201
1.97	14.77	3.57	14.34	10.33	7.05	37	202
1.82	12.69	2.13	14.98	10.5	8.78	37	203
3.47	12.48	2.81	15.2	9.01	8.02	37	204
2.2	11.73	3.1	14.99	9.24	6.92	37	205
3.74	9.27	5.2	15.93	7.97	5.04	37	206
2.83	13.66	3.73	12.35	10.97	7.55	37	207
2.78	14.44	4.81	19.63	11.11	6.21	37	208
3.88	13.51	4.82	16.45	9.23	6.67	37	209
2.94	13.94	3.84	15.41	11.57	6.71	37	210
1.68	16.56	4.54	10.69	11.95	6.91	38	211
1.71	14.19	3.65	15.1	10.31	7.66	38	212
2.4	15.18	3.91	12.21	10.95	7.13	38	213
2	14.69	4.08	14.09	10.24	6.54	38	214
3.45	14.52	2.71	13.22	12.37	9.32	38	215
2.18	14.71	2.99	13.42	10.35	6.83	38	216
3.01	13.01	3.7	14	11.16	7.36	38	217
2.88	15.87	3.56	10.29	10.29	7.48	38	218
2.79	13.92	4.64	13.45	11.41	6.95	38	219
2.41	10.94	2.84	15.5	8.79	7.35	40	224
2.83	8.7	2.69	14.15	10.77	7.79	40	225
1.44	11.16	2.2	15.76	8.62	7.64	40	226
2.16	9.3	3.71	15.23	13.61	7.73	40	227
2.9	14.92	2.71	15.58	11.29	7.73	40	228
2.28	12.11	1.96	15.15	9.8	9.4	40	229
2.68	10.33	1.28	12.9	11.61	7.65	40	230
2.53	10.99	2.44	14.33	10.94	8.51	40	231
2.5	12.33	2.55	15.83	12.01	8.71	40	232
2.74	10.12	3.97	14.23	10.81	6.65	40	233
2.71	14.2	1.81	14.51	10.7	7.58	41	234
1.61	15.65	1.8	15.28	6.55	7.42	41	235
2.43	12.19	3.25	15.86	7.46	6.79	41	236
1.51	14.15	2.58	13.81	12.15	10.34	41	237
2.77	11.16	1.65	15.98	9.05	9.71	41	238
3.19	13.4	1.91	15	10.74	9.13	41	239
2.2	13.31	2.2	13.67	13.17	10.7	41	240
3.39	13.56	3.23	12.82	9.59	9.86	41	241
2.24	13.06	1.49	13.31	12.81	8.12	41	242
2.45	14.77	1.09	14.5	10.03	8.74	41	243
1.71	12.2	1.41	16.23	11.59	6.66	41	244
2.11	10.04	3.49	13.53	11.63	7.11	43	249
4.44	10.66	3.06	14.18	12.4	8.95	43	250
1.56	14.86	2.2	14.91	9.66	7.17	43	251
2.4	10.67	2.79	15.16	9.93	7.38	43	252
3.27	11.5	3.5	11.73	10.75	9.47	43	253
3.81	12.29	4.05	13.76	9.95	8.75	43	254
3.38	12.35	4.69	12.63	7.66	5.64	43	255
1.94	11.48	3.58	13.11	9.39	7.22	43	256
1.96	12.41	2.04	15.73	7.14	6.09	44	257
2.13	12.28	2.38	16.92	11.53	9.28	44	258
2.91	13.77	2.83	13.93	9.05	7	44	259
1.51	13.2	2.94	14.71	9.54	7.62	44	260
1.81	12.35	3.68	13.57	9.89	10.99	44	261
1.95	14.66	2.7	14.05	10.28	8.63	44	262
3.27	12.97	2.16	15.23	10	9.63	44	263
2.38	13.28	6.02	15.35	8.52	6.94	44	264
3.12	12.61	3.87	13.02	9.1	10	44	265
2.92	13.57	4.06	14.75	11.26	7.18	44	266
2.77	15.17	3.33	15.43	8.74	6.76	44	267
1.42	14.05	3.57	12.63	9.24	7.61	44	268
2.33	16.63	2.58	14.09	9.58	7.66	44	269
2.25	11.96	2.07	15.81	8.58	7.28	44	270
3.83	12.64	3.83	19.54	11.88	9.67	45	272
3.55	15.6	4.43	13.83	10.82	6.2	45	273
2.88	10.82	4.57	11.54	11.54	6.3	45	274
3.77	10.04	6.69	12.13	12.97	7.03	45	275
3.05	11.61	1.83	11.41	8.96	8.47	45	276
4.21	12.45	2.11	11.69	11.3	8.03	45	277
3.28	10.75	4.78	12.84	9.55	8.38	45	278
2.48	11.63	2.58	15.82	13.13	7.94	46	279
2.6	12.26	3.35	11.43	11.32	5.74	46	280
2.6	12.86	2.09	15.54	12.13	8.7	46	281
2.94	13.14	2.64	12.61	11.12	7.16	46	282
2.45	12.56	2.16	13.19	12.6	9.61	46	283
3.08	14.28	1.95	16.11	10.13	7.47	46	284
3.13	12.39	2.87	12.48	10.13	8.33	46	285
2.92	12.48	3.05	11.73	10.43	6.51	46	286
3.18	13.57	2.6	12.53	11.36	7.94	46	287
1.69	13.41	1.25	14.46	9.12	7.38	48	289
1.29	12.95	3.05	18.13	9.82	6.14	48	290
1.77	12.06	1.96	13.95	10.22	6.19	48	291
3.6	15.18	1.76	16.56	10.81	6.39	48	292
1.6	16.61	4.47	12.78	11.5	4.89	48	293
1.91	13.15	1.65	15.76	11.5	6.61	48	294
1.6	13.21	2.88	13.16	9.54	6.32	48	295
2.08	15.44	2.74	13.47	10.51	7.13	48	296
2.23	12.84	3.35	14.51	10.88	5.02	48	297
2.09	10.9	2.44	15.17	8.72	6.3	48	298
1.91	15.9	2.53	13.79	9.28	6.1	48	299
3.31	12.05	3.01	17.92	8.58	5.4	49	300
2.56	11.11	2.08	16.12	10.01	5.12	49	301
2.25	10.96	5.06	11.24	8.71	4.94	49	302
1.31	12.03	2.05	12.68	13.91	7.36	49	303
2.07	11.7	2.07	11.88	9.47	5.59	49	304
3.32	12.12	2.63	13.98	9.96	5.04	49	305
3.61	10.56	2.54	13.64	8.42	5.67	49	306
2.06	13.07	2.41	15.6	10.89	5.45	49	307
3.7	9.76	5.92	15.68	10.21	4.51	49	308
3.07	10.32	3.49	17.99	10.18	6.35	49	309
1.99	11.12	3.09	10.69	10.02	6.59	50	310
3.43	10.89	3.79	14.32	12.48	9.5	50	311
1.79	11.24	1.91	13.4	12.08	7.6	50	312
3.78	12.08	2.67	12.82	8.3	6.02	50	313
2.14	13.66	2.17	14.57	11.45	7.58	50	314
3.48	14.01	3.48	12.54	12.06	7.18	50	315
3.28	13.7	3.97	12.46	11.22	7.87	51	316
2.42	11.36	5.2	11.58	8.06	7.8	51	317
3.6	13.03	5.13	12.75	7.48	7.14	51	318
3.65	11.76	3.65	16.16	9.26	9.13	51	319
2.86	11.73	4.26	11.45	9.92	8.04	51	320
2.71	9.92	4.27	12.63	9.31	7.34	51	321
3.1	12.69	3.64	10.89	10.16	8.93	51	322
3.14	13.41	3.41	11.15	11.25	9.43	51	323
2.31	11.86	3.73	9.32	10.14	6.18	51	324
3.35	10.73	4.44	12.53	8.43	7.44	51	325
2.75	10	3.93	12.6	7.11	6.28	51	326
2.01	12.16	4.6	12.26	8.91	6.57	51	327
3.24	10.49	3.89	13.12	8.99	7.32	51	328
3.37	9.67	3.3	14.62	7.95	6.51	51	329
3.79	10.11	2.98	12.55	11.1	5.62	51	330
3.04	12.84	3.5	14.53	10.11	12.11	53	334
4.37	14.88	2.94	13.77	11.68	10.71	53	335
3.81	14.12	2.47	12.46	11.44	8.69	53	336
2.62	13.73	3.64	13.93	10.33	8.81	53	337
1.96	15.4	2.99	11.19	12.14	8.16	53	338
3.38	14.94	2.4	12.19	11.45	11.27	53	339
3.37	12.23	3.99	12.41	13.18	6.85	53	340
2.54	11.84	4.14	12.23	9.57	6.61	53	341
1.89	13.74	3.27	11.47	10.79	6.16	53	342
2.91	15.51	3.19	15.82	10.01	8.18	53	343
3.34	12.81	3.91	12.56	11.08	6.98	53	344
2.71	14.28	5.16	11.07	12.81	6.27	54	345
2.1	14.82	2.38	11.67	10.84	6.17	54	346
2.19	11.33	3.18	11.06	10.3	7.59	54	347
2.3	11.71	3.1	10.95	10.3	6.2	54	348
3.35	13.08	3.68	14.14	12.1	6.64	54	349
2.13	16.34	2.31	9.24	9.24	6.62	54	350
0.81	13.85	5.01	9.55	13.15	4.34	54	351
2.44	12.46	4.26	11.63	11.47	7.11	54	352
3.75	15.78	2.5	9.22	9.06	6.74	54	353
4.27	10.54	3.32	13.86	9.85	6.78	54	354
2.15	10.49	3.34	14.24	10.01	8.11	54	355
1.49	12.71	6.64	13.63	10.19	5.74	54	356
2.66	9.76	2.59	11.69	10.56	9.07	54	357
2.49	13.19	3.84	16.15	12.31	8.69	54	358
2.68	12.52	3.75	12.67	8.87	11.09	56	362
3.13	10.88	3.63	14.67	8.85	9.48	56	363
3.18	11.03	3.58	14.8	7.7	9.11	56	364
2.95	13.11	4.57	12.15	12.08	7.59	56	365
3.56	14.24	2.98	12.08	12.19	8.74	56	366
2.65	12.3	3.37	15.1	10.59	7.59	56	367
1.41	14.22	4.69	15	8.28	6.81	56	368
1.94	10	3.82	12.15	11.74	6.18	56	369
3.3	14.01	3.13	13.19	12.2	8.27	56	370
2.63	16.4	4.99	10.79	10.2	11.95	57	371
2.6	16.42	3.11	11.86	10.08	10.11	57	372
3.58	16.15	5.07	11.96	9.93	10.07	57	373
5.21	16.4	6.78	15.93	8.99	8.13	57	374
2.38	15.06	4.87	11.63	9.14	9.46	57	375
2.72	14.72	3.43	12.7	7.56	9.19	57	376
2.69	12.53	6.32	14.29	6.79	6.72	57	377
2.16	15.3	4.38	11.8	8.76	10.77	57	378
2.84	14.62	7.07	12.84	10.8	7.84	57	379
2.22	16.98	6.58	11.56	10.49	8.04	57	380
2.56	12.91	4.21	17.01	9.28	6.51	58	381
2.44	14.38	3.84	13.48	8.68	5.73	58	382
2.38	14.82	6.95	14.55	9.88	6.51	58	383
2.52	15.14	7.81	13.82	10.58	5.51	58	384
3.03	14.89	5.07	14.98	9.66	5.22	58	385
2.29	14.94	6.39	12.02	9.17	5.18	58	386
1.32	15.9	5.35	13.01	7.41	5	58	387
4.17	15.55	2.92	13.74	11.48	6.04	58	388
1.44	13.23	4.09	16.52	9.7	6.24	58	389
1.66	10.06	2.96	15.98	9.11	5.22	58	390
2.36	12.13	3.94	12.39	8.56	6.59	59	391
2.6	13.89	4.72	12.72	11.42	9.88	59	392
2.02	14.81	3.03	11.6	10.02	12.78	59	393
2.16	15.05	3.72	11.94	8.74	10.61	59	394
3.48	16.05	2.51	15.6	10.24	13.05	59	395
2.93	13.36	3.4	12.48	8.71	10.13	59	396
1.67	15.79	3.26	12.53	7.8	9.21	59	397
3.59	14.14	3.11	14.65	9.74	8.17	59	398
2.98	14.12	4.08	12.59	11.5	10.1	59	399
2.27	18.16	2.21	12.29	9.33	15.32	60	400
2.19	17.97	3.49	13.59	8.81	10.6	60	401
2.48	17.48	1.94	11.95	8.38	10.99	60	402
2.91	13.48	2.99	13.81	9.14	8.48	60	403
1.92	15.74	2.98	14.08	6.96	7.62	60	404
2.04	16.1	2.88	12.25	10.87	10.41	60	405
3.05	15.32	3.42	13.6	7.96	9.82	60	406
2.1	16.97	2.24	11.33	9.05	7.75	60	407
2.49	14.36	3.18	12.23	9.84	6.77	60	408
2.29	20.69	1.94	12.11	8.8	8.58	61	409
3.13	16.23	1.94	13.32	9.91	13.07	61	410
3.08	15.06	2.82	12.13	10.08	10.81	61	411
2.16	17.4	2.94	17.23	7.88	12.03	61	412
3.06	18.87	2.52	13.16	9.31	9.85	61	413
2.43	17.21	2.08	13.41	9.78	10.78	61	414
2.54	15.8	3.59	12.33	7.74	8.23	61	415
2.33	17.93	2.2	13.16	9.79	8.74	61	416
1.6	17.8	3.2	12.67	9.12	10.62	61	417
2.1	14.1	3.62	17.14	8.76	5.83	62	418
3.08	15.69	4.92	15.54	7.54	4.22	62	419
1.84	17.75	3.03	14.02	9.1	8.91	62	420
2.99	13.73	3.51	12.44	6.14	5.6	62	421
3.25	15.77	2.79	16.69	7.63	6.46	62	422
2.14	14.63	3.42	13.38	8.03	7.08	62	423
2.56	13.83	3.67	11.31	11.93	10.35	63	424
2	14.18	3.33	11.98	8.34	10.62	63	425
3.57	14.52	2.86	11.99	11.34	10.24	63	426
3.07	13.58	4.75	9.81	13.34	11.21	63	427
2.39	12.85	4.73	10.41	11.9	10.36	63	428
2.63	12.08	4.3	15.28	9.26	7.07	63	429
3.22	16.63	3.99	9.92	13.03	9.86	63	430
3.54	14.92	3.74	13.76	11.46	9.6	63	432
2.82	13.27	3.29	13.62	11.95	8.67	63	433
2.73	12.42	4.6	16.71	9.81	7.19	64	434
3.38	12.8	2.21	15.2	8.97	7.7	64	435
3.39	12.39	3.72	15.95	9.32	7.25	64	436
4.01	15.85	4.97	15.57	11.27	7.07	64	437
2.57	14.79	5.03	13.27	11.46	8.87	64	438
3.52	12.33	5.46	14.71	8.81	5.91	64	439
2.67	19.16	1.8	12.1	7.81	10.87	65	440
2.39	16.03	3.31	13.78	8.09	8.36	65	441
3.21	12.82	4.56	12.7	6.54	7.72	65	442
2.89	17.1	3.49	12.76	8.92	8.92	65	443
3.1	14.29	2.4	12.89	7.99	7.25	65	444
1.75	16.29	3.62	13.51	8.66	9.85	65	445
2.11	20.8	4.56	12.63	11.13	11.3	65	446
2.81	15.29	3.59	14.2	10.45	6.68	65	447
1.75	20.91	3.79	11.77	10.7	9.43	65	448
2.4	13.22	2.08	12.02	7.38	7.15	65	449
4.57	13.97	4.31	14.91	9.66	8.53	66	450
2.92	13.74	3.57	13.74	7.68	6.84	66	451
2.93	12.31	4.14	14.73	9.18	6.88	66	452
3.95	11.58	4.1	15.82	11.58	7.53	66	453
3.13	12.02	3.21	15.14	11.11	7.11	66	454
4.42	10.06	3.48	17.48	7.33	6.08	66	455
2.67	11.7	2.78	18.54	7.07	6.9	66	456
3.55	12.77	3.83	15.46	9.22	8.2	66	457
3.96	12.82	3.58	17.81	7.82	8.1	66	458
1.64	14.8	1.64	11.21	9.27	8.16	66	459
1.38	13.48	3.91	13.32	7.35	7.06	67	460
2.04	15.59	3.44	14.3	9.19	11.01	67	461
2.41	12.99	3.46	12.94	8.18	9.85	67	462
1.44	13.81	1.85	12.54	9.24	9.56	67	463
2.55	13.74	1.61	13.42	7.83	10.44	67	464
2.53	14.83	2.61	12.71	8.54	9.11	67	465
1.93	12.99	2.2	13.44	7.64	9.55	67	466
1.94	12.29	2.98	13.28	8.22	7.94	67	467
1.7	13.34	1.82	12.17	8.43	8.47	67	468
2.68	13.26	2.6	13.59	9.98	7.64	67	469
2.72	14	3.26	11.76	9.53	9.83	68	470
2.52	13.76	3.01	12.38	9.9	10.32	68	471
2.65	12.81	2.57	12.47	8.75	9.24	68	472
2.57	15.4	3.16	11.58	10.06	10.76	68	473
2.07	14.04	3.56	11.33	8.19	8.7	68	474
2.63	13.45	3.99	10.95	7.89	9.1	68	475
2.77	12.47	2.98	13.91	7.98	10.41	68	476
3.17	12.63	2.81	12.17	8.57	10.54	68	477
2.77	11.54	2.61	12.73	7.99	10.73	68	478
2.35	14.63	1.93	15.14	9.34	11.43	69	479
2.72	15.55	4.12	12.67	9.02	5.04	69	480
4.7	15.7	3.87	13.07	11.52	8.45	69	481
3.27	13.81	2.78	12.18	9.54	8.63	69	482
1.91	14.69	1.91	15.86	8.34	8.67	69	483
3.07	13.47	2.3	15.55	10.19	7.8	69	484
4.38	16	3.4	12.03	9.33	9.29	69	485
3.62	16.14	2.65	12.37	9.58	12.28	69	486
3.83	13.26	4.61	12.59	12.69	9.02	70	487
3.06	13.42	4.02	11.72	11.72	7.5	70	488
2.39	12.9	4.73	11.68	11.25	8.56	70	489
3.62	12.28	3.31	11.83	9.42	7.51	70	490
2.69	12.56	5.49	12.7	10.83	6.56	70	491
2.4	12.16	4.99	12.44	11.19	7.36	70	492
2.7	11.72	5.69	13.41	10.85	7.3	70	493
2.36	15.7	3.43	10.91	11.15	10.28	70	494
2.18	14.95	3.78	9.95	13.78	9.49	70	495
2.75	13.79	3.59	9.8	13.73	7.89	70	496
3.34	13.98	3.65	10.22	12.28	9.08	70	497
3.88	11.3	3.49	10.97	12.23	10.97	71	498
3.87	12.69	3.93	12.75	9.91	11.7	71	499
3.9	14.52	2.83	14.14	11.25	10.54	71	500
3.3	12.82	3.53	12.48	11.13	7.42	71	501
3.08	13.41	4.77	11.53	11.05	8.16	71	502
3.38	14.44	5.94	12.21	11.01	8.81	71	503
3.1	11.39	3.05	14.45	10.17	9.36	71	504
2.13	14.59	3.67	10.05	13.62	9.08	71	505
2.79	15	3.56	10.54	13.61	7.96	71	506
1.96	15.7	3.13	11.54	9.78	7.23	72	507
2.65	14.42	3.23	12.83	8.88	7.59	72	508
2.62	15.67	2.78	11.55	11.19	8.43	72	509
1.18	16.15	3.38	11.49	7.85	6.99	72	510
3.34	16.65	3.49	9.92	10.37	8.02	72	511
3.41	17.27	3.41	13.48	9.13	7.51	72	512
2.44	14.67	3.45	11.07	9.64	8.83	72	513
2.64	15.02	3.11	11.84	11.5	8.69	73	514
2.78	14.22	2.46	10.09	8.66	12.59	73	515
2.22	18.33	3.49	12.07	12.25	12.89	73	516
3.71	16.77	3.55	13.91	11.51	9.73	73	517
3.61	12.85	3.4	12.85	9.98	7.98	73	518
4.43	18.29	3.54	9.93	10.76	10.62	73	519
2.17	16.63	4.94	10.6	8.31	9.12	73	520
3.15	16.74	4.6	9.91	11.56	10.5	73	521
1.67	13.74	3.03	13.81	8.35	9.43	74	522
2.53	17.42	4.07	12.67	9.1	7.98	74	523
2.19	16.05	3	12.42	11.43	7.36	74	524
3.29	18.73	2.18	13.74	10.97	14.37	74	525
1.43	16.29	3.15	16.32	8.59	10.09	74	526
2.68	16.53	2.98	16.93	8.69	9.37	74	527
1.91	15.45	2.26	15.8	8.2	9.03	74	528
2.18	14.84	3.89	14.78	6.75	7.19	74	529
2.2	13.18	3.79	12.48	11.07	10.19	74	530
3	17.14	6.3	13.6	9.72	9.28	74	531
4.13	13.62	4.09	14.46	9.41	10.28	74	532
2.56	12.42	4.67	14.16	10.02	11.55	75	533
2.9	11.24	3.42	12.43	11.9	9.96	75	534
2.6	12.37	3.38	12.65	11.1	7.37	75	535
2.09	15.5	2.46	11.44	11.89	14.35	75	537
3.15	15.06	3.38	9.5	12.6	10.04	75	538
2.64	13.19	3.52	11.17	8.8	10.53	75	539
2.39	10.17	4.87	9.32	8.46	7.01	75	540
4.47	12.16	0.99	15.63	7.69	7.2	75	541
3.55	15.51	3.51	12.57	12.9	15.41	75	542
3.43	15.67	4.51	12.98	8.91	5.9	76	543
2.12	13.51	2.39	12.64	8.14	9.22	76	544
3.52	14.85	3.13	13.49	9.06	9.3	76	545
4.41	17.27	3.26	12.09	8.45	5.73	76	546
3.21	12.39	6.85	12.54	7.87	4.83	76	547
2.17	14.94	5.25	15.51	9.01	7.76	76	548
3.31	13.5	4.64	13.92	9.11	5.92	76	549
3.63	13.39	5.3	13.25	8.37	7.55	76	550
2.49	14.06	4.82	17.25	8.94	6.34	76	551
1.55	16.69	2.82	13.24	10.42	9.66	76	552
4.46	17.17	3.57	14.01	11.54	7.7	76	553
4.03	14.45	3.04	14.14	9.86	11.27	76	554
2.92	15.37	3.24	12.15	9.4	10.19	77	555
2.64	14	2.64	12.73	8.14	10.76	77	556
4.55	14.02	2.03	15.86	7.64	9.49	77	557
2.86	16.76	2.89	10.72	9.77	10.96	77	558
2.52	17.38	3.34	11.62	11.26	11.62	77	559
2.97	16.68	3.3	14.21	9.37	10.73	77	560
4.46	16.06	3.18	12.25	9.17	11.2	77	561
2.5	15.84	3.82	12.6	8.85	10.47	77	562
3.44	18.85	2.51	12.87	11.05	13.33	77	563
3.26	15.65	3.94	11.34	9.2	10.61	77	564
2.62	17	3.7	12.32	7.24	9.81	77	565
3.95	12.58	4.02	12.88	11.02	8.95	78	566
3.48	14.2	2.58	13.09	9.98	8.58	78	567
2.35	13.66	4.13	14.08	9.53	7.9	78	568
2.73	12.91	4.99	14.41	11.54	7.21	78	569
2.83	14.08	3.79	11.86	10.52	8.82	78	570
3.67	15.52	3.22	10.99	11.74	10.67	78	571
3.51	13.2	2.64	10.67	12.61	9.92	78	572
2.48	15.18	2.92	11.75	8.83	10.87	79	573
1.92	14.52	4.38	10.96	7.85	8.17	79	574
2.91	13.14	4.61	12.84	8.63	7.22	79	575
3.01	10.66	3.83	15.03	12.84	7.79	79	576
4.14	11.76	2.81	12.03	12.7	10.25	79	577
2.05	13.2	2.56	12.9	8.5	6.98	79	578
2.04	11.54	2.55	11.85	10.62	6.53	79	579
1.87	13.33	3.04	13.57	7.72	7.18	79	580
2.67	13.01	2.75	12.44	8	7.19	79	581
2.79	8.37	5.18	16.33	10.56	4.05	79	582
4.42	13.27	4.56	12.2	9.79	6.32	79	583
3.48	15.28	3.48	15.2	11.71	8.18	80	584
2.54	17.67	2.45	16.23	10.48	6.33	80	585
1.59	15.75	3.18	10.75	8.86	7.3	80	586
1.59	14.94	2.48	15.26	10.87	7.67	80	587
2.53	16.25	2.43	15.86	9.24	6.35	80	588
2.74	14.37	1.75	11.68	11.93	8.44	80	589
1.23	15.12	0.93	14.51	12.5	6.42	80	590
2.03	13.21	3.34	15.53	11.61	6.15	80	591
0.83	15.18	1.65	12.05	10.56	4.93	80	592
2.6	14.37	2.84	11.28	9.4	9.89	81	593
2.53	16.42	4.45	15.2	8.83	5.98	81	594
2.14	13.73	2.97	11.3	7.16	5.67	81	595
3.19	16.58	2.37	13.8	14.21	9.34	81	596
4.57	13.07	2.74	18.37	9.14	7.54	81	597
3.55	14.76	2.65	11.7	8.29	6.3	81	598
1.78	13.36	1.22	13.25	11.25	6.28	81	599
3.88	12.86	2.35	15.21	6.96	6.31	81	600
2.06	11.24	4.49	12.73	7.12	7.12	81	601
2.9	14.99	2.82	12.49	7.41	5.17	81	602
1.9	12.68	2.22	13.31	6.02	5.21	81	603
1.91	14.4	3.22	10.03	7.5	8.32	81	604
1.47	18.05	1.66	13.26	7.73	6.39	81	605
2.46	12.43	2.46	17.23	11.61	9.48	82	606
2.52	13.18	2.52	13.08	9.06	10.2	82	607
2.65	12.52	1.52	15.56	9.47	8.88	82	608
3.95	15.58	2.91	16.76	8.24	10.78	82	610
3.92	17.65	2.55	14.31	8.82	7.97	82	611
1.83	13.19	2.2	18.68	8.06	5.15	82	612
3.49	15.62	3.21	13.53	9.9	6.89	82	613
3.37	13.47	2.24	13.72	6.61	6.68	82	614
1.99	15.07	2.37	19.68	6.35	6.13	82	615
4.58	12.62	2.6	12.45	9.96	9.5	82	616
2.77	12.87	3.35	15.65	11.67	5.19	82	617
3.07	12.27	1.93	13.07	9.66	5.18	82	618
3.27	13.04	2.44	12.44	7.51	7.81	83	619
2.8	16.32	3.3	13.32	8.02	8.13	83	620
2.08	15.82	1.94	13.79	9.09	11.29	83	621
2.28	16.43	2.63	9.99	9.82	11.47	83	622
2.76	12.36	3.9	12.93	9.32	6.92	83	623
2.19	15.13	3.51	11.46	8.69	10.2	83	624
2.55	14.26	2.42	13.55	9.43	8.69	83	625
2.14	16.38	3.1	14.85	8.08	7.27	83	626
2.81	15.63	3.72	15.01	8.34	7.09	83	627
3.13	12.11	6.41	12.68	9.54	5.36	84	628
2.64	13.67	4.11	16.49	8.83	6.97	84	629
1.78	12.91	4.62	14.69	9.48	6.98	84	630
2.06	15.59	3.35	14.69	8.51	7.25	84	631
1.95	15.05	4.91	14.66	10.3	7.08	84	632
2.86	13.79	2.69	15.05	8.49	9.29	84	633
3.88	13.7	3.88	12.66	9.56	6.73	84	634
1.3	12.85	2.93	11.87	9.92	6.34	84	635
3.18	13.99	4.44	14.57	9.97	7.7	84	636
2.15	17.33	2.76	11.81	11.5	9.18	84	637
1.91	17.02	4.52	12.57	11.58	7.87	84	638
1.72	17.77	2.85	17.45	8.36	11.09	85	639
1.81	15.34	2.31	17.81	8.3	8.16	85	640
1.92	14.92	2.96	15.74	6.79	8.24	85	641
2.51	18.46	1.99	16.53	8.17	9.15	85	642
1.74	16.8	2.55	14.95	7.53	11.41	85	643
2.84	11.74	2.84	14.31	8.07	6.19	85	644
2.24	16.14	1.43	15.02	6.28	9.37	85	645
2.52	16.73	2.73	14	6.98	9.16	85	646
2.51	14.23	1.89	13.57	8.28	9.5	85	647
1.31	16.2	2.8	12.71	8.85	8.11	85	648
3.06	16.91	3.01	15.67	7.12	10.06	85	649
3.74	14.88	5.01	12.62	10.08	7.27	86	650
2.97	18.22	4.74	12.73	9.11	7.58	86	651
2.12	14.71	3.6	12.78	10.66	6.28	86	652
1.85	17.1	3.01	10.59	11.66	7.1	86	653
2.75	15.63	4.45	12.59	9.09	7.18	86	654
4.14	17.3	3.68	11.87	10.03	8.91	86	655
1.93	17.38	4.59	14.56	9.09	8.63	86	656
2.99	19.34	2.88	12.17	12.28	8.48	86	657
3.92	14.3	3.2	14.79	9.11	6.45	86	658
2.6	19.23	2.83	12.67	13.69	11.26	86	659
3.6	16.1	2.73	14.36	10.13	6.7	86	660
3.03	16.81	4.77	12.64	11.2	6.92	86	661
2.98	18.52	3.24	13.22	10.34	11.24	86	662
2.8	17.61	3.15	11.54	12.04	8.17	86	663
0.88	13.35	2.98	9.98	11.67	6.94	87	664
1.57	15.01	4.42	12.89	11.14	5.15	87	665
1.48	15.74	2.7	14.92	10.33	5.73	87	666
2.46	16.78	2.86	10.37	13.03	7.48	87	667
1.67	13.23	2.5	11.29	10.55	6.89	87	668
1.64	15.84	2.88	11.45	8.57	5.14	87	669
2.56	16.88	1.88	11.45	11.23	7.46	87	670
1.63	14.4	4.08	15.76	9.24	5.29	87	671
3.15	15.18	2.27	8.98	10.41	7.09	87	672
1.23	13.35	1.5	9.67	13.9	6.27	87	673
2.42	17.64	4.27	13.09	9.53	6.28	87	674
2.22	14.52	4.03	10.89	9.68	5.73	87	675
1.15	15.13	3.07	9.98	8.06	6.06	87	676
1.86	12.86	2.83	12.86	11	6.14	87	677
1.55	14.83	3.07	13.47	12.24	8.31	87	678
5.06	15.06	3.85	12.49	8.78	8.66	88	679
4.5	13.26	2.82	12.42	9.3	8.46	88	680
2.8	15.31	3.98	18.06	10.43	7.46	88	681
1.73	12.61	3.89	12.03	9.44	6.2	88	682
4.1	12.74	3.55	16.04	8.59	7.27	88	683
2.86	14.69	2.1	11.16	11.45	11.64	88	684
5.12	14.19	2.71	15.08	9.31	6.66	88	685
3.36	14.39	2.9	13.11	9.63	7.01	88	686
3.41	13.34	5.61	14.56	9.17	8.3	88	687
4.71	16.24	3.64	16.04	7.75	9.86	88	688
5.09	13.97	2.66	13.82	8.43	8.28	88	689
3.63	11.88	3.35	13.35	7.97	7.34	88	690
1.7	11.1	6.2	12.5	8.2	6.85	88	691
2.59	12.77	6.25	15.23	9.59	6.56	95	692
1.18	11.64	2.62	9.9	7.6	7.65	97	693
1.63	14.22	3.59	14.18	10.52	7.75	95	694
2.15	12.17	4.24	15.33	9.25	5.72	95	695
2.82	16	2.47	15.4	9.52	10.79	91	696
2.18	12.01	1.99	13.49	7.26	7.45	97	697
2.06	13.68	2.06	10.8	10.1	9.26	97	698
2.1	17.05	2.7	10.33	12.11	9.27	91	699
1.14	14.93	1.92	8.17	14.14	9.91	91	700
3.31	13.62	2.08	16.35	9.76	8.55	91	701
3.15	14	3.05	13.29	10.43	6.55	94	702
2.88	14.47	4.05	12.91	9.89	8.5	96	703
2.49	10.62	3.09	14.32	11.29	7.26	97	704
2.16	13.46	2.11	11.36	11.14	11.72	91	705
3.21	14.74	1.79	15.22	10.99	10.76	91	706
4.24	14.16	4.43	18.93	10.13	5.97	95	707
2.43	15.66	1.39	9.65	11.84	10.24	91	708
3.42	14.55	1.97	18.35	10.36	9.69	91	709
2.09	11.82	2.37	17.39	9.37	7.66	91	710
2.97	12.3	4.28	11.87	9.25	7.81	89	711
2.9	10.89	3.97	12.45	8.85	6.45	89	712
2.82	15.54	3.76	12.9	10.21	11.44	89	713
2.42	11.85	4.03	12.97	8.13	7.6	98	714
2.51	12.28	5.03	10.64	7.83	7.55	90	715
2.23	15.24	4.03	14.09	8.77	6.59	98	716
2.69	13.5	5.38	12.54	12.34	6.75	96	717
1.55	14.43	3.44	12.67	8.16	7.2	96	718
2.19	18.94	3.61	15.63	9.06	9.86	90	719
2.72	14.62	6.84	13.84	10.58	6.24	90	720
2.82	14.64	4.39	16	7.84	8.25	90	721
2.61	15.06	4	12.82	8.61	6.66	89	722
2.33	13.93	2.71	12.47	8.29	6.17	89	723
2.88	14.97	4.43	13.77	10.43	6.47	96	724
3.25	15.25	4.53	12.77	10.21	8.47	96	725
3.48	13.32	1.82	17.13	8.44	8.13	91	726
2.74	17.25	4.21	12.05	10.29	9.26	96	727
2.87	16.03	2.82	14	9.63	9.44	94	728
1.99	12.27	0.96	15.33	9.33	11.23	91	729
2.09	13.55	2.96	12.58	8.69	6.07	90	730
2.82	12.1	1.95	13.73	9.88	7.12	90	731
2.49	12.71	3.47	12.61	8.46	6.16	89	732
2.99	18.52	4.63	19.46	9.59	8.25	90	733
2.04	15.77	3.8	15.14	10.92	6.89	98	734
2.09	13.71	3.26	17.49	7.7	5.11	98	735
2.2	17.35	3.49	12.66	9.17	7.48	90	736
4.55	19.39	3.66	12.86	9.5	4.27	98	737
3.03	15.48	4.21	15.21	9.12	9.14	90	738
3.37	15.69	4.33	12.61	9.43	8.66	90	739
2.71	15.05	4.75	12.16	10.07	6.4	94	740
2.62	13.63	3.46	16	9.99	7.54	97	741
3.53	14.54	3.13	13.48	10.13	7.91	93	742
2.35	12.73	3.87	11.38	9.66	8.09	92	743
1.65	17.89	2.44	13.32	10.62	12.08	91	744
3.14	16.42	3.09	13.16	10.1	8.49	96	745
3.61	14.13	2.9	14.63	9.62	8.87	93	746
3.11	15.05	4.3	16.37	9.38	8.01	93	747
2.96	15.59	3	12.76	10.65	6.42	94	748
2.63	15.4	2.74	18.35	11.43	9.05	91	749
2.38	10.65	2	12.07	9.13	6.34	97	750
1.68	9.61	2.61	11.75	7.46	6.38	97	751
1.78	13.91	2.96	12.43	10.21	6.73	98	752
4.35	17.36	5.27	17.03	11.45	8.42	98	753
2.72	15.27	2.5	12.94	10.53	10.09	89	754
2.28	14.71	4.53	13.1	7.75	6.3	98	755
2.87	16.78	2	11.55	10.91	9.45	90	756
3.16	15.16	4.55	14.44	10	7.91	93	757
1.26	17.08	2.69	10.83	11.62	8.27	91	758
1.85	13.25	2.86	12.39	11.38	10.97	92	759
2.27	15.34	3.3	12.77	9.85	6.82	90	760
3.32	13.14	3.07	13.68	9.83	7.44	90	761
1.15	10.91	2.3	9.76	10.14	8.81	97	762
1.23	11.13	1.15	10.82	6.6	7.62	97	763
2.55	14.44	3.29	13.57	10.75	6.59	94	764
1.83	14.23	3.29	12.33	12.43	13.21	92	765
1.56	15.5	1.37	11.54	9.73	11.62	91	766
1.74	14.36	1.52	11.24	11.24	10.21	91	767
2.36	14.87	5.84	13.02	9.63	6.62	89	768
2.03	13.56	5.42	13.39	9.24	4.59	95	769
3.71	12.25	3.86	13.45	10.26	6.68	95	770
3.02	13.76	4.09	18.19	9.46	4.64	95	771
3.31	14.33	3.13	12.29	9.98	6.93	96	772
2.87	11.95	5.4	15.86	5.98	4.1	95	773
2.93	13.25	3.54	13.65	10.01	6.1	94	774
2.94	17.18	1.96	16.81	7.73	6.97	90	775
1.65	15.15	3.15	12.51	8.09	7.35	90	776
2.16	13.66	2.39	14.42	10.53	9.12	92	777
2.8	15.64	3.52	13.06	11.15	9.56	93	778
1.78	11.76	3.11	11.58	11.25	9.11	92	779
3.51	12.64	5.12	13.85	9.38	6.41	93	780
2.82	16.94	3.79	14.41	8.77	9.61	93	781
2.9	12.6	2.79	14.21	10.2	8.08	90	782
3.72	15.26	2.57	15.78	10.48	10.9	91	783
3.11	16.35	3.11	12.6	8.45	8.42	90	784
2.57	15.27	4.35	11.32	9.1	8.25	90	785
2.7	14.3	3.19	11.03	9.93	8.5	90	786
1.37	11.6	1.65	12.86	7.79	7.45	97	787
2.19	17.02	3.64	12.75	14.52	12.56	91	788
2.21	14.93	2.08	17.45	10.02	6.99	90	789
3.51	13.71	2.31	13.86	10.68	7.8	90	790
2.83	16.68	2.78	13.81	8.92	7.77	90	791
3.2	16.24	2.84	11.53	8.82	8.72	90	792
3.23	15.42	3.18	12.95	10.04	16.4	98	793
2.42	15.21	3.08	13.53	11.93	11.05	96	794
2.4	14.6	3.21	11.96	8.46	10.37	92	795
1.83	15.19	2.43	10.64	11.7	13.44	92	796
3.13	15.35	2.98	11.08	8.91	9.77	92	797
3.48	16.39	2.17	14.22	10.19	10.61	91	798
2.77	13.24	3.92	14.72	9.99	5.78	94	799
3.77	14.32	2.13	13.16	8.66	6.67	94	800
2.5	15.54	2.54	16.12	9.78	8.3	91	801
2.09	11.82	2.37	17.39	9.37	7.66	91	802
3.49	11.9	2.16	13.23	9.54	6.18	97	803
1.81	13.7	2.8	14.01	10.9	7.83	98	804
2.4	15.06	3.57	12.86	8.31	8.51	89	805
2.86	13.83	4.59	14.19	10.94	8.73	96	806
3.21	13.81	2.74	14.05	9.76	8.94	90	807
3.65	15.79	3.65	16.22	8.59	8.7	90	808
2.31	17.47	2.76	13.45	7.13	7.57	97	809
2.87	12.29	2.87	12.09	8.23	6.43	97	810
2.53	16.83	4.41	15.71	7.52	7.8	89	811
1.75	13.15	1.62	14.83	10.23	9.47	90	812
2.55	12.92	2.73	13.19	9.55	8.93	90	813
1.81	12.84	2.15	12.82	9.78	12.55	92	814
2.78	16.13	5.25	16.56	8.22	7	90	815
2	10.87	1.72	12.58	7.82	7.49	97	816
1.85	11.11	2.29	13.14	7.23	8.86	97	817
1.64	16.3	2.4	11.63	12.82	11.08	91	818
2.21	14.91	2.71	10.75	10.3	11.96	91	819
3.03	14.79	3.68	13.38	10.78	8.24	91	820
3.7	10.62	4.62	17.09	10.39	9.21	91	821
2.44	13.16	7.66	12.2	10.27	6.34	89	822
2.2	15.03	5.18	12.92	9.4	6.05	98	823
3.36	10.64	4.37	12.79	9.3	7.76	89	824
2.01	15.23	1.92	9.96	12.22	12.19	91	825
2.21	12.47	1.81	10.66	10.66	9.38	91	826
3.18	14.09	3.15	11.85	11.69	12.21	93	827
2.58	16.64	4.05	14.61	9.82	7.54	90	828
2.92	15.59	5.39	14.92	9.64	7.87	90	829
3.07	14.5	1.74	14	12.18	13.19	91	830
4.28	16.25	3.18	18.16	10.27	13.15	91	831
1.92	13.16	3.65	14	12.55	8.68	92	832
3.52	14.87	2.37	13.66	10.96	13.45	93	833
3.2	15.38	3.01	14.52	10.36	13.17	93	834
2.27	13.5	3.24	13.15	12.12	11	91	835
2.59	13.06	3.02	14.94	9.31	7.27	92	836
2.29	16.5	3.96	13.72	11.99	9.19	91	837
2.09	12.68	2.27	13.25	9.76	10.03	92	838
2.27	13.65	3.9	11.86	10.9	7.94	92	839
2.63	16.85	3.36	15.49	11.25	10.21	93	840
2.74	12.23	4.01	17.24	10.86	7.83	98	841
2.34	16.33	2.57	13.92	11.39	6.64	94	842
2.86	14.16	2.59	12.43	10.64	5.85	94	843
2.18	14.5	4.32	13.75	8.84	8.09	98	844
4.36	15.81	2.47	18.7	11.32	9.77	91	845
2.25	14.02	4.31	12.45	11.52	6.64	94	846
2.82	13	5.27	14.19	9.21	6.64	89	847
2.91	16	3.62	14.27	10.08	9.45	89	848
1.71	13	2.9	11.48	9.73	9.31	91	849
4.98	15.28	3.15	14.51	8.76	10.42	93	850
1.54	14.46	2.53	11.87	11.65	9	91	851
2.5	16.28	2.43	12.44	9.78	6.83	94	852
2.61	13.43	3.06	14.85	11.42	6.47	94	853
2.27	18.56	2.27	20.42	7.3	8.65	91	854
2.18	14.51	3.89	15.53	10.01	7.9	98	855
2.35	13.8	2.79	14.54	8.52	5.68	98	856
2.5	15.56	3.56	12.88	11.56	7.41	94	857
3.33	14.79	2.67	12.55	9.52	6.13	90	858
2.55	14.69	3.92	14.4	9.11	5.43	90	859
1.99	12.98	2.64	11.16	11.89	7.54	92	860
1.88	15.54	3.31	11.78	10.72	7.74	92	861
3.03	14.31	2.15	14.2	9.86	9.69	91	862
3.15	13.34	3.42	11.8	10.25	6.97	89	863
3.36	15.4	3.3	14.45	10.36	6.47	90	864
2.17	15.01	3.13	15.84	9.26	6.39	91	865
2.8	14.57	3.78	14.25	9.2	6.61	90	866
3.15	14.62	3.01	13.08	10.04	9.43	93	867
2.49	13.05	2.07	13.58	7.85	8.27	91	868
2.02	14.46	3.48	13.56	9.53	4.84	94	869
2.83	14.41	1.89	13.2	10.53	8.52	91	870
3.86	15.99	2.84	17.65	9.55	7.17	91	871
1.67	13.24	2.87	12.16	11.95	8.54	92	872
2.65	13.31	3.26	14.36	6.79	9.53	93	873
4.22	14.39	3.01	10.92	11.58	11.16	93	874
2.22	13.87	5.62	14.45	10.01	8.06	89	875
2.14	14.12	3.58	15.07	10.13	6.69	98	876
2.31	13.58	2.71	15.11	8.02	6.49	91	877
2.45	15.26	2.06	13.76	11.53	8.16	91	878
3.49	11.85	4	14.06	9.32	8.64	98	879
2.14	14.59	3.44	14.68	7.99	5.69	94	880
3.4	13.53	4.25	14.82	9.64	9.72	93	881
2.94	12.65	3.72	13.27	8.51	8.26	89	882
2.88	14.33	3.29	14.4	10.85	9.86	92	883
1.64	13.61	2.32	10.14	8.4	8.16	91	884
2.41	14.2	4.76	15.09	9.13	6.83	98	885
3.03	16.73	3.46	12.26	11.09	10.61	90	886
3.22	14.8	2.82	16.17	8.53	7.31	98	887
3.03	16.6	5.37	13.87	11.62	7.01	90	888
3.61	17.85	3.08	14.13	11.16	6.32	94	889
1.53	14.29	2.81	14.17	11.12	8.14	91	890
3.93	17.03	3.35	12.95	11.14	8.75	90	891
2.16	15.1	3.33	11.02	10.86	9.42	92	892
2.38	15.59	4.58	14.63	7.93	6.8	98	893
4.23	11.63	2.56	17.27	7.4	6.92	98	894
3.2	12.55	6.15	15.09	6.23	7.43	89	895
2.62	12.13	3.18	11.71	10.27	8.19	89	896
3.98	12.34	2.36	14.71	10.31	8.2	98	897
0.96	13.35	4.03	11.82	11.05	6.55	91	898
2.69	14.77	4.61	14.35	9.93	6.88	93	899
1.33	14.86	1.78	9.78	11.11	8.69	91	900
3.21	14.74	2.79	13.83	10.31	6.27	93	901
3.11	15.55	3.22	15.13	9.02	8.39	90	902
2.95	13.96	4.42	20.03	8.24	6.55	90	903
3.51	13.42	3.46	15.96	10.08	6.58	91	904
2.78	16.41	2.98	14.94	10.8	9.21	98	905
2.62	13.79	3.16	15.78	8.79	6.69	90	906
2.69	12.44	2.8	13.22	6.39	9.2	90	907
4.55	13.56	4.8	16	8.19	9.55	89	908
2.8	14.64	3.23	12.39	9.47	6.23	90	909
2.59	12.66	3.8	13.44	8.5	5.8	94	910
1.85	12.38	3.26	12.68	9.36	6.25	94	911
2.4	14.21	3.85	12.63	8.58	6.81	89	912
1.41	13.11	3.5	13.11	10.15	7.95	90	913
2.77	14.87	2.95	11.62	11.8	11.38	92	914
3.15	15.77	3.15	9.02	11.55	11.49	92	915
3.18	16.89	3.94	16.61	7.61	8.87	90	916
1.78	14.65	2.88	11.1	9.87	5.89	91	917
1.34	15.49	2.56	10.49	10.91	6.89	91	918
2.87	12.47	5.54	12.01	10.47	7.11	90	919
2.87	14.91	2.7	15.12	7.65	6.82	90	920
1.79	15.15	1.07	10.53	10.01	10.65	91	921
2.74	13.68	3.58	12.84	9.6	7.88	92	922
3.19	15.64	4.23	14	9.6	10.99	89	923
4.58	16.36	2.82	13.26	8.64	7.23	94	924
2.7	12.96	2.74	12.53	8.81	8.51	89	925
1.57	13.15	4.22	10.74	7.12	3.74	94	926
2.44	13.25	3.3	12.97	7.38	7.8	93	927
2.78	16.91	3.1	11.83	9.56	7.34	89	928
3.17	15.32	5.29	13.85	8.97	6.16	89	929
3.75	12.9	4.71	15.63	7.65	7.22	93	930
1.79	11.96	3.22	12.46	8.38	7.67	99	931
1.7	15.48	2.54	13.83	8.84	9.34	99	932
1.93	17.18	2.94	11.08	9.58	8.85	99	933
2.58	16.57	4.16	10.5	10.07	9.96	99	934
2.1	14.17	4.99	9.89	10.41	7.72	99	935
2.6	16.41	4.97	11.21	8.24	6.98	99	936
3.49	13.21	5.49	12.47	8.09	5.96	99	937
2.35	17.57	2.77	10.31	10.69	10.75	99	938
2.57	16.98	3.9	12.68	9.04	7.45	99	939
2.37	16.52	3.37	10.79	9.52	8.9	99	940
1.81	16.94	3.57	9.63	9.12	6.87	100	941
1.03	15.2	2.87	10.68	4.93	3.69	100	942
2.43	13.03	5.02	13.58	9.18	4.33	100	943
2.72	16.75	2.74	10.45	10.97	6.76	100	944
1.41	15.67	3.8	11.66	11.61	5.95	100	945
1.42	11.45	4.6	15.87	8.67	5.04	100	946
1.2	14.49	3.82	11.59	8.9	4.76	100	947
3.21	14.54	4.63	13.31	8.03	5.27	100	948
2.46	14.72	3.08	12.21	8.83	5.2	100	949
1.93	13.1	3.66	12.61	8.67	5.82	100	950
2.35	14.35	4.41	11.61	8.54	7.56	100	951
1.35	13.61	6.66	10.23	7.63	3.88	100	952
2	15.06	3.48	9.25	10.77	6.26	100	953
1.85	16.93	3.16	12.18	10.74	5.11	100	954
1.96	14.6	5.14	12.69	9.74	4.83	100	955
1.87	15.75	3.61	11.6	9.91	6	100	956
2.37	14.81	3.78	10.71	10.12	5.96	100	957
1.54	13.55	4.46	11.32	10.98	4.98	100	958
2.81	15.65	3.49	10.29	11.56	7.35	100	959
1.99	16.57	3.98	11.78	9.5	5.73	100	960
1.96	15.28	2.87	12.54	7.93	6.41	100	961
2.66	16.06	3.35	10.63	10.85	8.29	100	962
2.53	12.94	5.06	11.53	7.74	4.87	100	963
2.6	11.76	4.58	13.37	9.53	4.93	100	964
2.02	13.67	4.6	12.04	9.33	5.17	100	965
1.73	14.12	4.71	12.3	11.72	4.49	100	966
2.13	13.91	3.74	13.39	10.17	4.17	100	967
2.37	13.01	5.48	12.36	8.27	4.91	100	968
1.39	13.01	3.24	12.19	9.2	4.9	100	969
2.79	12.3	3.55	11.72	8.84	4.18	100	970
1.81	12.69	4.46	11.72	9.83	4.24	100	971
2.09	12.88	2.25	13.03	10.01	5.09	100	972
2.72	12.87	3.31	13.12	8.76	6.47	101	973
2.97	12.8	3.02	13.21	8.28	5.71	101	974
1.92	12.65	4.91	14.42	8.51	5.09	101	975
2.57	14	2.51	12.5	9.3	7.21	101	976
2.03	13.97	3.04	12.76	9.67	7.04	101	977
2.98	11.45	3.59	13.01	10.64	5.29	101	978
2.53	13.05	4.39	9.74	11	6.4	101	979
1.79	12.05	2.18	14.35	9.56	6.56	101	980
2.25	12.51	2.85	15.44	10.74	6.53	101	981
2.93	12.15	3.09	13.65	11.03	6.85	101	982
1.83	13.81	2.57	13.32	7.94	5.49	101	983
2.57	11.45	3.29	14.17	7.85	5.43	101	984
3.34	13.58	1.98	13.19	7.92	5.27	101	985
3.02	11.98	4.15	12.54	9.31	6.11	101	986
2.56	11.94	3.93	12.32	10.41	6.11	101	987
1.35	11.39	4.14	13.5	9.11	4.61	101	988
2.37	12.26	3.68	15.21	7.47	5.49	101	989
2.18	13.11	4.66	11.51	9.61	5.01	101	990
2.41	12.12	2.93	14.05	9.48	6.22	101	991
2.52	10.9	4.35	12.05	10.49	4.83	101	992
2.87	11.85	2.71	11.06	12.27	6.03	101	993
2.72	12.79	3	13.3	10.15	5.46	101	994
3	12.15	3.34	13.31	10.21	5.89	101	995
4.33	18.07	4.83	13.09	10.05	7	102	996
2.21	13.47	3.93	13.35	7.99	4.5	102	997
2.11	15.76	2.87	14.25	10.05	6.84	102	998
3.46	13.27	3.33	15.37	7.78	5.91	102	999
1.33	16.51	2.33	13.66	8.57	5.84	102	1000
2.05	12.36	1.82	11.48	11.72	9.87	103	1001
2.26	12.15	1.85	10.74	10.24	8.41	103	1002
1.72	15.56	1.12	10.06	13.11	8.08	103	1003
1.35	14.53	1.82	10.09	8.87	7.16	103	1004
0.7	13.62	1.48	11.15	11.39	7.55	103	1005
1.18	12.65	1.71	11.52	8.81	7.91	103	1006
0.98	12.61	1.32	12.09	14.34	7.62	103	1007
1.86	17.43	1.37	10.44	12.46	8.55	103	1008
2.17	13.63	1.84	11.43	11.55	9.27	103	1009
1.58	14.29	1.64	9.17	12.9	7.64	103	1010
1.63	12.23	1.7	11.61	11.3	7.22	103	1011
1.2	13.13	1.93	12.67	11.27	6.64	103	1012
1.66	15.4	1.49	10.3	16.37	6.99	103	1013
1.84	15.18	2.39	8.57	10.1	7.53	103	1014
3.41	13.7	3.17	11.3	9.67	6.59	104	1015
1.7	12.85	5.22	11.09	9.2	5.59	104	1016
3.39	15.37	4.63	12.54	8.59	5.18	104	1017
2.72	14.24	2.33	12.37	8.41	5.78	104	1018
1.76	16.59	3.21	10.96	11.14	7.44	104	1019
2.54	14.02	3.58	15.48	10.12	5.38	104	1020
2.43	13.11	2.86	14.62	10.37	6.87	104	1021
2.74	13.98	1.91	14.33	6.53	6.56	104	1022
2.28	12.94	2.88	13.89	8.52	7.09	104	1023
2.35	15.88	3.82	12.44	10.64	6.36	104	1024
2.82	15.24	3.02	13.7	11.59	6.46	104	1025
2.36	14.13	2.36	13.37	10.9	5.76	104	1026
2.64	13.13	3.99	14.42	9.33	5	104	1027
2.54	16.19	3.4	13.34	10.71	7.47	104	1028
3.21	17.62	3.5	17.12	10.13	5.25	104	1029
2.28	13.89	4.22	12.92	7.85	6.52	104	1030
2.24	15.49	4.3	13.57	9.09	5.73	104	1031
1.37	12.79	2.53	13.87	8.74	6.62	104	1032
2.91	15.2	3.87	13.6	8.46	6.27	104	1033
2.46	12.78	2.52	13.51	7.99	5.69	104	1034
2.14	12.85	2.84	12.32	8.89	5.87	104	1035
2.68	13.38	3.18	14.97	7.64	5.37	104	1036
2.05	13.68	3.72	12.89	6.99	4.35	104	1037
3.63	15.68	5.4	14.53	9.7	5.17	104	1038
2.87	13.93	3.85	14.42	9.16	5.27	104	1039
2.89	13.58	3.42	12.29	7.15	6.65	104	1040
2.63	15.03	2.38	13.62	9.33	7.84	104	1041
2.65	15.11	3.35	14.35	9.52	6.52	104	1042
2.29	17.43	4.05	14.14	8.38	6.34	104	1043
2.37	11.25	2.18	14.14	8.54	5.18	104	1044
2.2	13.18	4.51	12.39	8.62	6.43	104	1045
2.95	15.73	2.98	12.97	10.45	7.24	104	1046
2.66	13.17	3.27	13.02	7.49	6.59	104	1047
3.66	10.87	2.92	16.43	6.68	6.64	104	1048
2.76	11.35	2.88	14.36	5.2	4.71	104	1049
2.03	14.39	3.5	12.33	6.23	5.29	104	1050
1.46	14.73	2.64	9.36	10.78	6.55	104	1051
2.78	15.69	2.99	12.23	13.3	9	104	1052
2.08	12.73	3.29	12.38	7.36	4.79	104	1053
2.75	15.06	2.87	12.06	9.47	6.3	104	1054
2.47	14.26	3.93	15.82	10.38	6.67	104	1055
2.41	17.68	3.67	12.07	9.14	8.73	105	1056
3.6	18.24	3.49	14.8	8.3	8.28	105	1057
3.27	17.21	4.62	13.26	10.06	7.32	105	1058
2.25	16.28	5.04	12.52	7.59	5.88	105	1059
3.24	16.01	3.17	11.67	8.06	6.74	105	1060
2.48	17.28	2.64	11.12	7.68	5.87	105	1061
3.92	16.47	4.21	12.72	9.38	7.14	105	1062
2.96	16.55	3.01	13.93	9.17	7.52	105	1063
2.2	15.07	4.49	12.26	9.84	6.85	105	1064
2.11	15.63	4.79	13.12	7.47	5.3	105	1065
2.38	16.7	3.27	11.66	11.76	9.28	105	1066
3	19.94	4.57	11.77	9.55	7.71	105	1067
3.95	19.33	3.74	10.81	8.42	8.83	105	1068
2.96	13.03	3.8	12.7	6.82	9.99	105	1069
2.5	16.97	3.59	12.62	10.01	5.57	105	1070
2.48	14.5	5.89	13.95	8.29	5.84	105	1071
1.89	12.89	4.25	12.56	7.71	6.08	105	1072
2.11	13.62	4.39	13.21	7.6	5.54	105	1073
2.26	14.69	4.07	10.36	9.22	7.26	105	1074
3.07	15.7	3.63	9.78	8.87	6.92	105	1075
3.26	18.73	3.86	9.31	11.5	8.48	105	1076
3.39	16.74	3.77	12.44	9.28	7.53	105	1077
2.56	18.31	3.65	10.36	9.77	8.09	105	1078
2.67	15.8	3.02	12.14	9.07	6.39	105	1079
2.52	14.48	2.91	12.23	8.49	7.04	105	1080
2.98	15.27	4.13	12.42	9.8	6.57	105	1081
3.29	12.02	4.27	12.78	8.22	5.77	105	1082
3.05	15.33	3.09	11.65	9.68	6.36	105	1083
2.86	13.84	5.34	12.79	8.28	5.99	105	1084
2.98	15.78	3.93	14.45	10.27	6.49	105	1085
3.06	14.68	3.89	14.55	9.17	7.66	105	1086
1.66	13.74	4.06	12.13	9.69	6.23	105	1087
2.66	15.15	3.38	11.57	9.02	5.65	105	1088
2.26	15.86	3.91	14.18	9.18	6.74	105	1089
3.15	15.19	2.42	18.22	11.43	7.7	106	1090
2.36	13.19	3.81	17.15	10.44	6.43	106	1091
4.16	12.64	3.29	15.06	9.7	5.98	106	1092
0.87	11.08	0.29	13.27	11.81	7	106	1093
4.04	14.08	2.23	17.75	8.74	8.21	106	1094
4.19	12.99	3.98	16.44	10.92	5.99	106	1095
2.79	15.08	2.51	14.25	10.89	4.97	106	1096
3.11	12.69	2.68	14.34	10.4	7.01	106	1097
3.4	17.2	3.8	18.8	13	6.02	106	1098
2.66	15.94	2.93	12.64	7.85	7.08	106	1099
2.97	13.3	4.49	14.36	10.4	7.07	106	1100
3.02	13.95	4.56	15.48	8.65	6.61	106	1101
4.85	13.56	4.01	14.13	9.96	6.68	106	1102
2.81	16.61	1.85	12.67	10.41	7.09	106	1103
1.75	14.1	1.91	12.15	10.51	8.1	106	1104
2.78	13.13	2.86	17.26	6.82	6.06	106	1105
2.78	12.48	3.99	14.76	8.77	5.63	106	1106
1.8	12.15	2.12	14.76	9.87	6.02	106	1107
2.63	14.14	2.44	12.33	10.14	6.77	106	1108
2.49	14.84	2.15	13.7	11.55	7.12	106	1109
3.14	17.21	2.79	13.65	11.34	6.65	106	1110
1.62	13.18	2.83	15.93	9.62	5.6	106	1111
2.65	13.19	2.86	21.07	10.54	5.85	106	1112
3.74	14.12	1.61	18.96	10.06	7.72	106	1113
2.09	16.8	2.09	14.36	9.67	6.73	106	1114
3.98	15.55	2.49	14.51	10.56	6.86	106	1115
3.18	13.83	2.12	14.03	9.82	7.6	106	1116
2.6	13.57	2.65	13.05	8.58	6.3	106	1117
4.42	12.97	2.6	15.09	9.48	6.85	106	1118
3.06	15.79	3.15	13.7	11	6.35	106	1119
1.81	15.88	2.07	12.36	10.32	7.71	106	1120
4.26	15.75	2.09	12.75	8.83	8.01	106	1121
3.08	12.22	2.42	14.54	7.71	6.73	106	1122
2.95	15.28	3.25	9.69	11.13	5.91	106	1123
2.28	14.09	4.53	13.55	9.17	6.08	106	1124
2.77	13.11	2.83	13.11	11.02	6.42	106	1125
3.17	13.76	2.19	17.79	10.71	7.12	106	1126
1.82	11.6	1.18	15.13	10.59	7.58	106	1127
1.56	13.63	1.95	12.68	9.47	5.62	106	1128
2.28	16.49	2.07	15.16	11.79	8.21	106	1129
2.8	13.01	2.39	17.21	9.57	5.58	106	1130
1.67	15.59	1.57	19.71	12.65	6.54	106	1132
1.81	12.57	1.6	14.17	10.21	6.89	106	1133
2.5	15.31	3.64	13.45	9.6	7.3	106	1134
2.51	14.35	3.28	15.72	9.2	5.02	106	1135
3.4	13.03	2.87	17.86	10.63	6.14	106	1136
2.32	17.24	3.43	14.82	9.38	5.57	106	1137
3.46	12.59	2.05	14.48	8.03	5.94	106	1138
3.08	16.26	2.96	16.26	8.74	6.84	106	1139
2.59	13.63	2.15	15.29	9.39	6.81	106	1140
3.06	13.19	2.55	18.17	10.3	7.65	106	1141
2.57	13.73	1.77	13.37	10.8	6.75	106	1142
3.82	15.7	3.19	16.16	8.98	7.41	106	1143
1.55	15.37	1.78	13.98	10.28	7.26	106	1144
2.82	13.79	2.15	15.65	11.11	6.87	106	1145
2.32	14.1	2.42	15.45	9.82	5.69	106	1146
2.77	13.89	1.93	17.65	8.55	6.41	106	1147
2.73	16.34	1.43	14.56	9.84	7.64	106	1148
2.54	13.63	3.16	15.61	8.74	6.96	106	1149
1.91	13.97	3.21	14.35	9.77	8.34	106	1150
1.5	15.42	2	15.65	7.57	5.22	106	1151
1.52	17.43	1.58	13.2	11.29	7.35	106	1152
2.8	15.75	1.75	14.18	9.45	6.88	106	1153
2.1	12.99	2.23	17.35	10.07	8.2	106	1154
3.61	14.62	4.09	16.1	9.53	7.28	106	1155
2.68	13.14	2.36	13.71	12.25	9.27	106	1156
2.31	12.13	1.57	13.12	10.56	6.49	106	1157
1.85	12.39	3.91	12.3	10.11	6.69	106	1158
1.78	16.64	2.23	11.69	9.82	7.14	106	1159
2.76	18.62	1.83	15.49	9.81	6.77	106	1160
2.54	13.33	3.11	13.85	9.08	6.56	106	1161
2.69	14.39	2.3	13.78	10.69	8.62	106	1162
2.19	13.67	2.58	14.26	7.54	6.67	106	1163
2.12	11.78	3.13	15.7	10.13	6.14	106	1164
2.94	13.02	2.52	16.08	8.82	7.22	106	1165
2.49	15.16	2.49	12.31	8.04	5.94	106	1166
4.1	14.41	2.05	12.42	9.16	8.54	106	1167
1.08	17.35	2.24	10.27	8.03	6.81	106	1168
2.46	17.53	3.55	14.46	11.79	8.24	106	1169
2.25	15.54	3.8	15.54	9.8	6.97	106	1170
2.09	11.82	2.25	14.44	9.2	6.4	106	1171
1.26	13.05	3.6	14.64	9.62	6.1	106	1172
3.97	11.58	2.33	17.74	8.63	6.76	106	1173
3.6	12.94	1.95	12.94	8.68	6.51	106	1174
2.45	15.29	2.13	13.41	9.38	7.69	106	1175
1.74	13.65	1.79	14.63	9.95	7.69	106	1176
2.14	10.53	1.88	14.73	11.13	5.99	106	1177
2.24	11.99	2.35	14.79	10.83	6.48	106	1178
1.36	13.1	1.95	12.09	7.97	6.32	106	1179
3.05	14.2	2.21	15.53	9.77	8.34	106	1180
1.96	15.21	1.48	15.09	9.03	7.88	106	1181
2.02	14.04	1.69	13.91	10.49	7.63	106	1182
1.79	14.06	2.96	13.56	8.65	6.32	106	1183
3.49	13.06	3.08	11.88	10.34	8.14	106	1184
3.01	11.76	2.3	13.22	9.31	7.65	106	1185
4.02	14.97	1.72	14.8	11.53	7.08	106	1186
2.69	14.73	2.42	15.05	10.36	8.12	106	1187
2.75	16.01	2.53	14.01	12.16	6.03	106	1188
2.95	15.02	2.81	13.49	10.32	7.11	106	1189
2.32	14.07	3.43	13.97	9.28	5.18	106	1190
3.17	12.64	2.34	15.04	8.32	7.57	106	1191
1.21	11.14	2.26	12.83	10.41	6.26	106	1192
2.67	15.13	1.21	13.88	10	7.23	106	1193
2.35	13.42	3.33	12.67	11.87	7	106	1194
3.29	10.82	2.3	15.82	9.19	4.65	106	1195
2.76	12.33	3.05	12.08	8.16	7.81	106	1196
2.83	13.29	3.89	12.35	9.71	5.87	106	1197
2.68	15.99	2.71	13.06	9.41	7.85	107	1198
1.79	16.28	3.45	11.43	8.93	7.19	107	1199
2.77	14.51	4.09	13.77	8.99	7.32	107	1200
2.71	13.62	3.51	12.78	7.26	6.6	107	1201
1.99	15.18	3.69	12.15	8.77	6.7	107	1202
3.74	16.39	3.88	12.33	8.28	5.71	107	1203
3.12	14.71	4.48	12.32	10.92	8.03	107	1204
2.06	15.64	5.16	12.46	9.12	5.93	107	1205
2.61	15.42	3.72	13.6	8.54	6.11	107	1206
1.86	16.35	4.11	12.93	10.64	6.09	107	1207
2.85	17.32	3.37	12.6	10.22	6.28	107	1208
2.55	16.44	3.12	13.25	9.81	8.2	107	1209
3.66	14.9	5.08	12.35	8.95	6.32	107	1210
2.29	12.09	1.53	12.03	10.92	7.04	108	1211
1.55	9.74	1.38	12.66	10.11	9.38	108	1212
3.15	13.11	1.32	14.87	9.67	7.42	108	1213
2.68	15.61	3.33	11.69	13.7	8.4	108	1214
2.41	10.95	1.86	14.75	9.85	6.57	108	1215
3	14.65	2.49	12.34	11.31	8.77	108	1216
2.06	11.44	2.01	13.74	8.73	8.25	108	1217
2.21	16.48	2.02	9.68	11.76	6.79	108	1218
2.68	12.89	2.24	11.9	11.25	9.51	108	1219
2.92	12.9	1.4	14.14	10.01	8.26	108	1220
3.21	14.72	1.89	12.35	12.24	8.76	108	1221
2.95	11.7	1.57	11.35	10.76	9.33	108	1222
3.55	15.58	1.62	10.23	11.92	10.3	108	1223
3.54	14.2	2	14.77	12.83	9.56	108	1224
3.14	13	3.14	10.87	9.22	5.52	108	1225
3.29	12.13	3.32	12.95	11.21	8.31	108	1226
2.36	11.65	1.82	12.73	8.04	7.12	108	1227
3.38	13.54	2.07	15.14	9.73	6.87	108	1228
3.76	12.28	1.92	16.21	8.1	5.32	108	1229
1.79	13.1	1.65	11.01	11.72	9.02	108	1230
2.77	14.61	1.83	9.9	11.52	7.7	108	1231
2.22	13.09	2.85	11.18	12.69	7.05	108	1232
1.53	14.68	3.01	11.39	8.43	6.11	108	1233
1.73	14	3.16	14.48	11.25	6.93	108	1234
2.62	14.95	2.87	13.79	13.23	11.5	108	1235
2.83	15.94	3.21	15.94	10.37	9.22	108	1236
2.31	11.23	2.56	16.84	10.98	9.6	108	1237
1.84	13.39	2.98	11.52	12.64	7.64	108	1238
1.38	14.97	3.28	15.4	9.61	6.97	108	1239
1.9	10.28	1.84	17.56	8.55	7.86	108	1240
2.4	15.61	2.74	10.17	10.84	6.3	109	1241
3.11	12.54	4	13.21	10.58	5.81	109	1242
1.57	12.77	3.58	11.58	7.99	4.87	109	1243
2.28	13.59	2.69	11.47	9.32	6.59	109	1244
2.31	13.76	3.21	14.03	9.41	6.94	109	1245
2.4	13.84	3.78	11.47	9.62	5.82	109	1246
2.77	14.36	6.9	13.11	10.85	5.88	109	1247
2.12	12.73	3.71	12.47	11.67	5.92	109	1248
2.11	14.48	3.03	14.11	10.45	6.99	109	1249
2.64	14.24	2.24	14.99	10.56	7.38	109	1250
1.42	11.95	3.02	14.41	9.59	4.79	109	1251
2.74	12.49	2.44	15.72	8.07	6.01	109	1252
2.18	12.32	4.52	13.87	7.16	5.1	109	1253
1.73	13.75	3.73	13.8	11.85	5.76	109	1254
2.23	14.02	3.97	13.15	11.23	5.36	109	1255
2.67	12.27	3.63	13.6	12.09	6.76	109	1256
2.44	13.51	4.26	12.16	10.7	5.3	109	1257
2.73	13.7	3.23	11.86	9.07	4.91	109	1258
3.19	15.05	3.7	11.67	10.83	5.63	109	1259
4.76	11.99	2.38	11.2	11.79	5.97	109	1260
2.51	13.85	4.39	10.72	11.4	5.16	109	1261
1.74	12.56	3.56	11.8	10.51	4.5	109	1262
2.04	13.37	5.69	12.14	10.1	4.84	109	1263
2.79	13.08	3.65	13.12	10.9	7.37	109	1264
4.03	12.8	2.7	13.67	9.64	7.52	109	1265
3.59	15.5	3.98	13.31	11.27	6.68	109	1266
2.23	13.88	4.84	15.53	9.84	4.82	109	1267
2.81	13.26	4.5	11.9	13.59	5.9	109	1268
3.8	14.95	2.06	14.08	10.68	5.77	109	1269
3.29	12.98	3.11	15.22	9.11	6.12	109	1270
2.81	14.62	4.03	13.67	10.63	6.49	109	1271
2.78	13.19	3.09	14.12	9.34	6.51	109	1272
1.6	14.37	2.84	14.59	8.83	5.25	109	1273
3.1	12.83	4.92	16.13	10.77	5.93	109	1274
2.85	14.12	3.78	14.05	9.27	6.81	109	1275
2.84	13.94	4.04	12.12	9.66	5.17	109	1276
2.34	11.89	4.52	11.48	8.64	4.37	109	1277
2.53	12.41	4.17	13.79	11.68	5.45	109	1278
2.69	15.32	2.94	15.57	9.49	7.07	109	1279
2.7	12.27	4	13.25	8.88	5.52	109	1280
3.25	14.24	3.21	13.66	10.99	8.13	109	1281
2.75	15.2	3.28	16.03	11.12	5.64	109	1282
3.18	13.29	3.46	15.44	12.82	6.36	109	1283
3.94	13.95	4.47	14.75	11.93	6.61	109	1284
3.01	12.62	4.19	13.1	11.17	6.33	109	1285
2.8	13.66	3.56	10.93	10.56	6.61	109	1286
3.24	11.42	2.74	13.04	9.74	6.93	109	1287
2.42	12.37	3.2	15.76	9.53	6.33	109	1288
2.49	13.51	5.82	12.9	13.64	5.99	109	1289
2.86	13.92	3.58	12.12	10.56	5.7	109	1290
1.74	13.84	4.03	13.56	9.11	4.78	109	1291
2.49	14.06	3.96	13.87	10.67	5.38	109	1292
2.34	14.31	4.5	13.07	11.01	5.69	109	1293
2.77	12.99	3.92	11.43	10.69	7.07	109	1294
2.4	11.7	3.36	12.25	7.86	4.76	109	1295
2.44	13.23	3.79	11.84	10.31	5.11	109	1296
2.65	10.47	3.57	10.59	9.09	3.39	109	1297
1.68	13.21	2.37	12.89	8.47	4.81	109	1298
2.14	13.09	3.62	12	10.08	5.51	109	1299
2.2	13.7	2.75	13.52	9.1	5.76	109	1300
3.2	14.05	2.83	13.49	8.34	5.17	110	1301
3.78	15.14	2.27	14.63	8.44	5.77	110	1302
2.28	13	2.37	13.05	8.37	5.35	110	1303
3.82	19.55	1.8	17.53	7.19	5.3	110	1304
3.28	15.02	3.28	18.6	8.07	6.87	110	1305
2.53	15.8	2.1	12.39	9.87	6.67	110	1306
2.49	12.63	1.79	14.8	8.1	5.66	110	1307
2.61	15.44	2.05	16.35	10.54	7.66	110	1308
3.14	15.33	3.21	17.93	9.55	6.33	110	1309
2.97	15.08	2.87	13.83	8.28	5.29	110	1310
2.88	12.74	2.74	13.34	8.5	5.33	110	1311
2.78	13.62	3.95	15.12	10.12	6.18	111	1312
1.95	12.52	2.93	15.1	8.98	6.65	111	1313
2.9	10.87	4.64	16.09	8.41	5.15	111	1314
2.38	13.72	3.82	12.97	8.27	6.26	111	1315
3.31	15.46	2.12	13.01	10.74	7.87	111	1316
2.09	14.31	2.77	12.29	10.41	8.58	111	1317
1.25	12.34	1.62	15.96	8.85	6.22	111	1318
3.48	13.69	1.74	13.01	8.72	7	111	1319
2.98	12.49	2.65	13.91	7.81	6.91	111	1320
3.83	12.62	2.63	15.19	8.28	6.14	111	1321
2.81	13.43	2.27	16.3	10.45	8.05	111	1322
1.85	15.7	2.49	15.03	8.31	7.72	111	1323
2.22	12.55	2.9	12.99	10.44	6.13	111	1324
2.36	13.8	2.23	14.06	7.24	6.67	111	1325
2.67	12.08	3.2	13.61	10.14	5.38	111	1326
2.06	13.46	1.58	13.18	8.89	6.8	112	1327
2.11	17.17	1.98	14.6	9.07	7.8	112	1328
1.85	15.34	2.93	10.55	10.19	7.65	112	1329
1.71	15.25	3.35	15.32	9.91	6.81	112	1330
2.35	15.7	3.39	10.32	9.48	6.99	112	1331
2.46	19.58	3.47	13.65	11.32	8.84	112	1332
2.69	17.58	3.3	10.57	8.75	6.06	112	1333
1.93	15.5	2.57	12.12	9.28	6.86	112	1334
2.61	14.92	2.53	11.85	10.15	8.97	112	1335
1.54	14.96	1.97	12.68	8.81	7.55	112	1336
2.82	14.25	1.97	14.84	8.45	7.64	112	1337
1.98	15.29	1.56	13.45	10.54	6.42	112	1338
2.49	17.73	3.51	12.12	11.93	5.94	112	1339
1.73	13.6	3.29	13	9.19	5.92	112	1340
1.69	13.86	2.23	12.81	10.71	6.49	112	1341
3.16	11.79	3.67	13.34	7.91	6.45	113	1342
3.33	11.93	2.83	12.21	9.1	7.1	113	1343
3.5	12.7	3.29	11.87	8.53	6.93	113	1344
2.8	12.72	4.86	14.32	8.41	6.42	113	1345
2.57	16.28	2.78	13.01	9.87	6.97	113	1346
3.18	13.33	2.73	13.4	7.79	6.6	113	1347
2.68	15.02	3.14	11.39	9.63	7.64	113	1348
2.83	12.51	3.38	13.44	9.13	7.37	113	1349
2.94	11.56	4.43	13.93	9.18	5.34	113	1350
2.53	15.83	2.65	10.87	9.83	7.97	113	1351
2.39	13.09	2.84	13.71	7.89	7.59	113	1352
2.69	14.7	3.04	12.49	9.44	7.19	113	1353
2.64	14.24	2.94	14.66	9.58	7.1	113	1354
3.12	11.41	3.96	14.84	7.08	5.81	113	1355
3.24	16.9	3.51	12.55	9.47	6.86	113	1356
3.48	15.89	3.19	11.81	10.64	8.65	113	1357
3.14	15.3	4.69	12.12	9.67	5.69	113	1358
2.01	12.47	4.69	12.87	8.18	5.37	113	1359
3.06	15.99	3	14.09	8.74	8.5	113	1360
3.6	14.46	2.59	13.53	9.15	7.01	113	1361
3.72	14.72	2.89	13.86	8.57	7.32	113	1362
3.69	10.75	3.12	12.36	7.48	6.15	113	1363
2.87	14.58	3.37	12.07	9.74	5.89	113	1364
2.66	13.61	3.69	11.64	8.98	7.21	113	1365
1.89	15.58	4.17	14.96	6.34	6.05	114	1366
2.8	14.37	3.43	11.52	9.46	6.42	114	1367
2.43	15.67	4.39	13.71	8.28	6.23	114	1368
2.04	16.12	5.18	13.55	10.83	10.06	114	1369
3.06	14.32	4.43	16.56	8.66	7.85	114	1370
1.63	12.41	4.81	12.26	7.99	5.6	114	1371
3.23	15.8	3.27	12.65	9.95	9.27	114	1372
2.08	12.86	4.01	12.56	8.78	6.05	114	1373
2.66	13.48	4.57	14.55	6.9	8.06	114	1374
2.74	15.55	4.34	14.16	10.66	8.86	114	1375
2.84	14.78	5.05	11.23	9.17	6.7	114	1376
1.9	15.87	4.72	17.42	9.95	8.36	114	1377
3.08	16.1	4.64	11.04	9.83	6.38	114	1378
1.16	16.05	2.37	12.43	8.67	7.19	114	1379
1.85	15.37	4.86	11.12	8.26	7.94	114	1380
1.97	15.58	7.53	12.5	9.93	5.08	114	1381
2.73	15.75	2.87	14.47	8.25	8.07	114	1382
2.48	14.3	2.84	11.9	7.79	7.36	114	1383
2.17	16.83	3.44	15.86	9.35	8.2	114	1384
2.38	12.53	5.81	14.63	8.33	6.11	114	1385
1.58	11.85	2.59	14.06	9.08	5.36	114	1386
1.54	14.77	3.42	14.44	8.95	5.45	114	1387
2.33	17.29	3.64	14.52	8.64	8.91	114	1388
2.56	14.37	6	11.38	9.17	5.11	115	1389
2.76	15.91	2.96	16.25	8.29	5.81	115	1390
3.42	14.08	2.71	13.43	10.16	6.95	115	1391
3.34	12.87	3.39	11.6	9.39	5.14	115	1392
2.13	13.14	1.91	16.01	10.37	6.76	115	1393
3.11	14.62	3.35	14.72	9.76	5.83	115	1394
3.1	11.05	2.13	14.73	4.26	3.29	116	1395
2.32	12.57	6.89	15.72	7.63	4.47	116	1396
3.25	12.02	4.11	12.4	7.36	5.94	116	1397
2.02	13.79	5.12	12.15	7.36	6.18	116	1398
3.03	13.56	3.91	12.99	7.63	5.05	116	1399
2.9	12.76	1.9	14.76	8.26	5.5	116	1400
3.21	14.34	4.92	13.41	9.52	5.49	116	1401
3.07	15.16	2.45	13.56	8.11	4.22	116	1402
2.03	11.92	5.81	16.93	8.07	4.35	116	1403
3	15.38	4.89	14.2	8.91	4.77	116	1404
2.4	11.58	4.95	12.96	9.25	3.99	116	1405
2.81	13.19	2.69	12.39	9.17	4.63	116	1406
3.35	10.61	6.07	15.68	7.25	4.31	116	1407
2.58	11.28	3.54	11.28	10.31	3.88	116	1408
3.14	12.88	3.93	12.33	8.72	3.95	116	1409
2.18	12.75	4.1	12.75	9.38	6.77	117	1410
2.74	13.71	2.01	19.83	8.47	6.28	117	1411
2.57	11.67	3.95	14.55	8.85	6.08	117	1412
1.81	13.18	4.18	14.34	9.1	5.57	117	1413
3.38	11.66	2.99	13.52	8.08	5.92	117	1414
3.37	9.1	2.45	20.14	6.13	4.82	117	1415
2.09	13.72	2.79	13.23	9.47	4.69	117	1416
4.12	13.33	3	16.4	9.98	6.02	117	1417
2.71	14.65	3	14.59	7.35	4.93	117	1418
3.5	14.25	2.47	17.55	8.04	5.62	117	1419
1.47	12.59	3.26	16.12	10.06	5.36	117	1420
3.09	15.45	5.48	15.45	8.97	6.15	117	1421
2.26	12.68	3.13	13.21	9.9	5.99	117	1422
2.66	12.43	4.57	14.45	7.4	5.1	117	1423
1.08	10.6	4.14	13.42	9.03	4.73	117	1424
1.8	11.45	3.47	14.16	9.78	4.92	117	1425
2.25	14.37	5.16	16.4	11.3	5.84	117	1426
1.54	12.26	3.54	12.72	6.72	5.79	117	1427
3.15	14.12	3.95	12.43	8.23	4.78	117	1428
2.07	12.8	3.93	13.8	6.93	4.73	117	1429
3.06	13.35	4.83	16.25	7.56	4.99	117	1430
3.31	13.63	4.01	14.33	7.2	5.69	117	1431
1.87	13.44	3.27	12.61	10.9	6.2	117	1432
3.04	13.98	2.6	14.14	9.94	5.92	117	1433
2.59	12.55	3.46	14.13	11.59	5.41	117	1434
1.76	10.95	4.43	14.72	8.19	4.4	117	1435
2.53	12.67	3.3	14.61	8.54	4.99	117	1436
2.57	11.98	4.36	17.52	7.72	4.79	117	1437
1.64	12.76	3.58	14.93	8.81	4.51	117	1438
2.19	12.92	3.4	15.63	7.78	5.68	117	1439
1.85	10.96	2.89	12.74	8.89	5.27	117	1440
2.02	12.14	2.45	13.95	12.35	5.94	117	1441
2.16	12.22	3.24	13.55	8.81	4.68	117	1442
2.63	12.69	4.32	12.78	9.49	5.19	117	1443
3.19	13.05	4.2	15.15	8.67	4.81	117	1444
3.35	13.51	2.29	16.73	9.91	5.19	117	1445
1.6	11.66	4.15	15.01	8.52	5.28	117	1446
2.65	11.49	3.53	16.13	7.29	5.16	117	1447
3.59	12.8	4.93	13.25	7.88	5	117	1448
3.03	13.07	3.22	15.84	7.34	6.04	117	1449
1.89	13.58	4.23	13.22	8.36	4.15	117	1450
3.16	12.58	3.37	14.13	9.21	5.69	117	1451
2.6	11.2	3.76	18.42	8.67	5.58	117	1452
2.62	14.83	4.76	14.04	9.91	5.04	118	1453
2.4	14.36	2.66	14.93	7.46	6.43	118	1454
2.58	15.48	3.78	11.76	10.63	7.7	118	1455
2.55	17.47	4.94	13.84	9.55	6.36	118	1456
2.06	13.91	5.72	12.84	9.25	7.3	118	1457
1.83	13.8	4.39	11.33	13.07	6.22	118	1458
2.69	14.41	3.5	10.44	7.87	7.4	118	1459
1.66	14.56	4.89	11.63	11.38	7.28	118	1460
2.44	14.91	4.14	10.62	10.3	7.06	118	1461
2.45	15.46	3.02	11.77	9.8	8.23	118	1462
4.4	13.07	2.5	12.15	11.2	7.32	119	1463
3.79	12.37	2.9	14.16	8.25	4.85	119	1464
3.56	15.69	3.51	10.89	9.55	5.76	119	1465
3.02	13.46	2.24	12.91	9.75	6.45	119	1466
2.66	15.29	3.16	13.03	11.07	5.53	119	1467
2.77	13.71	2.21	13.04	9.45	6.74	119	1468
4.73	13.51	2.7	13.38	10.44	6.79	119	1469
3.05	13.24	3.4	12.83	10.25	5.33	119	1470
3.85	14.74	4.05	13.93	11.45	5.98	119	1471
3.26	13.46	2.64	13.72	9.83	7.38	119	1472
3.55	13.51	2.67	13.86	10.06	5.84	119	1473
3.11	13.93	2.89	13.8	10.23	5.75	119	1474
2.74	16.42	3.01	9.8	11.17	7.56	119	1475
2.57	16.98	4.11	10.91	9.85	7.51	119	1476
2.39	12.13	4.17	11.62	9.36	5.53	119	1477
2.34	15.08	3.72	10.6	9.61	5.44	119	1478
2.44	14.11	3.49	13.11	11.08	7.39	119	1479
3.67	12.3	3.67	14.75	11.83	6	119	1480
2.88	13.3	3.86	13.3	7.43	4.51	119	1481
2.34	14.41	5.52	13.45	8.55	6.11	120	1482
2.76	14.82	4.03	10.76	9.29	5.89	120	1483
2.43	14.53	3.94	11.41	9.68	8.26	120	1484
2.63	15.28	3.51	11.77	9.33	6.52	120	1485
2.47	16.51	3.45	11.34	9.8	8.61	120	1486
2.25	13.82	3.71	11.45	8.98	6.21	120	1487
2.77	14.04	3.13	13.68	9.41	7.48	120	1488
2.93	14.33	3.78	13.54	10.66	7.83	120	1489
3.01	14.04	4.14	13.56	8.1	6.24	120	1490
2.79	16.25	3.9	11.2	8.54	6.57	120	1491
3.4	13.07	3.4	13.67	9.59	5.72	121	1492
2.42	13.1	2.9	13.78	10.56	7.63	121	1493
2.89	12.2	2.8	14.43	9.32	6.59	121	1494
2.62	12.98	2.27	13.55	9.29	5.85	121	1495
4.18	11.97	2.71	16.02	10.1	6.07	121	1496
2.61	13.64	3.41	12.75	10.45	6.64	121	1497
2.46	14	3.05	16.86	8.26	6.19	121	1498
3.65	13.43	2.74	12.61	10.28	7.75	122	1499
3.04	13.99	2.61	14.81	10.36	7.67	122	1500
2.9	13.84	2.28	12.92	10.28	9.87	122	1501
3.64	14	2.83	14.93	9.38	8.14	122	1502
2.51	14.04	2.72	12.31	9.93	7.18	122	1503
3.66	12.99	3.33	14.19	8.84	8.44	122	1504
4.16	14.53	2.56	14.29	14.16	9.06	122	1505
4.11	13.53	4.44	11.21	10.42	8.67	122	1506
4.18	12.7	2.67	12.2	9.17	9.84	122	1507
2.95	13.82	3.22	13.92	9.09	7.79	122	1508
2.98	12.72	2.78	14.03	9.54	7.94	122	1509
4.12	13.35	2.98	11.65	10.37	9.05	122	1510
3.11	13.24	3.92	14.05	8.46	8.7	122	1511
3.06	14.13	3.89	13.3	9.33	6.36	123	1512
4.08	17.23	2.37	12.46	9.59	7.73	123	1513
3.14	15.23	2.63	12.61	8.08	5.96	123	1514
2.42	16	2.12	10.73	9.03	7.71	123	1515
2.33	13.15	2.29	12.63	8.28	6.33	123	1516
2.63	14.79	5.01	12.08	8.69	6	123	1517
2.98	16.45	3.93	12.03	8.6	6.46	123	1518
3.21	17.1	3.74	15.34	9.31	7.66	124	1519
3.36	15.3	1.95	11.74	11.61	7	124	1520
3.67	14.23	3.52	11.84	9.96	6.51	124	1521
2.55	14.37	3.33	14.51	11.89	6.28	124	1522
2.37	15.09	2.84	11.57	11.93	9.8	124	1523
3.41	15.64	2.57	13.7	8.9	5.7	125	1524
3.18	15.32	3.82	16.01	9.4	6.33	125	1525
3.74	14.66	3.4	15.8	9.45	5.32	125	1526
1.77	17.19	3.77	13.87	9.48	5.72	125	1527
3.34	15.32	2.67	16.97	9.31	5.54	125	1528
3.93	15.38	3.68	18.22	7.49	6.04	125	1529
3.34	15.94	3.08	13.37	10.33	7.05	125	1530
2.82	14.46	3.49	13.81	9.25	5.77	125	1531
4.08	13	4.02	15.01	9.28	5.44	125	1532
3.56	12.78	2.71	13.91	9.5	6.75	125	1533
3.52	12.12	3.93	15.43	6.29	5.21	125	1534
4.63	13.4	2.42	13.65	8.11	5.5	125	1535
4.13	15.86	3.95	15.07	9.17	5.66	125	1536
2.57	14.96	3.81	13.37	9.34	5.16	125	1537
2.37	15.33	3.16	14.58	10.45	6.48	125	1538
3.57	13.98	2.61	13.62	9.01	6.96	125	1539
3.88	15.53	4.42	14.1	10.99	6.07	125	1540
3.84	16.51	3.56	13.92	8.05	5.73	125	1541
3.56	12.81	4.06	14.69	9.38	5.5	125	1542
3.41	14.53	3.06	14.46	9.21	5.71	125	1543
3.92	16.6	3.46	14.6	9.03	6.12	125	1544
3.47	15.76	2.8	17.26	8.61	6.77	125	1545
4.29	12.86	3.22	15.86	9.81	4.95	125	1546
2.42	17.3	4.08	15.1	10.58	5.73	125	1547
3.59	15.15	3.23	17.63	9.44	5.95	125	1548
3.6	16.1	2.75	14.72	10.07	7.33	125	1549
1.86	18.58	4.04	12.28	11.39	5.92	125	1550
3.78	13.34	6.4	18.97	9.87	5.07	125	1551
3.48	15.32	3.41	16.2	10.2	5.83	125	1552
2.64	15.27	2.96	15.54	10.03	5.35	125	1553
4.72	13.54	3.4	16.06	8.82	5.33	125	1554
2.85	15.12	4.12	14.27	10.08	6.74	125	1555
3.57	13.71	3.98	15.08	8.67	5.74	125	1556
4.39	16.91	3.03	15.77	7.79	7.37	125	1557
3.57	16.36	3.29	14.93	10.36	7.12	125	1558
2.78	13.2	3.91	13.2	9.63	6.24	125	1559
3.37	15.08	2.64	14.01	9.38	5.79	125	1560
3.48	14.54	4.18	16.11	9.84	7.51	125	1561
3.32	13.41	4.04	12.29	8.3	6.07	125	1562
3.44	13.43	4.09	12.45	8.55	5.6	125	1563
3.54	13.3	4.29	16.57	7.13	4.96	125	1564
3.76	15.32	4.89	13.72	8.09	5.5	125	1565
3.09	14.09	2.29	14.82	8.15	6.7	125	1566
2.71	14.1	5.02	15.39	8.14	5.74	125	1567
2.4	19.35	4.35	11.82	10.93	8.54	125	1568
3.31	14.6	5.1	18.08	9.17	5.79	125	1569
2.3	14.93	4.91	17.34	9.04	7.61	125	1570
2.77	12.36	3.46	16.96	8.38	6.82	125	1571
3.25	14.13	4.2	13.9	8.74	6.78	125	1572
3.91	13.65	3.91	13.93	7.28	5.43	125	1573
4.26	16.27	4.4	16.62	7.26	5.53	125	1574
2.65	14.88	2.97	14.92	9.67	5.7	125	1575
2.63	18.59	4.27	16.92	10.1	6.75	125	1576
3.57	12.69	2.62	14.37	6.4	7.28	125	1577
1.12	12.29	2.65	13.35	11.47	5.65	126	1578
2.66	15.59	3.71	11.88	8.95	6.12	126	1579
3.04	12.04	4.64	11.81	8.94	6.08	126	1580
2.34	14.15	4.14	14.9	8.29	8.04	126	1581
2.6	14.69	2.89	11.28	8.5	5.63	126	1582
2.68	13.41	3.21	11.14	6.47	5.04	126	1583
2.56	12.82	5.47	11.79	6.32	3.37	126	1584
1.83	13.61	4.79	11.37	8.46	5.82	126	1585
2.62	13.87	5.24	10.1	9.72	5.36	126	1586
2.08	14.37	3.03	11.68	7.66	6.62	126	1587
1.61	14.87	3.12	13.88	6.97	6.12	126	1588
2	12.01	3.62	10.58	8.29	5.93	126	1589
2.27	14.13	4.2	13.05	7.43	5.46	126	1590
1.13	10.01	3.67	9.87	8.89	6.39	126	1591
2.75	15.23	1.99	11.32	8.42	7.14	126	1592
2.66	13.87	2.99	10.32	7.24	6.32	126	1593
2.02	12.03	4.36	12.99	8.96	6.01	126	1594
2.67	14.77	3.39	13.1	8.16	5.36	126	1595
1.43	10.69	4.04	11.08	8.47	4.15	126	1596
3.78	16.66	2.16	10.72	11.42	6.06	126	1597
3.59	14.13	4.05	12.36	9.69	6.78	126	1598
2.33	14.95	4.9	11.9	8.2	6.07	126	1599
3.87	10.77	7	11.05	7.27	4.98	126	1600
2.33	15.29	4.73	11.24	7.99	5.5	126	1601
4.38	12.59	3.21	13.3	8.04	4.98	126	1602
2.58	15.09	3.79	12.35	7.59	4.64	126	1603
2.4	11.54	5	11.84	6.94	4.3	126	1604
3.5	13.42	2.78	15.05	9.11	6.64	126	1605
2.65	10.84	4.34	13.33	8.76	5.25	126	1606
2.73	15.08	3.8	15.94	7.68	5.85	127	1607
2.38	15.04	2.89	11.44	7.49	4.41	127	1608
3.34	14.6	3.48	14.83	8.71	5.91	127	1609
2.82	16.12	2.75	13.05	8.46	5.69	127	1610
3.09	14.39	2.91	13.93	9.2	7.2	127	1611
2.73	12.69	4.47	12.18	6.38	4.37	127	1612
2.24	13.84	3.92	13.36	10.56	6.61	127	1613
2.36	16.14	3.16	11.97	9.23	6.69	127	1614
2.93	13.42	2.83	12.83	8.08	5.28	127	1615
2.06	13.72	2.31	11.66	8.86	7.1	127	1616
2.06	16.01	3.6	12.32	6.47	4.52	127	1617
1.99	14.19	2.78	12.32	10.04	5.13	127	1618
3.61	17.3	3.69	9.43	8.98	11.24	128	1619
3.74	15.51	3.6	12.27	8.35	7.51	128	1620
2.84	13.86	2.59	12.67	9	6.62	128	1621
2.96	14.04	4.52	12.77	7.83	5.56	128	1622
2.73	16.13	4.39	12.61	8.46	5.86	128	1623
3.91	17	3.64	13.62	8.32	8.03	128	1624
3.33	14.79	3.6	10.89	8.46	9.38	128	1625
3.32	16.02	2.92	10.61	9.38	8.91	128	1626
2.86	16.95	3.52	9.79	8.65	7.96	128	1627
2.63	18.19	2.9	9.78	10.27	8.88	128	1628
1.5	15.2	3.38	12.57	9.76	4.59	128	1629
4.13	16.8	4.29	14.86	7.32	10.95	128	1630
2.82	14.04	3.67	11.05	6.87	6.92	128	1631
3.68	14.33	3.3	12.66	8.17	6.12	130	1635
2.56	15.66	2.31	11.67	8.3	6.61	130	1636
2.09	14.72	2.56	16.05	7.98	5.19	130	1637
3.44	14.53	3.67	9.38	8.59	6.01	130	1638
2.82	15.44	3.77	10.42	9.57	6.45	130	1639
1.6	16.06	3.7	10.88	9.62	7.88	131	1640
3.21	16.25	2.48	11.52	8.96	9.52	131	1641
3.08	16.73	3.03	12.62	8.94	10.14	131	1642
1.41	16.36	2.41	10.56	8.97	8.22	131	1643
2.48	15.68	3.34	10.9	9.1	7.02	131	1644
2.03	17.23	3.52	11.67	9.5	7.53	131	1645
2.73	14.94	3.45	12.2	8.31	6.45	132	1646
3.39	13.23	3.07	11.43	9.36	5.56	132	1647
3.56	15.91	3.64	12.07	9.83	7.44	132	1648
2.12	16.55	3.21	10.97	11.39	8.51	132	1649
2.39	12.49	3.95	10.98	7.34	4.53	132	1650
2.76	12.95	4.54	13.21	6.77	4.64	132	1651
2.92	13.63	5.84	12.29	5.9	4.55	132	1652
2.2	17.5	3.39	11.31	9.49	5.04	132	1653
2.78	14.54	4.02	11.62	9.41	5.89	132	1654
2.76	14.82	2.85	10.4	8.41	5.55	132	1655
1.28	13.72	2.36	14.05	6.35	4.61	132	1656
3.05	12.26	5.03	15.24	6.95	4.16	132	1657
2.79	13.42	3.3	13.18	8.12	5.05	132	1658
2.55	17.13	3.93	11.36	11.38	7.02	132	1659
3.45	14.03	3.21	12.35	7.73	7.33	132	1660
4.1	14.51	2.07	13.86	10.73	10.69	133	1661
3.12	14.3	2.1	12.3	9.66	9.34	133	1662
3.26	17.66	3.54	11.42	10.38	7.48	133	1663
3.1	12.21	2.25	15.13	9.12	7.35	133	1664
2.05	11.2	2.92	12.79	9.52	6.61	133	1665
1.86	12.59	2.59	12.77	8.44	6.31	133	1666
1.97	14.99	1.99	14.65	10.46	7.45	133	1667
2.04	14.31	3.34	9.83	8.88	6.77	133	1668
3.07	18.26	3.8	10.45	12.2	8.01	133	1669
2.31	13.88	2.86	12.11	8.74	6.09	134	1670
1.68	15.84	2.69	11.17	11.12	6.35	134	1671
2.34	15.53	2.69	15.44	8.4	6.6	134	1672
2.78	13.21	2.44	13.09	8.92	6.88	134	1673
2.67	14.44	3.68	14.09	7.91	5.36	134	1674
2.23	12.62	4.08	15.12	7.51	4.42	135	1675
2.29	14.57	3.96	17.87	9.01	5.67	135	1676
1.78	13.38	3.14	13.2	7.49	5.22	135	1677
2.44	11.76	6.52	15.95	8.03	4.45	135	1678
2.21	15.64	4.26	17.13	7.68	4.67	135	1679
2.44	14.81	4.36	15.53	8.88	5.66	135	1680
2.71	15.01	3.04	12.47	9.92	6.32	135	1681
2.34	14.43	3.41	13.16	8.65	6.17	135	1682
2.53	11.75	4.42	11.14	9.48	6.27	139	1691
2.36	9.91	3.6	10.27	9.5	5.06	139	1692
2.19	10.03	6.07	10.37	9.44	4.61	139	1693
2.14	14.32	4.8	10.26	10.92	5.09	139	1694
3.02	13.52	4.22	10.79	10.17	6.01	139	1695
2.79	14.42	3.51	10.87	12.21	6.18	139	1696
2.31	13.56	3.56	10.2	10.79	7.59	139	1697
3.04	12.18	3.64	11.05	9.79	6.46	139	1698
2.08	22.47	2.57	11.18	11.29	8.86	140	1699
1.17	15.47	4.91	12.81	7.9	4.26	140	1700
3.33	14.93	3.06	13.19	10.42	4.78	140	1701
2.91	18.13	2.86	12.46	9.67	7.33	140	1702
2.91	15.55	2.22	12.96	7.96	6.15	140	1703
1.66	14.52	3.31	11.5	10.19	5.07	140	1704
2.49	17.42	2.71	10.94	10.59	6.72	140	1705
3.45	15.25	2.82	12.06	10.31	7.32	140	1706
1.95	16.26	3.35	11.79	9.91	5.33	140	1707
1.17	15.4	4.08	10.05	9.86	6.03	140	1708
1.97	16.52	2.98	11.39	11.76	5.97	140	1709
2.07	14.18	2.27	10.03	11.26	6.4	140	1710
2.89	14.65	3.27	11.25	12.35	8.35	140	1711
1.83	13.22	3.05	9.81	9.73	8.05	141	1712
1.85	15.52	2.19	10.75	8.52	8.71	141	1713
1.66	14.18	3.22	9.12	9.58	4.6	141	1714
2.66	16.61	2.8	11.02	10.02	6.62	141	1715
2.34	14.04	2.51	9.88	9.98	7.37	141	1716
2.68	16.19	2.79	9.42	9.1	9.17	141	1717
1.82	17.07	1.7	11.42	10.27	7.93	141	1718
2.6	14.63	1.67	10.8	9.51	7.93	141	1719
1.33	13.98	3.21	14.54	9.22	6.36	141	1720
2.5	13.18	3.22	11.17	9.83	5.94	141	1721
2.56	12.88	2.35	9.55	9.13	6.76	141	1722
2.04	13.68	2.91	11.57	9.83	5.45	141	1723
1.62	14.06	1.98	10.34	9.09	5.94	141	1724
2.18	15.27	2.52	9.64	9.15	7.85	141	1725
1.38	16.05	2.03	10.27	9.49	6.94	141	1726
2.13	15.85	3.28	9.28	10.92	5.69	141	1727
1.38	14.13	3.32	9.47	10.38	6.05	141	1728
2.18	15.91	2.61	10.53	9.77	8.75	141	1729
2.25	14.09	2.05	9.17	9.39	5.22	141	1730
3.04	11.77	3.48	12.43	7.32	6.65	142	1731
1.76	13.13	3.36	11.37	7.49	5.6	142	1732
2.9	12.87	3.22	11.24	8.74	6.42	142	1733
1.76	15.13	1.83	9.24	7.99	7.82	142	1734
1.87	18.54	3.53	11.22	11	8.79	142	1735
1.92	18.18	3.57	11.3	11.03	8.23	142	1736
2.1	14.19	3.05	10.88	9.41	6.56	142	1737
