2.05	14.65	3.01	11.25	2293	9.81	7.93	2
2.44	14.46	4.75	12.36	1473	10.52	8.05	2
2.22	15.05	2.9	11.03	1894	10.3	5.9	2
2.17	13.83	2.77	13.04	1012	9.78	6.7	2
1.7	13.88	3.18	10.64	1354	7.75	5.35	2
2.69	15.62	2	10.54	1300	9.46	6.57	2
2.85	15.81	3.69	12.36	2492	13.96	12.52	3
2.52	10.81	2.7	15.23	1628	9.83	8.66	3
2.39	14.88	4.03	13.99	1465	9.15	7.04	3
2.23	13.68	2.88	12.37	1528	11.45	9.37	3
2.54	13.82	2.72	14.08	2721	11.54	9.16	3
2.46	13.59	1.77	12.68	2436	10.47	7.96	3
2.05	12.7	2.87	11.34	1464	13.39	8.22	3
2.96	13.29	3.86	12.63	3009	11.33	11.14	3
2.19	12.55	5.09	13.61	1139	9.13	6.82	4
1.86	14.04	2.69	13.36	2044	10.96	9.69	4
4.13	12.24	2.77	13.29	1986	12.94	9.28	4
3.11	16.19	3.2	11.44	2378	13.5	9.75	4
2.24	13.62	2.9	12.09	2415	15.11	8.21	4
1.93	15.19	3.92	9.34	1810	14.31	11.04	4
3.74	17.49	3.74	12.77	1229	12.04	9.6	4
3.58	14.55	3.36	12.65	1368	12.21	12.55	4
3.2	15.87	3.79	13.5	1689	11.25	9.44	4
3.25	16.55	3.53	12.2	3173	16.89	12.39	4
3.36	12.97	1.84	10.33	1249	7.77	7.39	5
2.45	11.62	3.09	12.43	1713	10.1	6.14	5
2.79	8.13	3.03	13.32	1254	11.96	7.33	5
3.03	11.68	4.69	11.82	1387	9.73	7.19	5
2.96	10.99	2.12	11.21	2265	12.27	8.15	5
3.77	10.63	3.77	13.79	1646	10.27	6.38	5
4.67	11.16	1.75	12.91	1371	10.07	7.66	5
1.8	13.1	2.29	12.07	2054	7.98	7.47	5
2.63	10.22	2.67	12.72	2358	10.6	7.44	5
2.48	11.21	3.08	12.03	2177	9.23	5.54	5
2.91	13.54	2.73	15.22	1721	12.38	6.83	5
1.25	12.5	3.59	11.56	640	7.5	3.23	6
1.6	9.77	2.19	13.41	686	11.95	4.23	6
2.48	12.1	3.35	13.39	926	8.21	3.97	6
3.04	14.16	3.96	12.18	657	12.33	6.08	6
3.25	14.94	1.95	15.58	462	10.61	6.51	6
1.41	10.83	2.83	14.44	637	11.15	4.62	6
1.95	13.32	2.13	13.85	563	10.3	4.33	6
1.78	11.09	2.72	14.44	956	11.4	4.71	6
2.04	12.02	4.54	13.38	441	10.2	4.64	6
2.7	12.46	3.32	10.38	963	9.35	4.38	6
1.74	13.9	3.95	15.17	633	10.11	5.15	6
2.83	11.3	3.48	11.09	460	10.22	4.22	6
3.51	13.2	2.45	13.37	1795	10.7	7.01	7
2.33	12.58	3.68	13.18	2663	11.12	6.92	7
2.76	12.18	1.95	13.6	2464	10.35	9.37	7
2.26	12.39	2	14.1	3447	11.05	9.39	7
2.45	14.79	3.42	13.92	1961	11.68	7.11	7
2.48	12.38	2.12	15.47	4395	9.15	9.92	7
1.86	10.7	3.01	12.13	2094	10.46	8.12	7
2.7	12.15	3.46	13.49	3810	10.16	9.36	7
3.56	12.89	3.48	14.33	3795	11.17	8.89	7
1.98	12.84	3.02	15.25	1620	12.84	8.27	7
1.86	11.16	1.65	13.68	2903	11.51	9.1	7
2.38	13.05	2.5	12.99	3403	9.64	7.86	7
2.93	11.82	2.48	15.32	888	11.94	10.83	7
2.34	15.72	3.7	14.24	1622	12.82	7.21	7
3.02	15.12	3.26	12.88	2453	9.05	9.26	8
2.63	12.09	2.63	13.15	2167	8.81	8.6	8
3.37	12.99	3.51	13.86	2078	9.62	9.76	8
3.14	14.83	3.05	13.96	1146	10.65	8.01	8
3.13	12.5	2.91	13.85	1856	9.64	8.14	8
2.93	16.46	2.45	12.03	1671	9.87	12.85	8
2.25	12.3	1.66	13.83	2886	9.67	10.57	8
1.86	11.6	3.17	11.6	914	9.85	8.54	8
2.72	14.85	4.7	10.52	1616	11.39	6.94	11
2.16	17.53	2.44	9.65	1067	11.81	7.31	11
2.72	13.23	2.57	10.36	1361	10.21	11.83	11
2.94	15.11	4.62	10.7	953	14.48	7.94	11
1.57	14.89	3.27	11.5	826	11.74	9.08	11
2.16	16.17	3.24	12.97	2128	9.3	7.07	25
2.24	16.7	2.96	11.77	2905	10.64	5.97	25
2.85	17.05	1.98	10.49	2880	8.96	8.28	25
1.36	15.17	2.56	12.52	4106	10.86	8.33	25
2.65	12.46	5.41	12.13	1773	6.66	4.5	25
2.01	13.39	2.16	13.54	2688	11.57	8.53	26
2.22	13.37	2.82	10.82	3836	9.62	10.87	26
2.02	13.76	2.51	13.31	2630	11.29	7.83	26
2.36	14.6	2.77	12.34	2925	11.79	7.76	26
1.7	13.55	1.99	12.57	3469	11.56	8.24	26
2.5	12.33	2.35	13.58	4728	11.27	11.37	26
2.06	13.75	2.93	11.26	2967	11.26	7.87	26
1.86	12.81	2.03	13.95	4129	11.58	10.07	26
2.66	12.19	2.79	14.02	2297	13.02	7.51	27
5.28	14.56	4.51	14.05	776	14.82	5.71	27
3.05	15.95	3.23	12.94	2226	11.05	6.31	27
2.74	14.64	3.23	14.75	1858	12.92	6.73	27
2.1	12.16	4.2	14.02	2525	10.02	6.46	27
3.38	16.67	3.49	14.65	1836	10.02	6.35	27
2.16	13.57	3.08	16.74	1201	10.91	6.6	27
2.77	10.92	2.77	12.82	1154	10.49	7.74	28
3.07	15.06	4.36	15.06	2018	12.69	10.4	28
1.93	13.11	3.17	15.3	2647	10.09	9.73	28
2.58	14.66	3.19	13.09	3759	12.9	10.36	28
2.48	11.04	4.53	11.91	1612	11.85	9.32	28
2.47	13.44	3.35	12.95	2834	12.7	11.86	28
2.32	12.49	2.95	14.23	2369	11.02	9.04	28
2.63	13.63	2.32	14.64	4188	12.32	14.05	28
2.81	16.54	2.72	13.65	2279	12.42	15.09	28
1.41	14.7	2.52	14.6	2980	11.41	9.4	28
3.11	16.47	3.6	13.61	2859	11.61	11.26	28
2.92	14.22	3.06	15	4247	10.62	9.42	30
2.83	14.45	4.1	11.62	2366	11.12	7.61	30
3.89	17.85	3.8	11.71	3210	11	8.87	30
3.54	15.19	3.91	14.78	2659	10.53	8.98	30
2.78	14.4	3.53	13.13	2916	10.56	7.78	30
3.1	15.34	2.28	12.89	3553	11.23	10.48	30
1.04	14.26	3.76	13.16	1543	11.6	9.02	31
4.16	13.76	4.86	12.49	865	7.86	7.09	31
3.06	14.24	4.15	11.51	1833	9.27	10.53	31
3.54	12.2	5.25	11.15	762	7.35	8.02	31
2.5	13.71	3.37	12.19	919	6.96	6.56	31
2.77	13.9	4.24	11.13	1770	9.49	7.66	31
2.11	12.69	3.42	13.75	1986	9.87	8.63	31
3.39	15.91	4.77	12.93	1446	8.3	7.73	31
3.24	15.66	4.04	12.06	1360	7.72	8.45	31
3.05	14.07	2.33	11.72	4847	11.68	11.6	32
3.06	16.75	2.91	11.79	4019	12.09	13.53	32
2.44	14.44	2.65	13.22	1884	10.88	8.85	32
1.66	13.95	1.87	11.62	5232	10.11	12.55	32
3.07	18.03	2.64	10.5	3295	12.38	13.29	32
2.12	15.64	2.85	14.81	1087	11.5	8.63	32
3.02	14.22	2.03	12.42	3051	10.72	6.6	32
1.42	15.52	3.07	10.72	2668	11.69	6.98	32
2.62	14.5	3.44	10.84	1338	12.71	6.08	33
3.67	12.82	5.2	11.92	1443	10.46	8.69	33
3.09	15.94	3.48	11.3	1035	14.78	7.96	33
4.12	13.92	4.38	9.63	1142	12.43	9.36	33
1.54	16.51	4.41	12.67	521	13.63	6.43	33
3.12	15.32	3.53	10.94	2467	14.55	7.71	33
3.21	15.9	3.28	11.58	1434	12.06	7.24	33
3.32	14.01	3.02	12.03	2320	11.08	6.63	33
2.26	10.16	3.69	10.76	1329	9.41	5.8	33
2.23	12.18	2.28	12.57	2020	9.65	5.96	33
1.9	16.17	2.73	9.93	1793	10.88	6.08	34
2.04	12.54	2.85	10.49	2106	8.55	5.79	34
2.26	14.72	3.05	11.29	3145	11.45	11.19	34
1.85	13.55	1.85	13.35	487	5.34	6.01	34
4.38	13.25	3.43	8.64	845	6.15	5.35	34
3.64	14.93	3.02	12.57	3348	10.51	12.54	34
2.41	13.47	3.42	10.75	995	7.44	5.29	34
2.46	14.76	2.69	13.71	1707	11.66	6.59	35
1.86	14.42	3.28	14.33	2101	12.85	8.37	35
2.77	13.57	3.44	14.45	1481	10.67	7.22	35
1.7	13.85	3.25	14.28	1415	7.42	5.92	35
1.44	14.66	2.92	12.92	2298	9.88	8.84	35
1.64	12.06	1.6	13.75	2189	10.23	5.24	35
2.12	12.52	2.89	15.27	2213	11.52	7	36
3.81	11.53	2.74	16	1206	10.45	6.03	36
2.95	13.88	2.31	17.24	1729	10.58	6.33	36
2.84	13.18	3.62	13.39	2322	12.14	7.04	36
1.77	13.3	1.62	15.41	2038	9.91	6.33	36
1.51	11.55	2.82	15.74	1455	12.44	7.1	36
2	15.07	2.33	13.28	2402	11.74	8.64	36
2.47	12.37	2.56	14.93	1132	13.78	8.39	36
3.51	11.33	3.01	16.19	1995	12.03	7.07	36
1.67	10.37	2.69	16.33	2749	9.09	5.18	36
2.33	15.57	3.04	15.97	1972	12.58	7.28	36
2.8	13.07	3.91	13.83	1967	12.96	7.59	36
2.25	12.42	2.67	16.08	2400	10.5	7.67	36
1.97	14.77	3.57	14.34	1374	10.33	7.05	37
1.82	12.69	2.13	14.98	1923	10.5	8.78	37
3.47	12.48	2.81	15.2	1066	9.01	8.02	37
2.2	11.73	3.1	14.99	1321	9.24	6.92	37
3.74	9.27	5.2	15.93	615	7.97	5.04	37
2.83	13.66	3.73	12.35	1449	10.97	7.55	37
2.78	14.44	4.81	19.63	540	11.11	6.21	37
3.88	13.51	4.82	16.45	1495	9.23	6.67	37
2.94	13.94	3.84	15.41	1564	11.57	6.71	37
1.68	16.56	4.54	10.69	1431	11.95	6.91	38
1.71	14.19	3.65	15.1	1755	10.31	7.66	38
2.4	15.18	3.91	12.21	1917	10.95	7.13	38
2	14.69	4.08	14.09	1348	10.24	6.54	38
3.45	14.52	2.71	13.22	1770	12.37	9.32	38
2.18	14.71	2.99	13.42	1237	10.35	6.83	38
3.01	13.01	3.7	14	1729	11.16	7.36	38
2.88	15.87	3.56	10.29	1040	10.29	7.48	38
2.79	13.92	4.64	13.45	2112	11.41	6.95	38
2.41	10.94	2.84	15.5	1161	8.79	7.35	40
2.83	8.7	2.69	14.15	1449	10.77	7.79	40
1.44	11.16	2.2	15.76	2087	8.62	7.64	40
2.16	9.3	3.71	15.23	1484	13.61	7.73	40
2.9	14.92	2.71	15.58	1515	11.29	7.73	40
2.28	12.11	1.96	15.15	3723	9.8	9.4	40
2.68	10.33	1.28	12.9	1791	11.61	7.65	40
2.53	10.99	2.44	14.33	2093	10.94	8.51	40
2.5	12.33	2.55	15.83	1882	12.01	8.71	40
2.74	10.12	3.97	14.23	731	10.81	6.65	40
2.71	14.2	1.81	14.51	2654	10.7	7.58	41
1.61	15.65	1.8	15.28	1054	6.55	7.42	41
2.43	12.19	3.25	15.86	1690	7.46	6.79	41
1.51	14.15	2.58	13.81	2057	12.15	10.34	41
2.77	11.16	1.65	15.98	1514	9.05	9.71	41
3.19	13.4	1.91	15	940	10.74	9.13	41
2.2	13.31	2.2	13.67	1412	13.17	10.7	41
3.39	13.56	3.23	12.82	4743	9.59	9.86	41
2.24	13.06	1.49	13.31	1608	12.81	8.12	41
2.45	14.77	1.09	14.5	1835	10.03	8.74	41
1.71	12.2	1.41	16.23	992	11.59	6.66	41
2.11	10.04	3.49	13.53	946	11.63	7.11	43
4.44	10.66	3.06	14.18	1960	12.4	8.95	43
1.56	14.86	2.2	14.91	1864	9.66	7.17	43
2.4	10.67	2.79	15.16	2296	9.93	7.38	43
3.27	11.5	3.5	11.73	2140	10.75	9.47	43
3.81	12.29	4.05	13.76	814	9.95	8.75	43
3.38	12.35	4.69	12.63	1449	7.66	5.64	43
1.94	11.48	3.58	13.11	671	9.39	7.22	43
1.96	12.41	2.04	15.73	1176	7.14	6.09	44
2.13	12.28	2.38	16.92	798	11.53	9.28	44
2.91	13.77	2.83	13.93	2541	9.05	7	44
1.51	13.2	2.94	14.71	1258	9.54	7.62	44
1.81	12.35	3.68	13.57	1385	9.89	10.99	44
1.95	14.66	2.7	14.05	2149	10.28	8.63	44
3.27	12.97	2.16	15.23	2081	10	9.63	44
2.38	13.28	6.02	15.35	1596	8.52	6.94	44
3.12	12.61	3.87	13.02	1990	9.1	10	44
2.92	13.57	4.06	14.75	2291	11.26	7.18	44
2.77	15.17	3.33	15.43	2676	8.74	6.76	44
1.42	14.05	3.57	12.63	1765	9.24	7.61	44
2.33	16.63	2.58	14.09	2015	9.58	7.66	44
2.25	11.96	2.07	15.81	1689	8.58	7.28	44
3.83	12.64	3.83	19.54	261	11.88	9.67	45
3.55	15.6	4.43	13.83	564	10.82	6.2	45
2.88	10.82	4.57	11.54	416	11.54	6.3	45
3.77	10.04	6.69	12.13	239	12.97	7.03	45
3.05	11.61	1.83	11.41	491	8.96	8.47	45
4.21	12.45	2.11	11.69	522	11.3	8.03	45
3.28	10.75	4.78	12.84	335	9.55	8.38	45
2.48	11.63	2.58	15.82	929	13.13	7.94	46
2.6	12.26	3.35	11.43	2774	11.32	5.74	46
2.6	12.86	2.09	15.54	2349	12.13	8.7	46
2.94	13.14	2.64	12.61	2276	11.12	7.16	46
2.45	12.56	2.16	13.19	2691	12.6	9.61	46
3.08	14.28	1.95	16.11	1688	10.13	7.47	46
3.13	12.39	2.87	12.48	2300	10.13	8.33	46
2.92	12.48	3.05	11.73	2396	10.43	6.51	46
3.18	13.57	2.6	12.53	1540	11.36	7.94	46
1.69	13.41	1.25	14.46	2006	9.12	7.38	48
1.29	12.95	3.05	18.13	1313	9.82	6.14	48
1.77	12.06	1.96	13.95	1634	10.22	6.19	48
3.6	15.18	1.76	16.56	1304	10.81	6.39	48
1.6	16.61	4.47	12.78	313	11.5	4.89	48
1.91	13.15	1.65	15.76	1574	11.5	6.61	48
1.6	13.21	2.88	13.16	1877	9.54	6.32	48
2.08	15.44	2.74	13.47	913	10.51	7.13	48
2.23	12.84	3.35	14.51	1075	10.88	5.02	48
2.09	10.9	2.44	15.17	1147	8.72	6.3	48
1.91	15.9	2.53	13.79	1465	9.28	6.1	48
3.31	12.05	3.01	17.92	664	8.58	5.4	49
2.56	11.11	2.08	16.12	819	10.01	5.12	49
2.25	10.96	5.06	11.24	356	8.71	4.94	49
1.31	12.03	2.05	12.68	1222	13.91	7.36	49
2.07	11.7	2.07	11.88	581	9.47	5.59	49
3.32	12.12	2.63	13.98	1295	9.96	5.04	49
3.61	10.56	2.54	13.64	748	8.42	5.67	49
2.06	13.07	2.41	15.6	872	10.89	5.45	49
3.7	9.76	5.92	15.68	676	10.21	4.51	49
3.07	10.32	3.49	17.99	717	10.18	6.35	49
1.99	11.12	3.09	10.69	2366	10.02	6.59	50
3.43	10.89	3.79	14.32	817	12.48	9.5	50
1.79	11.24	1.91	13.4	836	12.08	7.6	50
3.78	12.08	2.67	12.82	1349	8.3	6.02	50
2.14	13.66	2.17	14.57	3178	11.45	7.58	50
3.48	14.01	3.48	12.54	1435	12.06	7.18	50
3.28	13.7	3.97	12.46	2014	11.22	7.87	51
2.42	11.36	5.2	11.58	1365	8.06	7.8	51
3.6	13.03	5.13	12.75	1443	7.48	7.14	51
3.65	11.76	3.65	16.16	1479	9.26	9.13	51
2.86	11.73	4.26	11.45	1432	9.92	8.04	51
2.71	9.92	4.27	12.63	1805	9.31	7.34	51
3.1	12.69	3.64	10.89	2609	10.16	8.93	51
3.14	13.41	3.41	11.15	2960	11.25	9.43	51
2.31	11.86	3.73	9.32	1341	10.14	6.18	51
3.35	10.73	4.44	12.53	2953	8.43	7.44	51
2.75	10	3.93	12.6	2111	7.11	6.28	51
2.01	12.16	4.6	12.26	1044	8.91	6.57	51
3.24	10.49	3.89	13.12	1669	8.99	7.32	51
3.37	9.67	3.3	14.62	1334	7.95	6.51	51
3.79	10.11	2.98	12.55	1108	11.1	5.62	51
3.04	12.84	3.5	14.53	4143	10.11	12.11	53
4.37	14.88	2.94	13.77	3064	11.68	10.71	53
3.81	14.12	2.47	12.46	2833	11.44	8.69	53
2.62	13.73	3.64	13.93	2061	10.33	8.81	53
1.96	15.4	2.99	11.19	2546	12.14	8.16	53
3.38	14.94	2.4	12.19	1747	11.45	11.27	53
3.37	12.23	3.99	12.41	3231	13.18	6.85	53
2.54	11.84	4.14	12.23	2559	9.57	6.61	53
1.89	13.74	3.27	11.47	3122	10.79	6.16	53
2.91	15.51	3.19	15.82	3887	10.01	8.18	53
3.34	12.81	3.91	12.56	2428	11.08	6.98	53
2.71	14.28	5.16	11.07	1842	12.81	6.27	54
2.1	14.82	2.38	11.67	1808	10.84	6.17	54
2.19	11.33	3.18	11.06	2921	10.3	7.59	54
2.3	11.71	3.1	10.95	2127	10.3	6.2	54
3.35	13.08	3.68	14.14	1521	12.1	6.64	54
2.13	16.34	2.31	9.24	563	9.24	6.62	54
0.81	13.85	5.01	9.55	1718	13.15	4.34	54
2.44	12.46	4.26	11.63	1926	11.47	7.11	54
3.75	15.78	2.5	9.22	640	9.06	6.74	54
4.27	10.54	3.32	13.86	1594	9.85	6.78	54
2.15	10.49	3.34	14.24	1678	10.01	8.11	54
1.49	12.71	6.64	13.63	873	10.19	5.74	54
2.66	9.76	2.59	11.69	1506	10.56	9.07	54
2.49	13.19	3.84	16.15	1486	12.31	8.69	54
2.68	12.52	3.75	12.67	2052	8.87	11.09	56
3.13	10.88	3.63	14.67	1820	8.85	9.48	56
3.18	11.03	3.58	14.8	2013	7.7	9.11	56
2.95	13.11	4.57	12.15	1358	12.08	7.59	56
3.56	14.24	2.98	12.08	1714	12.19	8.74	56
2.65	12.3	3.37	15.1	1927	10.59	7.59	56
1.41	14.22	4.69	15	640	8.28	6.81	56
1.94	10	3.82	12.15	1440	11.74	6.18	56
3.3	14.01	3.13	13.19	1820	12.2	8.27	56
2.63	16.4	4.99	10.79	3226	10.2	11.95	57
2.6	16.42	3.11	11.86	1577	10.08	10.11	57
3.58	16.15	5.07	11.96	1480	9.93	10.07	57
5.21	16.4	6.78	15.93	634	8.99	8.13	57
2.38	15.06	4.87	11.63	1806	9.14	9.46	57
2.72	14.72	3.43	12.7	992	7.56	9.19	57
2.69	12.53	6.32	14.29	854	6.79	6.72	57
2.16	15.3	4.38	11.8	1712	8.76	10.77	57
2.84	14.62	7.07	12.84	1231	10.8	7.84	57
2.22	16.98	6.58	11.56	1125	10.49	8.04	57
2.56	12.91	4.21	17.01	1875	9.28	6.51	58
2.44	14.38	3.84	13.48	2211	8.68	5.73	58
2.38	14.82	6.95	14.55	1093	9.88	6.51	58
2.52	15.14	7.81	13.82	832	10.58	5.51	58
3.03	14.89	5.07	14.98	1222	9.66	5.22	58
2.29	14.94	6.39	12.02	1439	9.17	5.18	58
1.32	15.9	5.35	13.01	1214	7.41	5	58
4.17	15.55	2.92	13.74	2875	11.48	6.04	58
1.44	13.23	4.09	16.52	1247	9.7	6.24	58
1.66	10.06	2.96	15.98	845	9.11	5.22	58
2.36	12.13	3.94	12.39	1905	8.56	6.59	59
2.6	13.89	4.72	12.72	1462	11.42	9.88	59
2.02	14.81	3.03	11.6	3362	10.02	12.78	59
2.16	15.05	3.72	11.94	1156	8.74	10.61	59
3.48	16.05	2.51	15.6	3302	10.24	13.05	59
2.93	13.36	3.4	12.48	2148	8.71	10.13	59
1.67	15.79	3.26	12.53	2514	7.8	9.21	59
3.59	14.14	3.11	14.65	3317	9.74	8.17	59
2.98	14.12	4.08	12.59	1374	11.5	10.1	59
2.27	18.16	2.21	12.29	3034	9.33	15.32	60
2.19	17.97	3.49	13.59	2237	8.81	10.6	60
2.48	17.48	1.94	11.95	4427	8.38	10.99	60
2.91	13.48	2.99	13.81	2441	9.14	8.48	60
1.92	15.74	2.98	14.08	1982	6.96	7.62	60
2.04	16.1	2.88	12.25	1665	10.87	10.41	60
3.05	15.32	3.42	13.6	2161	7.96	9.82	60
2.1	16.97	2.24	11.33	2233	9.05	7.75	60
2.49	14.36	3.18	12.23	2012	9.84	6.77	60
2.29	20.69	1.94	12.11	875	8.8	8.58	61
3.13	16.23	1.94	13.32	4288	9.91	13.07	61
3.08	15.06	2.82	12.13	3373	10.08	10.81	61
2.16	17.4	2.94	17.23	1155	7.88	12.03	61
3.06	18.87	2.52	13.16	1664	9.31	9.85	61
2.43	17.21	2.08	13.41	3416	9.78	10.78	61
2.54	15.8	3.59	12.33	1614	7.74	8.23	61
2.33	17.93	2.2	13.16	1634	9.79	8.74	61
1.6	17.8	3.2	12.67	3685	9.12	10.62	61
2.1	14.1	3.62	17.14	525	8.76	5.83	62
3.08	15.69	4.92	15.54	650	7.54	4.22	62
1.84	17.75	3.03	14.02	2175	9.1	8.91	62
2.99	13.73	3.51	12.44	1938	6.14	5.6	62
3.25	15.77	2.79	16.69	1756	7.63	6.46	62
2.14	14.63	3.42	13.38	2803	8.03	7.08	62
2.56	13.83	3.67	11.31	2422	11.93	10.35	63
2	14.18	3.33	11.98	1954	8.34	10.62	63
3.57	14.52	2.86	11.99	3112	11.34	10.24	63
3.07	13.58	4.75	9.81	3261	13.34	11.21	63
2.39	12.85	4.73	10.41	2218	11.9	10.36	63
2.63	12.08	4.3	15.28	2094	9.26	7.07	63
3.22	16.63	3.99	9.92	1804	13.03	9.86	63
3.54	14.92	3.74	13.76	2514	11.46	9.6	63
2.82	13.27	3.29	13.62	2585	11.95	8.67	63
2.73	12.42	4.6	16.71	1610	9.81	7.19	64
3.38	12.8	2.21	15.2	1539	8.97	7.7	64
3.39	12.39	3.72	15.95	1856	9.32	7.25	64
4.01	15.85	4.97	15.57	1047	11.27	7.07	64
2.57	14.79	5.03	13.27	1711	11.46	8.87	64
3.52	12.33	5.46	14.71	1135	8.81	5.91	64
2.67	19.16	1.8	12.1	2662	7.81	10.87	65
2.39	16.03	3.31	13.78	1422	8.09	8.36	65
3.21	12.82	4.56	12.7	811	6.54	7.72	65
2.89	17.1	3.49	12.76	2006	8.92	8.92	65
3.1	14.29	2.4	12.89	1001	7.99	7.25	65
1.75	16.29	3.62	13.51	1547	8.66	9.85	65
2.11	20.8	4.56	12.63	2327	11.13	11.3	65
2.81	15.29	3.59	14.2	641	10.45	6.68	65
1.75	20.91	3.79	11.77	1028	10.7	9.43	65
2.4	13.22	2.08	12.02	1830	7.38	7.15	65
4.57	13.97	4.31	14.91	1160	9.66	8.53	66
2.92	13.74	3.57	13.74	924	7.68	6.84	66
2.93	12.31	4.14	14.73	991	9.18	6.88	66
3.95	11.58	4.1	15.82	708	11.58	7.53	66
3.13	12.02	3.21	15.14	1215	11.11	7.11	66
4.42	10.06	3.48	17.48	1064	7.33	6.08	66
2.67	11.7	2.78	18.54	863	7.07	6.9	66
3.55	12.77	3.83	15.46	705	9.22	8.2	66
3.96	12.82	3.58	17.81	1061	7.82	8.1	66
1.64	14.8	1.64	11.21	669	9.27	8.16	66
1.38	13.48	3.91	13.32	1306	7.35	7.06	67
2.04	15.59	3.44	14.3	1860	9.19	11.01	67
2.41	12.99	3.46	12.94	2079	8.18	9.85	67
1.44	13.81	1.85	12.54	1731	9.24	9.56	67
2.55	13.74	1.61	13.42	2235	7.83	10.44	67
2.53	14.83	2.61	12.71	2495	8.54	9.11	67
1.93	12.99	2.2	13.44	2224	7.64	9.55	67
1.94	12.29	2.98	13.28	2214	8.22	7.94	67
1.7	13.34	1.82	12.17	2466	8.43	8.47	67
2.68	13.26	2.6	13.59	1192	9.98	7.64	67
2.72	14	3.26	11.76	3715	9.53	9.83	68
2.52	13.76	3.01	12.38	4716	9.9	10.32	68
2.65	12.81	2.57	12.47	3816	8.75	9.24	68
2.57	15.4	3.16	11.58	3928	10.06	10.76	68
2.07	14.04	3.56	11.33	1880	8.19	8.7	68
2.63	13.45	3.99	10.95	2357	7.89	9.1	68
2.77	12.47	2.98	13.91	5277	7.98	10.41	68
3.17	12.63	2.81	12.17	3278	8.57	10.54	68
2.77	11.54	2.61	12.73	4366	7.99	10.73	68
2.35	14.63	1.93	15.14	2378	9.34	11.43	69
2.72	15.55	4.12	12.67	1286	9.02	5.04	69
4.7	15.7	3.87	13.07	1936	11.52	8.45	69
3.27	13.81	2.78	12.18	2693	9.54	8.63	69
1.91	14.69	1.91	15.86	2566	8.34	8.67	69
3.07	13.47	2.3	15.55	1826	10.19	7.8	69
4.38	16	3.4	12.03	1737	9.33	9.29	69
3.62	16.14	2.65	12.37	2788	9.58	12.28	69
3.83	13.26	4.61	12.59	1930	12.69	9.02	70
3.06	13.42	4.02	11.72	2415	11.72	7.5	70
2.39	12.9	4.73	11.68	2303	11.25	8.56	70
3.62	12.28	3.31	11.83	2207	9.42	7.51	70
2.69	12.56	5.49	12.7	2078	10.83	6.56	70
2.4	12.16	4.99	12.44	2163	11.19	7.36	70
2.7	11.72	5.69	13.41	2073	10.85	7.3	70
2.36	15.7	3.43	10.91	3299	11.15	10.28	70
2.18	14.95	3.78	9.95	1880	13.78	9.49	70
2.75	13.79	3.59	9.8	1530	13.73	7.89	70
3.34	13.98	3.65	10.22	1889	12.28	9.08	70
3.88	11.3	3.49	10.97	1832	12.23	10.97	71
3.87	12.69	3.93	12.75	1474	9.91	11.7	71
3.9	14.52	2.83	14.14	1591	11.25	10.54	71
3.3	12.82	3.53	12.48	2605	11.13	7.42	71
3.08	13.41	4.77	11.53	1656	11.05	8.16	71
3.38	14.44	5.94	12.21	2424	11.01	8.81	71
3.1	11.39	3.05	14.45	1966	10.17	9.36	71
2.13	14.59	3.67	10.05	1035	13.62	9.08	71
2.79	15	3.56	10.54	1433	13.61	7.96	71
1.96	15.7	3.13	11.54	2045	9.78	7.23	72
2.65	14.42	3.23	12.83	2073	8.88	7.59	72
2.62	15.67	2.78	11.55	2520	11.19	8.43	72
1.18	16.15	3.38	11.49	1950	7.85	6.99	72
3.34	16.65	3.49	9.92	2006	10.37	8.02	72
3.41	17.27	3.41	13.48	1818	9.13	7.51	72
2.44	14.67	3.45	11.07	1970	9.64	8.83	72
2.64	15.02	3.11	11.84	1478	11.5	8.69	73
2.78	14.22	2.46	10.09	1259	8.66	12.59	73
2.22	18.33	3.49	12.07	2204	12.25	12.89	73
3.71	16.77	3.55	13.91	1294	11.51	9.73	73
3.61	12.85	3.4	12.85	942	9.98	7.98	73
4.43	18.29	3.54	9.93	2909	10.76	10.62	73
2.17	16.63	4.94	10.6	830	8.31	9.12	73
3.15	16.74	4.6	9.91	1523	11.56	10.5	73
1.67	13.74	3.03	13.81	2875	8.35	9.43	74
2.53	17.42	4.07	12.67	2801	9.1	7.98	74
2.19	16.05	3	12.42	2835	11.43	7.36	74
3.29	18.73	2.18	13.74	5690	10.97	14.37	74
1.43	16.29	3.15	16.32	2665	8.59	10.09	74
2.68	16.53	2.98	16.93	3025	8.69	9.37	74
1.91	15.45	2.26	15.8	1987	8.2	9.03	74
2.18	14.84	3.89	14.78	3113	6.75	7.19	74
2.2	13.18	3.79	12.48	2140	11.07	10.19	74
3	17.14	6.3	13.6	1698	9.72	9.28	74
4.13	13.62	4.09	14.46	2518	9.41	10.28	74
2.56	12.42	4.67	14.16	1328	10.02	11.55	75
2.9	11.24	3.42	12.43	1344	11.9	9.96	75
2.6	12.37	3.38	12.65	2190	11.1	7.37	75
2.9	14.48	3.54	9.69	2003	13.68	16.69	75
2.09	15.5	2.46	11.44	2439	11.89	14.35	75
3.15	15.06	3.38	9.5	2158	12.6	10.04	75
2.64	13.19	3.52	11.17	1137	8.8	10.53	75
2.39	10.17	4.87	9.32	1170	8.46	7.01	75
4.47	12.16	0.99	15.63	403	7.69	7.2	75
3.55	15.51	3.51	12.57	2450	12.9	15.41	75
3.43	15.67	4.51	12.98	932	8.91	5.9	76
2.12	13.51	2.39	12.64	1843	8.14	9.22	76
3.52	14.85	3.13	13.49	1535	9.06	9.3	76
4.41	17.27	3.26	12.09	521	8.45	5.73	76
3.21	12.39	6.85	12.54	686	7.87	4.83	76
2.17	14.94	5.25	15.51	877	9.01	7.76	76
3.31	13.5	4.64	13.92	1207	9.11	5.92	76
3.63	13.39	5.3	13.25	717	8.37	7.55	76
2.49	14.06	4.82	17.25	1287	8.94	6.34	76
1.55	16.69	2.82	13.24	1420	10.42	9.66	76
4.46	17.17	3.57	14.01	1456	11.54	7.7	76
4.03	14.45	3.04	14.14	1612	9.86	11.27	76
2.92	15.37	3.24	12.15	4626	9.4	10.19	77
2.64	14	2.64	12.73	1893	8.14	10.76	77
4.55	14.02	2.03	15.86	1034	7.64	9.49	77
2.86	16.76	2.89	10.72	3563	9.77	10.96	77
2.52	17.38	3.34	11.62	3056	11.26	11.62	77
2.97	16.68	3.3	14.21	3639	9.37	10.73	77
4.46	16.06	3.18	12.25	2890	9.17	11.2	77
2.5	15.84	3.82	12.6	3119	8.85	10.47	77
3.44	18.85	2.51	12.87	2705	11.05	13.33	77
3.26	15.65	3.94	11.34	3553	9.2	10.61	77
2.62	17	3.7	12.32	3247	7.24	9.81	77
3.95	12.58	4.02	12.88	1343	11.02	8.95	78
3.48	14.2	2.58	13.09	2444	9.98	8.58	78
2.35	13.66	4.13	14.08	1406	9.53	7.9	78
2.73	12.91	4.99	14.41	1464	11.54	7.21	78
2.83	14.08	3.79	11.86	3431	10.52	8.82	78
3.67	15.52	3.22	10.99	2667	11.74	10.67	78
3.51	13.2	2.64	10.67	2878	12.61	9.92	78
2.48	15.18	2.92	11.75	1370	8.83	10.87	79
1.92	14.52	4.38	10.96	1095	7.85	8.17	79
2.91	13.14	4.61	12.84	997	8.63	7.22	79
3.01	10.66	3.83	15.03	366	12.84	7.79	79
4.14	11.76	2.81	12.03	748	12.7	10.25	79
2.05	13.2	2.56	12.9	977	8.5	6.98	79
2.04	11.54	2.55	11.85	979	10.62	6.53	79
1.87	13.33	3.04	13.57	1710	7.72	7.18	79
2.67	13.01	2.75	12.44	2475	8	7.19	79
2.79	8.37	5.18	16.33	502	10.56	4.05	79
4.42	13.27	4.56	12.2	746	9.79	6.32	79
3.48	15.28	3.48	15.2	1178	11.71	8.18	80
2.54	17.67	2.45	16.23	1183	10.48	6.33	80
1.59	15.75	3.18	10.75	1321	8.86	7.3	80
1.59	14.94	2.48	15.26	1573	10.87	7.67	80
2.53	16.25	2.43	15.86	1028	9.24	6.35	80
2.74	14.37	1.75	11.68	2338	11.93	8.44	80
1.23	15.12	0.93	14.51	648	12.5	6.42	80
2.03	13.21	3.34	15.53	689	11.61	6.15	80
0.83	15.18	1.65	12.05	606	10.56	4.93	80
2.6	14.37	2.84	11.28	3235	9.4	9.89	81
2.53	16.42	4.45	15.2	1303	8.83	5.98	81
2.14	13.73	2.97	11.3	2054	7.16	5.67	81
3.19	16.58	2.37	13.8	971	14.21	9.34	81
4.57	13.07	2.74	18.37	1094	9.14	7.54	81
3.55	14.76	2.65	11.7	1436	8.29	6.3	81
1.78	13.36	1.22	13.25	898	11.25	6.28	81
3.88	12.86	2.35	15.21	1236	6.96	6.31	81
2.06	11.24	4.49	12.73	534	7.12	7.12	81
2.9	14.99	2.82	12.49	1241	7.41	5.17	81
1.9	12.68	2.22	13.31	631	6.02	5.21	81
1.91	14.4	3.22	10.03	1306	7.5	8.32	81
1.47	18.05	1.66	13.26	543	7.73	6.39	81
2.46	12.43	2.46	17.23	853	11.61	9.48	82
2.52	13.18	2.52	13.08	1866	9.06	10.2	82
2.65	12.52	1.52	15.56	1510	9.47	8.88	82
3.95	15.58	2.91	16.76	1444	8.24	10.78	82
3.92	17.65	2.55	14.31	510	8.82	7.97	82
1.83	13.19	2.2	18.68	273	8.06	5.15	82
3.49	15.62	3.21	13.53	717	9.9	6.89	82
3.37	13.47	2.24	13.72	802	6.61	6.68	82
1.99	15.07	2.37	19.68	803	6.35	6.13	82
4.58	12.62	2.6	12.45	1767	9.96	9.5	82
2.77	12.87	3.35	15.65	1911	11.67	5.19	82
3.07	12.27	1.93	13.07	880	9.66	5.18	82
3.27	13.04	2.44	12.44	2170	7.51	7.81	83
2.8	16.32	3.3	13.32	2966	8.02	8.13	83
2.08	15.82	1.94	13.79	2212	9.09	11.29	83
2.28	16.43	2.63	9.99	2282	9.82	11.47	83
2.76	12.36	3.9	12.93	1052	9.32	6.92	83
2.19	15.13	3.51	11.46	3509	8.69	10.2	83
2.55	14.26	2.42	13.55	2981	9.43	8.69	83
2.14	16.38	3.1	14.85	2289	8.08	7.27	83
2.81	15.63	3.72	15.01	2879	8.34	7.09	83
3.13	12.11	6.41	12.68	702	9.54	5.36	84
2.64	13.67	4.11	16.49	1631	8.83	6.97	84
1.78	12.91	4.62	14.69	844	9.48	6.98	84
2.06	15.59	3.35	14.69	776	8.51	7.25	84
1.95	15.05	4.91	14.66	1282	10.3	7.08	84
2.86	13.79	2.69	15.05	1189	8.49	9.29	84
3.88	13.7	3.88	12.66	774	9.56	6.73	84
1.3	12.85	2.93	11.87	615	9.92	6.34	84
3.18	13.99	4.44	14.57	1194	9.97	7.7	84
2.15	17.33	2.76	11.81	652	11.5	9.18	84
1.91	17.02	4.52	12.57	1416	11.58	7.87	84
1.72	17.77	2.85	17.45	2561	8.36	11.09	85
1.81	15.34	2.31	17.81	1819	8.3	8.16	85
1.92	14.92	2.96	15.74	1722	6.79	8.24	85
2.51	18.46	1.99	16.53	1555	8.17	9.15	85
1.74	16.8	2.55	14.95	2589	7.53	11.41	85
2.84	11.74	2.84	14.31	1090	8.07	6.19	85
2.24	16.14	1.43	15.02	2230	6.28	9.37	85
2.52	16.73	2.73	14	2822	6.98	9.16	85
2.51	14.23	1.89	13.57	2270	8.28	9.5	85
1.31	16.2	2.8	12.71	1605	8.85	8.11	85
3.06	16.91	3.01	15.67	2093	7.12	10.06	85
3.74	14.88	5.01	12.62	1418	10.08	7.27	86
2.97	18.22	4.74	12.73	1076	9.11	7.58	86
2.12	14.71	3.6	12.78	1557	10.66	6.28	86
1.85	17.1	3.01	10.59	1029	11.66	7.1	86
2.75	15.63	4.45	12.59	1056	9.09	7.18	86
4.14	17.3	3.68	11.87	1087	10.03	8.91	86
1.93	17.38	4.59	14.56	1243	9.09	8.63	86
2.99	19.34	2.88	12.17	1841	12.28	8.48	86
3.92	14.3	3.2	14.79	1657	9.11	6.45	86
2.6	19.23	2.83	12.67	1768	13.69	11.26	86
3.6	16.1	2.73	14.36	1609	10.13	6.7	86
3.03	16.81	4.77	12.64	1321	11.2	6.92	86
2.98	18.52	3.24	13.22	1944	10.34	11.24	86
2.8	17.61	3.15	11.54	4038	12.04	8.17	86
0.88	13.35	2.98	9.98	1243	11.67	6.94	87
1.57	15.01	4.42	12.89	1086	11.14	5.15	87
1.48	15.74	2.7	14.92	1220	10.33	5.73	87
2.46	16.78	2.86	10.37	1466	13.03	7.48	87
1.67	13.23	2.5	11.29	1081	10.55	6.89	87
1.64	15.84	2.88	11.45	1528	8.57	5.14	87
2.56	16.88	1.88	11.45	1327	11.23	7.46	87
1.63	14.4	4.08	15.76	736	9.24	5.29	87
3.15	15.18	2.27	8.98	2161	10.41	7.09	87
1.23	13.35	1.5	9.67	734	13.9	6.27	87
2.42	17.64	4.27	13.09	703	9.53	6.28	87
2.22	14.52	4.03	10.89	992	9.68	5.73	87
1.15	15.13	3.07	9.98	1302	8.06	6.06	87
1.86	12.86	2.83	12.86	1345	11	6.14	87
1.55	14.83	3.07	13.47	2509	12.24	8.31	87
5.06	15.06	3.85	12.49	1481	8.78	8.66	88
4.5	13.26	2.82	12.42	1312	9.3	8.46	88
2.8	15.31	3.98	18.06	1783	10.43	7.46	88
1.73	12.61	3.89	12.03	1388	9.44	6.2	88
4.1	12.74	3.55	16.04	2363	8.59	7.27	88
2.86	14.69	2.1	11.16	1048	11.45	11.64	88
5.12	14.19	2.71	15.08	1698	9.31	6.66	88
3.36	14.39	2.9	13.11	862	9.63	7.01	88
3.41	13.34	5.61	14.56	1319	9.17	8.3	88
4.71	16.24	3.64	16.04	1509	7.75	9.86	88
5.09	13.97	2.66	13.82	1317	8.43	8.28	88
3.63	11.88	3.35	13.35	1431	7.97	7.34	88
1.7	11.1	6.2	12.5	1000	8.2	6.85	88
2.59	12.77	6.25	15.23	2514	9.59	6.56	95
1.18	11.64	2.62	9.9	1606	7.6	7.65	97
1.63	14.22	3.59	14.18	3060	10.52	7.75	95
2.15	12.17	4.24	15.33	1676	9.25	5.72	95
2.82	16	2.47	15.4	3194	9.52	10.79	91
2.18	12.01	1.99	13.49	1557	7.26	7.45	97
2.06	13.68	2.06	10.8	1703	10.1	9.26	97
2.1	17.05	2.7	10.33	2188	12.11	9.27	91
1.14	14.93	1.92	8.17	2546	14.14	9.91	91
3.31	13.62	2.08	16.35	3413	9.76	8.55	91
3.15	14	3.05	13.29	2129	10.43	6.55	94
2.88	14.47	4.05	12.91	3407	9.89	8.5	96
2.49	10.62	3.09	14.32	1648	11.29	7.26	97
2.16	13.46	2.11	11.36	1805	11.14	11.72	91
3.21	14.74	1.79	15.22	3304	10.99	10.76	91
4.24	14.16	4.43	18.93	1511	10.13	5.97	95
2.43	15.66	1.39	9.65	1731	11.84	10.24	91
3.42	14.55	1.97	18.35	2839	10.36	9.69	91
2.09	11.82	2.37	17.39	2444	9.37	7.66	91
2.97	12.3	4.28	11.87	2594	9.25	7.81	89
2.9	10.89	3.97	12.45	1864	8.85	6.45	89
2.82	15.54	3.76	12.9	3937	10.21	11.44	89
2.42	11.85	4.03	12.97	1612	8.13	7.6	98
2.51	12.28	5.03	10.64	1034	7.83	7.55	90
2.23	15.24	4.03	14.09	1391	8.77	6.59	98
2.69	13.5	5.38	12.54	1970	12.34	6.75	96
1.55	14.43	3.44	12.67	3284	8.16	7.2	96
2.19	18.94	3.61	15.63	2968	9.06	9.86	90
2.72	14.62	6.84	13.84	1286	10.58	6.24	90
2.82	14.64	4.39	16	1913	7.84	8.25	90
2.61	15.06	4	12.82	3798	8.61	6.66	89
2.33	13.93	2.71	12.47	1845	8.29	6.17	89
2.88	14.97	4.43	13.77	3681	10.43	6.47	96
3.25	15.25	4.53	12.77	2184	10.21	8.47	96
3.48	13.32	1.82	17.13	2358	8.44	8.13	91
2.74	17.25	4.21	12.05	3536	10.29	9.26	96
2.87	16.03	2.82	14	2408	9.63	9.44	94
1.99	12.27	0.96	15.33	2616	9.33	11.23	91
2.09	13.55	2.96	12.58	2059	8.69	6.07	90
2.82	12.1	1.95	13.73	1843	9.88	7.12	90
2.49	12.71	3.47	12.61	2046	8.46	6.16	89
2.99	18.52	4.63	19.46	2138	9.59	8.25	90
2.04	15.77	3.8	15.14	1420	10.92	6.89	98
2.09	13.71	3.26	17.49	766	7.7	5.11	98
2.2	17.35	3.49	12.66	1406	9.17	7.48	90
4.55	19.39	3.66	12.86	1011	9.5	4.27	98
3.03	15.48	4.21	15.21	2972	9.12	9.14	90
3.37	15.69	4.33	12.61	1039	9.43	8.66	90
2.71	15.05	4.75	12.16	2106	10.07	6.4	94
2.62	13.63	3.46	16	2744	9.99	7.54	97
3.53	14.54	3.13	13.48	2745	10.13	7.91	93
2.35	12.73	3.87	11.38	3488	9.66	8.09	92
1.65	17.89	2.44	13.32	1884	10.62	12.08	91
3.14	16.42	3.09	13.16	4239	10.1	8.49	96
3.61	14.13	2.9	14.63	2795	9.62	8.87	93
3.11	15.05	4.3	16.37	1674	9.38	8.01	93
2.96	15.59	3	12.76	2836	10.65	6.42	94
2.63	15.4	2.74	18.35	1864	11.43	9.05	91
2.38	10.65	2	12.07	1052	9.13	6.34	97
1.68	9.61	2.61	11.75	1072	7.46	6.38	97
1.78	13.91	2.96	12.43	1352	10.21	6.73	98
4.35	17.36	5.27	17.03	1861	11.45	8.42	98
2.72	15.27	2.5	12.94	3562	10.53	10.09	89
2.28	14.71	4.53	13.1	2671	7.75	6.3	98
2.87	16.78	2	11.55	3308	10.91	9.45	90
3.16	15.16	4.55	14.44	2659	10	7.91	93
1.26	17.08	2.69	10.83	1265	11.62	8.27	91
1.85	13.25	2.86	12.39	3358	11.38	10.97	92
2.27	15.34	3.3	12.77	2334	9.85	6.82	90
3.32	13.14	3.07	13.68	1659	9.83	7.44	90
1.15	10.91	2.3	9.76	1568	10.14	8.81	97
1.23	11.13	1.15	10.82	1303	6.6	7.62	97
2.55	14.44	3.29	13.57	1489	10.75	6.59	94
1.83	14.23	3.29	12.33	4160	12.43	13.21	92
1.56	15.5	1.37	11.54	2045	9.73	11.62	91
1.74	14.36	1.52	11.24	1379	11.24	10.21	91
2.36	14.87	5.84	13.02	2159	9.63	6.62	89
2.03	13.56	5.42	13.39	1180	9.24	4.59	95
3.71	12.25	3.86	13.45	2670	10.26	6.68	95
3.02	13.76	4.09	18.19	1490	9.46	4.64	95
3.31	14.33	3.13	12.29	2205	9.98	6.93	96
2.87	11.95	5.4	15.86	870	5.98	4.1	95
2.93	13.25	3.54	13.65	1978	10.01	6.1	94
2.94	17.18	1.96	16.81	815	7.73	6.97	90
1.65	15.15	3.15	12.51	2917	8.09	7.35	90
2.16	13.66	2.39	14.42	3931	10.53	9.12	92
2.8	15.64	3.52	13.06	3613	11.15	9.56	93
1.78	11.76	3.11	11.58	3315	11.25	9.11	92
3.51	12.64	5.12	13.85	1993	9.38	6.41	93
2.82	16.94	3.79	14.41	1346	8.77	9.61	93
2.9	12.6	2.79	14.21	1794	10.2	8.08	90
3.72	15.26	2.57	15.78	2529	10.48	10.9	91
3.11	16.35	3.11	12.6	1254	8.45	8.42	90
2.57	15.27	4.35	11.32	2253	9.1	8.25	90
2.7	14.3	3.19	11.03	2448	9.93	8.5	90
1.37	11.6	1.65	12.86	1758	7.79	7.45	97
2.19	17.02	3.64	12.75	1921	14.52	12.56	91
2.21	14.93	2.08	17.45	1587	10.02	6.99	90
3.51	13.71	2.31	13.86	1255	10.68	7.8	90
2.83	16.68	2.78	13.81	2230	8.92	7.77	90
3.2	16.24	2.84	11.53	1656	8.82	8.72	90
3.23	15.42	3.18	12.95	2231	10.04	16.4	98
2.42	15.21	3.08	13.53	2564	11.93	11.05	96
2.4	14.6	3.21	11.96	3795	8.46	10.37	92
1.83	15.19	2.43	10.64	3495	11.7	13.44	92
3.13	15.35	2.98	11.08	2716	8.91	9.77	92
3.48	16.39	2.17	14.22	3819	10.19	10.61	91
2.77	13.24	3.92	14.72	2092	9.99	5.78	94
3.77	14.32	2.13	13.16	2067	8.66	6.67	94
2.5	15.54	2.54	16.12	2240	9.78	8.3	91
2.09	11.82	2.37	17.39	2444	9.37	7.66	91
3.49	11.9	2.16	13.23	2033	9.54	6.18	97
1.81	13.7	2.8	14.01	1606	10.9	7.83	98
2.4	15.06	3.57	12.86	1540	8.31	8.51	89
2.86	13.83	4.59	14.19	3354	10.94	8.73	96
3.21	13.81	2.74	14.05	840	9.76	8.94	90
3.65	15.79	3.65	16.22	931	8.59	8.7	90
2.31	17.47	2.76	13.45	1992	7.13	7.57	97
2.87	12.29	2.87	12.09	1009	8.23	6.43	97
2.53	16.83	4.41	15.71	3126	7.52	7.8	89
1.75	13.15	1.62	14.83	1544	10.23	9.47	90
2.55	12.92	2.73	13.19	1099	9.55	8.93	90
1.81	12.84	2.15	12.82	3488	9.78	12.55	92
2.78	16.13	5.25	16.56	1618	8.22	7	90
2	10.87	1.72	12.58	1049	7.82	7.49	97
1.85	11.11	2.29	13.14	1134	7.23	8.86	97
1.64	16.3	2.4	11.63	2871	12.82	11.08	91
2.21	14.91	2.71	10.75	2213	10.3	11.96	91
3.03	14.79	3.68	13.38	1846	10.78	8.24	91
3.7	10.62	4.62	17.09	433	10.39	9.21	91
2.44	13.16	7.66	12.2	1763	10.27	6.34	89
2.2	15.03	5.18	12.92	1138	9.4	6.05	98
3.36	10.64	4.37	12.79	2978	9.3	7.76	89
2.01	15.23	1.92	9.96	1195	12.22	12.19	91
2.21	12.47	1.81	10.66	994	10.66	9.38	91
3.18	14.09	3.15	11.85	3712	11.69	12.21	93
2.58	16.64	4.05	14.61	1629	9.82	7.54	90
2.92	15.59	5.39	14.92	2707	9.64	7.87	90
3.07	14.5	1.74	14	2414	12.18	13.19	91
4.28	16.25	3.18	18.16	3458	10.27	13.15	91
1.92	13.16	3.65	14	2136	12.55	8.68	92
3.52	14.87	2.37	13.66	1816	10.96	13.45	93
3.2	15.38	3.01	14.52	2094	10.36	13.17	93
2.27	13.5	3.24	13.15	1452	12.12	11	91
2.59	13.06	3.02	14.94	3975	9.31	7.27	92
2.29	16.5	3.96	13.72	1618	11.99	9.19	91
2.09	12.68	2.27	13.25	2777	9.76	10.03	92
2.27	13.65	3.9	11.86	3129	10.9	7.94	92
2.63	16.85	3.36	15.49	2053	11.25	10.21	93
2.74	12.23	4.01	17.24	1096	10.86	7.83	98
2.34	16.33	2.57	13.92	2651	11.39	6.64	94
2.86	14.16	2.59	12.43	1504	10.64	5.85	94
2.18	14.5	4.32	13.75	2386	8.84	8.09	98
4.36	15.81	2.47	18.7	2385	11.32	9.77	91
2.25	14.02	4.31	12.45	2040	11.52	6.64	94
2.82	13	5.27	14.19	2769	9.21	6.64	89
2.91	16	3.62	14.27	6349	10.08	9.45	89
1.71	13	2.9	11.48	2169	9.73	9.31	91
4.98	15.28	3.15	14.51	1427	8.76	10.42	93
1.54	14.46	2.53	11.87	1819	11.65	9	91
2.5	16.28	2.43	12.44	1278	9.78	6.83	94
2.61	13.43	3.06	14.85	1340	11.42	6.47	94
2.27	18.56	2.27	20.42	3217	7.3	8.65	91
2.18	14.51	3.89	15.53	2157	10.01	7.9	98
2.35	13.8	2.79	14.54	681	8.52	5.68	98
2.5	15.56	3.56	12.88	1600	11.56	7.41	94
3.33	14.79	2.67	12.55	1650	9.52	6.13	90
2.55	14.69	3.92	14.4	1021	9.11	5.43	90
1.99	12.98	2.64	11.16	2465	11.89	7.54	92
1.88	15.54	3.31	11.78	2445	10.72	7.74	92
3.03	14.31	2.15	14.2	2606	9.86	9.69	91
3.15	13.34	3.42	11.8	1492	10.25	6.97	89
3.36	15.4	3.3	14.45	1786	10.36	6.47	90
2.17	15.01	3.13	15.84	1566	9.26	6.39	91
2.8	14.57	3.78	14.25	2141	9.2	6.61	90
3.15	14.62	3.01	13.08	2790	10.04	9.43	93
2.49	13.05	2.07	13.58	1885	7.85	8.27	91
2.02	14.46	3.48	13.56	1438	9.53	4.84	94
2.83	14.41	1.89	13.2	1909	10.53	8.52	91
3.86	15.99	2.84	17.65	1864	9.55	7.17	91
1.67	13.24	2.87	12.16	2401	11.95	8.54	92
2.65	13.31	3.26	14.36	1811	6.79	9.53	93
4.22	14.39	3.01	10.92	3058	11.58	11.16	93
2.22	13.87	5.62	14.45	1709	10.01	8.06	89
2.14	14.12	3.58	15.07	2429	10.13	6.69	98
2.31	13.58	2.71	15.11	2032	8.02	6.49	91
2.45	15.26	2.06	13.76	1795	11.53	8.16	91
3.49	11.85	4	14.06	2177	9.32	8.64	98
2.14	14.59	3.44	14.68	1076	7.99	5.69	94
3.4	13.53	4.25	14.82	2469	9.64	9.72	93
2.94	12.65	3.72	13.27	3066	8.51	8.26	89
2.88	14.33	3.29	14.4	2673	10.85	9.86	92
1.64	13.61	2.32	10.14	1036	8.4	8.16	91
2.41	14.2	4.76	15.09	1577	9.13	6.83	98
3.03	16.73	3.46	12.26	4561	11.09	10.61	90
3.22	14.8	2.82	16.17	1243	8.53	7.31	98
3.03	16.6	5.37	13.87	1024	11.62	7.01	90
3.61	17.85	3.08	14.13	941	11.16	6.32	94
1.53	14.29	2.81	14.17	1637	11.12	8.14	91
3.93	17.03	3.35	12.95	1374	11.14	8.75	90
2.16	15.1	3.33	11.02	5683	10.86	9.42	92
2.38	15.59	4.58	14.63	1135	7.93	6.8	98
4.23	11.63	2.56	17.27	1135	7.4	6.92	98
3.2	12.55	6.15	15.09	1219	6.23	7.43	89
2.62	12.13	3.18	11.71	2638	10.27	8.19	89
3.98	12.34	2.36	14.71	4569	10.31	8.2	98
0.96	13.35	4.03	11.82	1041	11.05	6.55	91
2.69	14.77	4.61	14.35	1672	9.93	6.88	93
1.33	14.86	1.78	9.78	2025	11.11	8.69	91
3.21	14.74	2.79	13.83	1649	10.31	6.27	93
3.11	15.55	3.22	15.13	2861	9.02	8.39	90
2.95	13.96	4.42	20.03	1153	8.24	6.55	90
3.51	13.42	3.46	15.96	1736	10.08	6.58	91
2.78	16.41	2.98	14.94	1981	10.8	9.21	98
2.62	13.79	3.16	15.78	2059	8.79	6.69	90
2.69	12.44	2.8	13.22	1785	6.39	9.2	90
4.55	13.56	4.8	16	2331	8.19	9.55	89
2.8	14.64	3.23	12.39	2535	9.47	6.23	90
2.59	12.66	3.8	13.44	1659	8.5	5.8	94
1.85	12.38	3.26	12.68	1624	9.36	6.25	94
2.4	14.21	3.85	12.63	4418	8.58	6.81	89
1.41	13.11	3.5	13.11	1487	10.15	7.95	90
2.77	14.87	2.95	11.62	1627	11.8	11.38	92
3.15	15.77	3.15	9.02	1585	11.55	11.49	92
3.18	16.89	3.94	16.61	1445	7.61	8.87	90
1.78	14.65	2.88	11.1	1631	9.87	5.89	91
1.34	15.49	2.56	10.49	1640	10.91	6.89	91
2.87	12.47	5.54	12.01	1948	10.47	7.11	90
2.87	14.91	2.7	15.12	2367	7.65	6.82	90
1.79	15.15	1.07	10.53	2897	10.01	10.65	91
2.74	13.68	3.58	12.84	2625	9.6	7.88	92
3.19	15.64	4.23	14	2385	9.6	10.99	89
4.58	16.36	2.82	13.26	2836	8.64	7.23	94
2.7	12.96	2.74	12.53	2554	8.81	8.51	89
1.57	13.15	4.22	10.74	1658	7.12	3.74	94
2.44	13.25	3.3	12.97	1396	7.38	7.8	93
2.78	16.91	3.1	11.83	2773	9.56	7.34	89
3.17	15.32	5.29	13.85	2174	8.97	6.16	89
3.75	12.9	4.71	15.63	1465	7.65	7.22	93
1.79	11.96	3.22	12.46	1396	8.38	7.67	99
1.7	15.48	2.54	13.83	2241	8.84	9.34	99
1.93	17.18	2.94	11.08	1868	9.58	8.85	99
2.58	16.57	4.16	10.5	3029	10.07	9.96	99
2.1	14.17	4.99	9.89	1143	10.41	7.72	99
2.6	16.41	4.97	11.21	1347	8.24	6.98	99
3.49	13.21	5.49	12.47	1347	8.09	5.96	99
2.35	17.57	2.77	10.31	2891	10.69	10.75	99
2.57	16.98	3.9	12.68	2256	9.04	7.45	99
2.37	16.52	3.37	10.79	2911	9.52	8.9	99
1.81	16.94	3.57	9.63	1765	9.12	6.87	100
1.03	15.2	2.87	10.68	487	4.93	3.69	100
2.43	13.03	5.02	13.58	1274	9.18	4.33	100
2.72	16.75	2.74	10.45	4048	10.97	6.76	100
1.41	15.67	3.8	11.66	1844	11.61	5.95	100
1.42	11.45	4.6	15.87	1695	8.67	5.04	100
1.2	14.49	3.82	11.59	1415	8.9	4.76	100
3.21	14.54	4.63	13.31	1059	8.03	5.27	100
2.46	14.72	3.08	12.21	2276	8.83	5.2	100
1.93	13.1	3.66	12.61	2077	8.67	5.82	100
2.35	14.35	4.41	11.61	1791	8.54	7.56	100
1.35	13.61	6.66	10.23	1036	7.63	3.88	100
2	15.06	3.48	9.25	2098	10.77	6.26	100
1.85	16.93	3.16	12.18	2439	10.74	5.11	100
1.96	14.6	5.14	12.69	2198	9.74	4.83	100
1.87	15.75	3.61	11.6	2190	9.91	6	100
2.37	14.81	3.78	10.71	2194	10.12	5.96	100
1.54	13.55	4.46	11.32	583	10.98	4.98	100
2.81	15.65	3.49	10.29	2205	11.56	7.35	100
1.99	16.57	3.98	11.78	1358	9.5	5.73	100
1.96	15.28	2.87	12.54	2193	7.93	6.41	100
2.66	16.06	3.35	10.63	1881	10.85	8.29	100
2.53	12.94	5.06	11.53	711	7.74	4.87	100
2.6	11.76	4.58	13.37	808	9.53	4.93	100
2.02	13.67	4.6	12.04	1587	9.33	5.17	100
1.73	14.12	4.71	12.3	1041	11.72	4.49	100
2.13	13.91	3.74	13.39	1927	10.17	4.17	100
2.37	13.01	5.48	12.36	1222	8.27	4.91	100
1.39	13.01	3.24	12.19	1945	9.2	4.9	100
2.79	12.3	3.55	11.72	1041	8.84	4.18	100
1.81	12.69	4.46	11.72	1434	9.83	4.24	100
2.09	12.88	2.25	13.03	1289	10.01	5.09	100
2.72	12.87	3.31	13.12	2386	8.76	6.47	101
2.97	12.8	3.02	13.21	2187	8.28	5.71	101
1.92	12.65	4.91	14.42	1304	8.51	5.09	101
2.57	14	2.51	12.5	3344	9.3	7.21	101
2.03	13.97	3.04	12.76	2069	9.67	7.04	101
2.98	11.45	3.59	13.01	1476	10.64	5.29	101
2.53	13.05	4.39	9.74	1663	11	6.4	101
1.79	12.05	2.18	14.35	2572	9.56	6.56	101
2.25	12.51	2.85	15.44	2487	10.74	6.53	101
2.93	12.15	3.09	13.65	1876	11.03	6.85	101
1.83	13.81	2.57	13.32	1637	7.94	5.49	101
2.57	11.45	3.29	14.17	1948	7.85	5.43	101
3.34	13.58	1.98	13.19	1767	7.92	5.27	101
3.02	11.98	4.15	12.54	1954	9.31	6.11	101
2.56	11.94	3.93	12.32	1834	10.41	6.11	101
1.35	11.39	4.14	13.5	1185	9.11	4.61	101
2.37	12.26	3.68	15.21	1900	7.47	5.49	101
2.18	13.11	4.66	11.51	1373	9.61	5.01	101
2.41	12.12	2.93	14.05	2079	9.48	6.22	101
2.52	10.9	4.35	12.05	2183	10.49	4.83	101
2.87	11.85	2.71	11.06	1916	12.27	6.03	101
2.72	12.79	3	13.3	1399	10.15	5.46	101
3	12.15	3.34	13.31	2066	10.21	5.89	101
4.33	18.07	4.83	13.09	2009	10.05	7	102
2.21	13.47	3.93	13.35	1678	7.99	4.5	102
2.11	15.76	2.87	14.25	3173	10.05	6.84	102
3.46	13.27	3.33	15.37	1620	7.78	5.91	102
1.33	16.51	2.33	13.66	3301	8.57	5.84	102
2.05	12.36	1.82	11.48	2970	11.72	9.87	103
2.26	12.15	1.85	10.74	3407	10.24	8.41	103
1.72	15.56	1.12	10.06	2327	13.11	8.08	103
1.35	14.53	1.82	10.09	2141	8.87	7.16	103
0.7	13.62	1.48	11.15	2431	11.39	7.55	103
1.18	12.65	1.71	11.52	1692	8.81	7.91	103
0.98	12.61	1.32	12.09	1737	14.34	7.62	103
1.86	17.43	1.37	10.44	1830	12.46	8.55	103
2.17	13.63	1.84	11.43	2494	11.55	9.27	103
1.58	14.29	1.64	9.17	1582	12.9	7.64	103
1.63	12.23	1.7	11.61	1292	11.3	7.22	103
1.2	13.13	1.93	12.67	1500	11.27	6.64	103
1.66	15.4	1.49	10.3	1747	16.37	6.99	103
1.84	15.18	2.39	8.57	1634	10.1	7.53	103
3.41	13.7	3.17	11.3	1292	9.67	6.59	104
1.7	12.85	5.22	11.09	1533	9.2	5.59	104
3.39	15.37	4.63	12.54	885	8.59	5.18	104
2.72	14.24	2.33	12.37	3863	8.41	5.78	104
1.76	16.59	3.21	10.96	1652	11.14	7.44	104
2.54	14.02	3.58	15.48	2125	10.12	5.38	104
2.43	13.11	2.86	14.62	3249	10.37	6.87	104
2.74	13.98	1.91	14.33	3935	6.53	6.56	104
2.28	12.94	2.88	13.89	3686	8.52	7.09	104
2.35	15.88	3.82	12.44	1833	10.64	6.36	104
2.82	15.24	3.02	13.7	2519	11.59	6.46	104
2.36	14.13	2.36	13.37	1698	10.9	5.76	104
2.64	13.13	3.99	14.42	1630	9.33	5	104
2.54	16.19	3.4	13.34	4175	10.71	7.47	104
3.21	17.62	3.5	17.12	1402	10.13	5.25	104
2.28	13.89	4.22	12.92	3197	7.85	6.52	104
2.24	15.49	4.3	13.57	2233	9.09	5.73	104
1.37	12.79	2.53	13.87	1384	8.74	6.62	104
2.91	15.2	3.87	13.6	2507	8.46	6.27	104
2.46	12.78	2.52	13.51	1628	7.99	5.69	104
2.14	12.85	2.84	12.32	1867	8.89	5.87	104
2.68	13.38	3.18	14.97	2645	7.64	5.37	104
2.05	13.68	3.72	12.89	2390	6.99	4.35	104
3.63	15.68	5.4	14.53	2092	9.7	5.17	104
2.87	13.93	3.85	14.42	1845	9.16	5.27	104
2.89	13.58	3.42	12.29	2253	7.15	6.65	104
2.63	15.03	2.38	13.62	2775	9.33	7.84	104
2.65	15.11	3.35	14.35	3130	9.52	6.52	104
2.29	17.43	4.05	14.14	2100	8.38	6.34	104
2.37	11.25	2.18	14.14	2107	8.54	5.18	104
2.2	13.18	4.51	12.39	1775	8.62	6.43	104
2.95	15.73	2.98	12.97	3224	10.45	7.24	104
2.66	13.17	3.27	13.02	1989	7.49	6.59	104
3.66	10.87	2.92	16.43	3220	6.68	6.64	104
2.76	11.35	2.88	14.36	1595	5.2	4.71	104
2.03	14.39	3.5	12.33	3740	6.23	5.29	104
1.46	14.73	2.64	9.36	2458	10.78	6.55	104
2.78	15.69	2.99	12.23	2339	13.3	9	104
2.08	12.73	3.29	12.38	1155	7.36	4.79	104
2.75	15.06	2.87	12.06	3167	9.47	6.3	104
2.47	14.26	3.93	15.82	2061	10.38	6.67	104
2.41	17.68	3.67	12.07	4847	9.14	8.73	105
3.6	18.24	3.49	14.8	3783	8.3	8.28	105
3.27	17.21	4.62	13.26	2963	10.06	7.32	105
2.25	16.28	5.04	12.52	1646	7.59	5.88	105
3.24	16.01	3.17	11.67	2966	8.06	6.74	105
2.48	17.28	2.64	11.12	1250	7.68	5.87	105
3.92	16.47	4.21	12.72	2398	9.38	7.14	105
2.96	16.55	3.01	13.93	2060	9.17	7.52	105
2.2	15.07	4.49	12.26	2316	9.84	6.85	105
2.11	15.63	4.79	13.12	1753	7.47	5.3	105
2.38	16.7	3.27	11.66	3275	11.76	9.28	105
3	19.94	4.57	11.77	2167	9.55	7.71	105
3.95	19.33	3.74	10.81	962	8.42	8.83	105
2.96	13.03	3.8	12.7	1788	6.82	9.99	105
2.5	16.97	3.59	12.62	1839	10.01	5.57	105
2.48	14.5	5.89	13.95	1290	8.29	5.84	105
1.89	12.89	4.25	12.56	2165	7.71	6.08	105
2.11	13.62	4.39	13.21	2460	7.6	5.54	105
2.26	14.69	4.07	10.36	2702	9.22	7.26	105
3.07	15.7	3.63	9.78	2312	8.87	6.92	105
3.26	18.73	3.86	9.31	2696	11.5	8.48	105
3.39	16.74	3.77	12.44	1326	9.28	7.53	105
2.56	18.31	3.65	10.36	3397	9.77	8.09	105
2.67	15.8	3.02	12.14	6259	9.07	6.39	105
2.52	14.48	2.91	12.23	4358	8.49	7.04	105
2.98	15.27	4.13	12.42	3123	9.8	6.57	105
3.29	12.02	4.27	12.78	2129	8.22	5.77	105
3.05	15.33	3.09	11.65	2231	9.68	6.36	105
2.86	13.84	5.34	12.79	1329	8.28	5.99	105
2.98	15.78	3.93	14.45	1578	10.27	6.49	105
3.06	14.68	3.89	14.55	2289	9.17	7.66	105
1.66	13.74	4.06	12.13	2416	9.69	6.23	105
2.66	15.15	3.38	11.57	3492	9.02	5.65	105
2.26	15.86	3.91	14.18	3095	9.18	6.74	105
3.15	15.19	2.42	18.22	2442	11.43	7.7	106
2.36	13.19	3.81	17.15	1312	10.44	6.43	106
4.16	12.64	3.29	15.06	1155	9.7	5.98	106
0.87	11.08	0.29	13.27	686	11.81	7	106
4.04	14.08	2.23	17.75	2152	8.74	8.21	106
4.19	12.99	3.98	16.44	1886	10.92	5.99	106
2.79	15.08	2.51	14.25	358	10.89	4.97	106
3.11	12.69	2.68	14.34	2538	10.4	7.01	106
3.4	17.2	3.8	18.8	500	13	6.02	106
2.66	15.94	2.93	12.64	3237	7.85	7.08	106
2.97	13.3	4.49	14.36	2828	10.4	7.07	106
3.02	13.95	4.56	15.48	2810	8.65	6.61	106
4.85	13.56	4.01	14.13	1918	9.96	6.68	106
2.81	16.61	1.85	12.67	5026	10.41	7.09	106
1.75	14.1	1.91	12.15	2979	10.51	8.1	106
2.78	13.13	2.86	17.26	1188	6.82	6.06	106
2.78	12.48	3.99	14.76	1402	8.77	5.63	106
1.8	12.15	2.12	14.76	1884	9.87	6.02	106
2.63	14.14	2.44	12.33	1598	10.14	6.77	106
2.49	14.84	2.15	13.7	1766	11.55	7.12	106
3.14	17.21	2.79	13.65	2865	11.34	6.65	106
1.62	13.18	2.83	15.93	1237	9.62	5.6	106
2.65	13.19	2.86	21.07	1433	10.54	5.85	106
3.74	14.12	1.61	18.96	1551	10.06	7.72	106
2.09	16.8	2.09	14.36	2006	9.67	6.73	106
3.98	15.55	2.49	14.51	6032	10.56	6.86	106
3.18	13.83	2.12	14.03	2545	9.82	7.6	106
2.6	13.57	2.65	13.05	1923	8.58	6.3	106
4.42	12.97	2.6	15.09	2035	9.48	6.85	106
3.06	15.79	3.15	13.7	2255	11	6.35	106
1.81	15.88	2.07	12.36	3091	10.32	7.71	106
4.26	15.75	2.09	12.75	2298	8.83	8.01	106
3.08	12.22	2.42	14.54	908	7.71	6.73	106
2.95	15.28	3.25	9.69	1662	11.13	5.91	106
2.28	14.09	4.53	13.55	2804	9.17	6.08	106
2.77	13.11	2.83	13.11	1625	11.02	6.42	106
3.17	13.76	2.19	17.79	1737	10.71	7.12	106
1.82	11.6	1.18	15.13	1699	10.59	7.58	106
1.56	13.63	1.95	12.68	2303	9.47	5.62	106
2.28	16.49	2.07	15.16	2850	11.79	8.21	106
2.8	13.01	2.39	17.21	1714	9.57	5.58	106
1.67	15.59	1.57	19.71	1020	12.65	6.54	106
1.81	12.57	1.6	14.17	1440	10.21	6.89	106
2.5	15.31	3.64	13.45	2803	9.6	7.3	106
2.51	14.35	3.28	15.72	2989	9.2	5.02	106
3.4	13.03	2.87	17.86	2088	10.63	6.14	106
2.32	17.24	3.43	14.82	1984	9.38	5.57	106
3.46	12.59	2.05	14.48	1271	8.03	5.94	106
3.08	16.26	2.96	16.26	2633	8.74	6.84	106
2.59	13.63	2.15	15.29	3440	9.39	6.81	106
3.06	13.19	2.55	18.17	1767	10.3	7.65	106
2.57	13.73	1.77	13.37	2491	10.8	6.75	106
3.82	15.7	3.19	16.16	1726	8.98	7.41	106
1.55	15.37	1.78	13.98	3026	10.28	7.26	106
2.82	13.79	2.15	15.65	2089	11.11	6.87	106
2.32	14.1	2.42	15.45	3056	9.82	5.69	106
2.77	13.89	1.93	17.65	3110	8.55	6.41	106
2.73	16.34	1.43	14.56	2307	9.84	7.64	106
2.54	13.63	3.16	15.61	1614	8.74	6.96	106
1.91	13.97	3.21	14.35	1310	9.77	8.34	106
1.5	15.42	2	15.65	1796	7.57	5.22	106
1.52	17.43	1.58	13.2	1515	11.29	7.35	106
2.8	15.75	1.75	14.18	1714	9.45	6.88	106
2.1	12.99	2.23	17.35	3188	10.07	8.2	106
3.61	14.62	4.09	16.1	1689	9.53	7.28	106
2.68	13.14	2.36	13.71	2123	12.25	9.27	106
2.31	12.13	1.57	13.12	3247	10.56	6.49	106
1.85	12.39	3.91	12.3	2276	10.11	6.69	106
1.78	16.64	2.23	11.69	2241	9.82	7.14	106
2.76	18.62	1.83	15.49	3008	9.81	6.77	106
2.54	13.33	3.11	13.85	1928	9.08	6.56	106
2.69	14.39	2.3	13.78	2301	10.69	8.62	106
2.19	13.67	2.58	14.26	2055	7.54	6.67	106
2.12	11.78	3.13	15.7	1885	10.13	6.14	106
2.94	13.02	2.52	16.08	1667	8.82	7.22	106
2.49	15.16	2.49	12.31	2526	8.04	5.94	106
4.1	14.41	2.05	12.42	3221	9.16	8.54	106
1.08	17.35	2.24	10.27	1383	8.03	6.81	106
2.46	17.53	3.55	14.46	2926	11.79	8.24	106
2.25	15.54	3.8	15.54	2265	9.8	6.97	106
2.09	11.82	2.25	14.44	1870	9.2	6.4	106
1.26	13.05	3.6	14.64	1195	9.62	6.1	106
3.97	11.58	2.33	17.74	1460	8.63	6.76	106
3.6	12.94	1.95	12.94	1693	8.68	6.51	106
2.45	15.29	2.13	13.41	3668	9.38	7.69	106
1.74	13.65	1.79	14.63	1839	9.95	7.69	106
2.14	10.53	1.88	14.73	1168	11.13	5.99	106
2.24	11.99	2.35	14.79	2677	10.83	6.48	106
1.36	13.1	1.95	12.09	2358	7.97	6.32	106
3.05	14.2	2.21	15.53	4790	9.77	8.34	106
1.96	15.21	1.48	15.09	3168	9.03	7.88	106
2.02	14.04	1.69	13.91	5386	10.49	7.63	106
1.79	14.06	2.96	13.56	2567	8.65	6.32	106
3.49	13.06	3.08	11.88	2466	10.34	8.14	106
3.01	11.76	2.3	13.22	2126	9.31	7.65	106
4.02	14.97	1.72	14.8	3087	11.53	7.08	106
2.69	14.73	2.42	15.05	6274	10.36	8.12	106
2.75	16.01	2.53	14.01	4661	12.16	6.03	106
2.95	15.02	2.81	13.49	2810	10.32	7.11	106
2.32	14.07	3.43	13.97	1983	9.28	5.18	106
3.17	12.64	2.34	15.04	1922	8.32	7.57	106
1.21	11.14	2.26	12.83	1239	10.41	6.26	106
2.67	15.13	1.21	13.88	2400	10	7.23	106
2.35	13.42	3.33	12.67	1744	11.87	7	106
3.29	10.82	2.3	15.82	2219	9.19	4.65	106
2.76	12.33	3.05	12.08	2757	8.16	7.81	106
2.83	13.29	3.89	12.35	2648	9.71	5.87	106
2.68	15.99	2.71	13.06	3102	9.41	7.85	107
1.79	16.28	3.45	11.43	3797	8.93	7.19	107
2.77	14.51	4.09	13.77	3102	8.99	7.32	107
2.71	13.62	3.51	12.78	3731	7.26	6.6	107
1.99	15.18	3.69	12.15	3169	8.77	6.7	107
3.74	16.39	3.88	12.33	2911	8.28	5.71	107
3.12	14.71	4.48	12.32	3012	10.92	8.03	107
2.06	15.64	5.16	12.46	2424	9.12	5.93	107
2.61	15.42	3.72	13.6	2530	8.54	6.11	107
1.86	16.35	4.11	12.93	3016	10.64	6.09	107
2.85	17.32	3.37	12.6	3620	10.22	6.28	107
2.55	16.44	3.12	13.25	4076	9.81	8.2	107
3.66	14.9	5.08	12.35	1967	8.95	6.32	107
2.29	12.09	1.53	12.03	1704	10.92	7.04	108
1.55	9.74	1.38	12.66	2393	10.11	9.38	108
3.15	13.11	1.32	14.87	1365	9.67	7.42	108
2.68	15.61	3.33	11.69	3241	13.7	8.4	108
2.41	10.95	1.86	14.75	2366	9.85	6.57	108
3	14.65	2.49	12.34	1167	11.31	8.77	108
2.06	11.44	2.01	13.74	3391	8.73	8.25	108
2.21	16.48	2.02	9.68	3658	11.76	6.79	108
2.68	12.89	2.24	11.9	5974	11.25	9.51	108
2.92	12.9	1.4	14.14	3635	10.01	8.26	108
3.21	14.72	1.89	12.35	4388	12.24	8.76	108
2.95	11.7	1.57	11.35	2035	10.76	9.33	108
3.55	15.58	1.62	10.23	2844	11.92	10.3	108
3.54	14.2	2	14.77	3500	12.83	9.56	108
3.14	13	3.14	10.87	1877	9.22	5.52	108
3.29	12.13	3.32	12.95	3158	11.21	8.31	108
2.36	11.65	1.82	12.73	2961	8.04	7.12	108
3.38	13.54	2.07	15.14	2364	9.73	6.87	108
3.76	12.28	1.92	16.21	1197	8.1	5.32	108
1.79	13.1	1.65	11.01	5266	11.72	9.02	108
2.77	14.61	1.83	9.9	2848	11.52	7.7	108
2.22	13.09	2.85	11.18	4239	12.69	7.05	108
1.53	14.68	3.01	11.39	1826	8.43	6.11	108
1.73	14	3.16	14.48	4329	11.25	6.93	108
2.62	14.95	2.87	13.79	3553	13.23	11.5	108
2.83	15.94	3.21	15.94	2121	10.37	9.22	108
2.31	11.23	2.56	16.84	1603	10.98	9.6	108
1.84	13.39	2.98	11.52	6477	12.64	7.64	108
1.38	14.97	3.28	15.4	2746	9.61	6.97	108
1.9	10.28	1.84	17.56	2995	8.55	7.86	108
2.4	15.61	2.74	10.17	2703	10.84	6.3	109
3.11	12.54	4	13.21	2249	10.58	5.81	109
1.57	12.77	3.58	11.58	1339	7.99	4.87	109
2.28	13.59	2.69	11.47	2458	9.32	6.59	109
2.31	13.76	3.21	14.03	2900	9.41	6.94	109
2.4	13.84	3.78	11.47	2537	9.62	5.82	109
2.77	14.36	6.9	13.11	1769	10.85	5.88	109
2.12	12.73	3.71	12.47	1131	11.67	5.92	109
2.11	14.48	3.03	14.11	2707	10.45	6.99	109
2.64	14.24	2.24	14.99	2008	10.56	7.38	109
1.42	11.95	3.02	14.41	2117	9.59	4.79	109
2.74	12.49	2.44	15.72	2627	8.07	6.01	109
2.18	12.32	4.52	13.87	2387	7.16	5.1	109
1.73	13.75	3.73	13.8	1797	11.85	5.76	109
2.23	14.02	3.97	13.15	2875	11.23	5.36	109
2.67	12.27	3.63	13.6	2176	12.09	6.76	109
2.44	13.51	4.26	12.16	1925	10.7	5.3	109
2.73	13.7	3.23	11.86	1577	9.07	4.91	109
3.19	15.05	3.7	11.67	2160	10.83	5.63	109
4.76	11.99	2.38	11.2	1009	11.79	5.97	109
2.51	13.85	4.39	10.72	1754	11.4	5.16	109
1.74	12.56	3.56	11.8	2245	10.51	4.5	109
2.04	13.37	5.69	12.14	1862	10.1	4.84	109
2.79	13.08	3.65	13.12	2469	10.9	7.37	109
4.03	12.8	2.7	13.67	3445	9.64	7.52	109
3.59	15.5	3.98	13.31	2510	11.27	6.68	109
2.23	13.88	4.84	15.53	1880	9.84	4.82	109
2.81	13.26	4.5	11.9	1244	13.59	5.9	109
3.8	14.95	2.06	14.08	1264	10.68	5.77	109
3.29	12.98	3.11	15.22	1702	9.11	6.12	109
2.81	14.62	4.03	13.67	2531	10.63	6.49	109
2.78	13.19	3.09	14.12	1296	9.34	6.51	109
1.6	14.37	2.84	14.59	1371	8.83	5.25	109
3.1	12.83	4.92	16.13	2034	10.77	5.93	109
2.85	14.12	3.78	14.05	1402	9.27	6.81	109
2.84	13.94	4.04	12.12	2080	9.66	5.17	109
2.34	11.89	4.52	11.48	1968	8.64	4.37	109
2.53	12.41	4.17	13.79	2328	11.68	5.45	109
2.69	15.32	2.94	15.57	3983	9.49	7.07	109
2.7	12.27	4	13.25	2151	8.88	5.52	109
3.25	14.24	3.21	13.66	2585	10.99	8.13	109
2.75	15.2	3.28	16.03	2652	11.12	5.64	109
3.18	13.29	3.46	15.44	2137	12.82	6.36	109
3.94	13.95	4.47	14.75	1878	11.93	6.61	109
3.01	12.62	4.19	13.1	1862	11.17	6.33	109
2.8	13.66	3.56	10.93	2643	10.56	6.61	109
3.24	11.42	2.74	13.04	3029	9.74	6.93	109
2.42	12.37	3.2	15.76	3097	9.53	6.33	109
2.49	13.51	5.82	12.9	2287	13.64	5.99	109
2.86	13.92	3.58	12.12	2623	10.56	5.7	109
1.74	13.84	4.03	13.56	1438	9.11	4.78	109
2.49	14.06	3.96	13.87	1565	10.67	5.38	109
2.34	14.31	4.5	13.07	2180	11.01	5.69	109
2.77	12.99	3.92	11.43	1478	10.69	7.07	109
2.4	11.7	3.36	12.25	2914	7.86	4.76	109
2.44	13.23	3.79	11.84	2086	10.31	5.11	109
2.65	10.47	3.57	10.59	1738	9.09	3.39	109
1.68	13.21	2.37	12.89	3459	8.47	4.81	109
2.14	13.09	3.62	12	2292	10.08	5.51	109
2.2	13.7	2.75	13.52	2869	9.1	5.76	109
3.2	14.05	2.83	13.49	5752	8.34	5.17	110
3.78	15.14	2.27	14.63	3567	8.44	5.77	110
2.28	13	2.37	13.05	4085	8.37	5.35	110
3.82	19.55	1.8	17.53	445	7.19	5.3	110
3.28	15.02	3.28	18.6	3382	8.07	6.87	110
2.53	15.8	2.1	12.39	4752	9.87	6.67	110
2.49	12.63	1.79	14.8	1568	8.1	5.66	110
2.61	15.44	2.05	16.35	4288	10.54	7.66	110
3.14	15.33	3.21	17.93	5259	9.55	6.33	110
2.97	15.08	2.87	13.83	2791	8.28	5.29	110
2.88	12.74	2.74	13.34	4379	8.5	5.33	110
2.78	13.62	3.95	15.12	1799	10.12	6.18	111
1.95	12.52	2.93	15.1	3172	8.98	6.65	111
2.9	10.87	4.64	16.09	690	8.41	5.15	111
2.38	13.72	3.82	12.97	1596	8.27	6.26	111
3.31	15.46	2.12	13.01	2690	10.74	7.87	111
2.09	14.31	2.77	12.29	5737	10.41	8.58	111
1.25	12.34	1.62	15.96	802	8.85	6.22	111
3.48	13.69	1.74	13.01	3682	8.72	7	111
2.98	12.49	2.65	13.91	2114	7.81	6.91	111
3.83	12.62	2.63	15.19	1751	8.28	6.14	111
2.81	13.43	2.27	16.3	3350	10.45	8.05	111
1.85	15.7	2.49	15.03	3127	8.31	7.72	111
2.22	12.55	2.9	12.99	2518	10.44	6.13	111
2.36	13.8	2.23	14.06	3094	7.24	6.67	111
2.67	12.08	3.2	13.61	2624	10.14	5.38	111
2.06	13.46	1.58	13.18	2474	8.89	6.8	112
2.11	17.17	1.98	14.6	2370	9.07	7.8	112
1.85	15.34	2.93	10.55	1943	10.19	7.65	112
1.71	15.25	3.35	15.32	1403	9.91	6.81	112
2.35	15.7	3.39	10.32	2510	9.48	6.99	112
2.46	19.58	3.47	13.65	1670	11.32	8.84	112
2.69	17.58	3.3	10.57	1485	8.75	6.06	112
1.93	15.5	2.57	12.12	1865	9.28	6.86	112
2.61	14.92	2.53	11.85	2413	10.15	8.97	112
1.54	14.96	1.97	12.68	1624	8.81	7.55	112
2.82	14.25	1.97	14.84	3194	8.45	7.64	112
1.98	15.29	1.56	13.45	1413	10.54	6.42	112
2.49	17.73	3.51	12.12	1568	11.93	5.94	112
1.73	13.6	3.29	13	1154	9.19	5.92	112
1.69	13.86	2.23	12.81	2194	10.71	6.49	112
3.16	11.79	3.67	13.34	3350	7.91	6.45	113
3.33	11.93	2.83	12.21	2792	9.1	7.1	113
3.5	12.7	3.29	11.87	3858	8.53	6.93	113
2.8	12.72	4.86	14.32	2389	8.41	6.42	113
2.57	16.28	2.78	13.01	3274	9.87	6.97	113
3.18	13.33	2.73	13.4	4029	7.79	6.6	113
2.68	15.02	3.14	11.39	2836	9.63	7.64	113
2.83	12.51	3.38	13.44	2366	9.13	7.37	113
2.94	11.56	4.43	13.93	1601	9.18	5.34	113
2.53	15.83	2.65	10.87	3165	9.83	7.97	113
2.39	13.09	2.84	13.71	3522	7.89	7.59	113
2.69	14.7	3.04	12.49	5094	9.44	7.19	113
2.64	14.24	2.94	14.66	3329	9.58	7.1	113
3.12	11.41	3.96	14.84	1893	7.08	5.81	113
3.24	16.9	3.51	12.55	2533	9.47	6.86	113
3.48	15.89	3.19	11.81	4707	10.64	8.65	113
3.14	15.3	4.69	12.12	2772	9.67	5.69	113
2.01	12.47	4.69	12.87	746	8.18	5.37	113
3.06	15.99	3	14.09	3101	8.74	8.5	113
3.6	14.46	2.59	13.53	4086	9.15	7.01	113
3.72	14.72	2.89	13.86	3499	8.57	7.32	113
3.69	10.75	3.12	12.36	1926	7.48	6.15	113
2.87	14.58	3.37	12.07	3141	9.74	5.89	113
2.66	13.61	3.69	11.64	3196	8.98	7.21	113
1.89	15.58	4.17	14.96	2112	6.34	6.05	114
2.8	14.37	3.43	11.52	1893	9.46	6.42	114
2.43	15.67	4.39	13.71	3574	8.28	6.23	114
2.04	16.12	5.18	13.55	1911	10.83	10.06	114
3.06	14.32	4.43	16.56	1962	8.66	7.85	114
1.63	12.41	4.81	12.26	1289	7.99	5.6	114
3.23	15.8	3.27	12.65	2633	9.95	9.27	114
2.08	12.86	4.01	12.56	2643	8.78	6.05	114
2.66	13.48	4.57	14.55	2144	6.9	8.06	114
2.74	15.55	4.34	14.16	2881	10.66	8.86	114
2.84	14.78	5.05	11.23	1407	9.17	6.7	114
1.9	15.87	4.72	17.42	1739	9.95	8.36	114
3.08	16.1	4.64	11.04	1658	9.83	6.38	114
1.16	16.05	2.37	12.43	2237	8.67	7.19	114
1.85	15.37	4.86	11.12	1295	8.26	7.94	114
1.97	15.58	7.53	12.5	1168	9.93	5.08	114
2.73	15.75	2.87	14.47	2267	8.25	8.07	114
2.48	14.3	2.84	11.9	2504	7.79	7.36	114
2.17	16.83	3.44	15.86	1337	9.35	8.2	114
2.38	12.53	5.81	14.63	1429	8.33	6.11	114
1.58	11.85	2.59	14.06	1586	9.08	5.36	114
1.54	14.77	3.42	14.44	2078	8.95	5.45	114
2.33	17.29	3.64	14.52	4118	8.64	8.91	114
2.56	14.37	6	11.38	1134	9.17	5.11	115
2.76	15.91	2.96	16.25	2062	8.29	5.81	115
3.42	14.08	2.71	13.43	4126	10.16	6.95	115
3.34	12.87	3.39	11.6	2035	9.39	5.14	115
2.13	13.14	1.91	16.01	1880	10.37	6.76	115
3.11	14.62	3.35	14.72	2059	9.76	5.83	115
3.1	11.05	2.13	14.73	516	4.26	3.29	116
2.32	12.57	6.89	15.72	1336	7.63	4.47	116
3.25	12.02	4.11	12.4	1847	7.36	5.94	116
2.02	13.79	5.12	12.15	1835	7.36	6.18	116
3.03	13.56	3.91	12.99	1586	7.63	5.05	116
2.9	12.76	1.9	14.76	1998	8.26	5.5	116
3.21	14.34	4.92	13.41	1932	9.52	5.49	116
3.07	15.16	2.45	13.56	1431	8.11	4.22	116
2.03	11.92	5.81	16.93	1376	8.07	4.35	116
3	15.38	4.89	14.2	1268	8.91	4.77	116
2.4	11.58	4.95	12.96	1373	9.25	3.99	116
2.81	13.19	2.69	12.39	1744	9.17	4.63	116
3.35	10.61	6.07	15.68	1103	7.25	4.31	116
2.58	11.28	3.54	11.28	931	10.31	3.88	116
3.14	12.88	3.93	12.33	1273	8.72	3.95	116
2.18	12.75	4.1	12.75	1929	9.38	6.77	117
2.74	13.71	2.01	19.83	2042	8.47	6.28	117
2.57	11.67	3.95	14.55	1594	8.85	6.08	117
1.81	13.18	4.18	14.34	1988	9.1	5.57	117
3.38	11.66	2.99	13.52	2574	8.08	5.92	117
3.37	9.1	2.45	20.14	978	6.13	4.82	117
2.09	13.72	2.79	13.23	1436	9.47	4.69	117
4.12	13.33	3	16.4	1433	9.98	6.02	117
2.71	14.65	3	14.59	1700	7.35	4.93	117
3.5	14.25	2.47	17.55	2028	8.04	5.62	117
1.47	12.59	3.26	16.12	1501	10.06	5.36	117
3.09	15.45	5.48	15.45	1003	8.97	6.15	117
2.26	12.68	3.13	13.21	1151	9.9	5.99	117
2.66	12.43	4.57	14.45	1730	7.4	5.1	117
1.08	10.6	4.14	13.42	1207	9.03	4.73	117
1.8	11.45	3.47	14.16	777	9.78	4.92	117
2.25	14.37	5.16	16.4	1823	11.3	5.84	117
1.54	12.26	3.54	12.72	1101	6.72	5.79	117
3.15	14.12	3.95	12.43	1239	8.23	4.78	117
2.07	12.8	3.93	13.8	1500	6.93	4.73	117
3.06	13.35	4.83	16.25	1243	7.56	4.99	117
3.31	13.63	4.01	14.33	1570	7.2	5.69	117
1.87	13.44	3.27	12.61	1927	10.9	6.2	117
3.04	13.98	2.6	14.14	1810	9.94	5.92	117
2.59	12.55	3.46	14.13	1968	11.59	5.41	117
1.76	10.95	4.43	14.72	1196	8.19	4.4	117
2.53	12.67	3.3	14.61	1697	8.54	4.99	117
2.57	11.98	4.36	17.52	1010	7.72	4.79	117
1.64	12.76	3.58	14.93	1340	8.81	4.51	117
2.19	12.92	3.4	15.63	1324	7.78	5.68	117
1.85	10.96	2.89	12.74	1350	8.89	5.27	117
2.02	12.14	2.45	13.95	939	12.35	5.94	117
2.16	12.22	3.24	13.55	1203	8.81	4.68	117
2.63	12.69	4.32	12.78	1064	9.49	5.19	117
3.19	13.05	4.2	15.15	1096	8.67	4.81	117
3.35	13.51	2.29	16.73	1614	9.91	5.19	117
1.6	11.66	4.15	15.01	1879	8.52	5.28	117
2.65	11.49	3.53	16.13	1358	7.29	5.16	117
3.59	12.8	4.93	13.25	2476	7.88	5	117
3.03	13.07	3.22	15.84	1553	7.34	6.04	117
1.89	13.58	4.23	13.22	1112	8.36	4.15	117
3.16	12.58	3.37	14.13	1423	9.21	5.69	117
2.6	11.2	3.76	18.42	1384	8.67	5.58	117
2.62	14.83	4.76	14.04	1261	9.91	5.04	118
2.4	14.36	2.66	14.93	1581	7.46	6.43	118
2.58	15.48	3.78	11.76	3095	10.63	7.7	118
2.55	17.47	4.94	13.84	1843	9.55	6.36	118
2.06	13.91	5.72	12.84	1503	9.25	7.3	118
1.83	13.8	4.39	11.33	1094	13.07	6.22	118
2.69	14.41	3.5	10.44	2568	7.87	7.4	118
1.66	14.56	4.89	11.63	2047	11.38	7.28	118
2.44	14.91	4.14	10.62	4594	10.3	7.06	118
2.45	15.46	3.02	11.77	4204	9.8	8.23	118
4.4	13.07	2.5	12.15	3161	11.2	7.32	119
3.79	12.37	2.9	14.16	897	8.25	4.85	119
3.56	15.69	3.51	10.89	1937	9.55	5.76	119
3.02	13.46	2.24	12.91	2185	9.75	6.45	119
2.66	15.29	3.16	13.03	2440	11.07	5.53	119
2.77	13.71	2.21	13.04	1948	9.45	6.74	119
4.73	13.51	2.7	13.38	1629	10.44	6.79	119
3.05	13.24	3.4	12.83	1707	10.25	5.33	119
3.85	14.74	4.05	13.93	1974	11.45	5.98	119
3.26	13.46	2.64	13.72	2237	9.83	7.38	119
3.55	13.51	2.67	13.86	2057	10.06	5.84	119
3.11	13.93	2.89	13.8	2218	10.23	5.75	119
2.74	16.42	3.01	9.8	2193	11.17	7.56	119
2.57	16.98	4.11	10.91	2456	9.85	7.51	119
2.39	12.13	4.17	11.62	3142	9.36	5.53	119
2.34	15.08	3.72	10.6	4537	9.61	5.44	119
2.44	14.11	3.49	13.11	4295	11.08	7.39	119
3.67	12.3	3.67	14.75	1471	11.83	6	119
2.88	13.3	3.86	13.3	1737	7.43	4.51	119
2.34	14.41	5.52	13.45	2609	8.55	6.11	120
2.76	14.82	4.03	10.76	3002	9.29	5.89	120
2.43	14.53	3.94	11.41	4040	9.68	8.26	120
2.63	15.28	3.51	11.77	3194	9.33	6.52	120
2.47	16.51	3.45	11.34	5512	9.8	8.61	120
2.25	13.82	3.71	11.45	2750	8.98	6.21	120
2.77	14.04	3.13	13.68	3932	9.41	7.48	120
2.93	14.33	3.78	13.54	3545	10.66	7.83	120
3.01	14.04	4.14	13.56	3384	8.1	6.24	120
2.79	16.25	3.9	11.2	2259	8.54	6.57	120
3.4	13.07	3.4	13.67	1178	9.59	5.72	121
2.42	13.1	2.9	13.78	2519	10.56	7.63	121
2.89	12.2	2.8	14.43	1213	9.32	6.59	121
2.62	12.98	2.27	13.55	1410	9.29	5.85	121
4.18	11.97	2.71	16.02	2247	10.1	6.07	121
2.61	13.64	3.41	12.75	2258	10.45	6.64	121
2.46	14	3.05	16.86	2035	8.26	6.19	121
3.65	13.43	2.74	12.61	4163	10.28	7.75	122
3.04	13.99	2.61	14.81	3031	10.36	7.67	122
2.9	13.84	2.28	12.92	4992	10.28	9.87	122
3.64	14	2.83	14.93	4092	9.38	8.14	122
2.51	14.04	2.72	12.31	3233	9.93	7.18	122
3.66	12.99	3.33	14.19	3664	8.84	8.44	122
4.16	14.53	2.56	14.29	6179	14.16	9.06	122
4.11	13.53	4.44	11.21	2409	10.42	8.67	122
4.18	12.7	2.67	12.2	3827	9.17	9.84	122
2.95	13.82	3.22	13.92	2982	9.09	7.79	122
2.98	12.72	2.78	14.03	2516	9.54	7.94	122
4.12	13.35	2.98	11.65	2352	10.37	9.05	122
3.11	13.24	3.92	14.05	2576	8.46	8.7	122
3.06	14.13	3.89	13.3	2647	9.33	6.36	123
4.08	17.23	2.37	12.46	3796	9.59	7.73	123
3.14	15.23	2.63	12.61	2895	8.08	5.96	123
2.42	16	2.12	10.73	1650	9.03	7.71	123
2.33	13.15	2.29	12.63	2487	8.28	6.33	123
2.63	14.79	5.01	12.08	2657	8.69	6	123
2.98	16.45	3.93	12.03	4862	8.6	6.46	123
3.21	17.1	3.74	15.34	1310	9.31	7.66	124
3.36	15.3	1.95	11.74	1490	11.61	7	124
3.67	14.23	3.52	11.84	1335	9.96	6.51	124
2.55	14.37	3.33	14.51	1413	11.89	6.28	124
2.37	15.09	2.84	11.57	1902	11.93	9.8	124
3.41	15.64	2.57	13.7	2372	8.9	5.7	125
3.18	15.32	3.82	16.01	2043	9.4	6.33	125
3.74	14.66	3.4	15.8	2380	9.45	5.32	125
1.77	17.19	3.77	13.87	1803	9.48	5.72	125
3.34	15.32	2.67	16.97	2663	9.31	5.54	125
3.93	15.38	3.68	18.22	2470	7.49	6.04	125
3.34	15.94	3.08	13.37	1945	10.33	7.05	125
2.82	14.46	3.49	13.81	3265	9.25	5.77	125
4.08	13	4.02	15.01	1692	9.28	5.44	125
3.56	12.78	2.71	13.91	1768	9.5	6.75	125
3.52	12.12	3.93	15.43	2417	6.29	5.21	125
4.63	13.4	2.42	13.65	3305	8.11	5.5	125
4.13	15.86	3.95	15.07	2302	9.17	5.66	125
2.57	14.96	3.81	13.37	2259	9.34	5.16	125
2.37	15.33	3.16	14.58	2785	10.45	6.48	125
3.57	13.98	2.61	13.62	4486	9.01	6.96	125
3.88	15.53	4.42	14.1	1674	10.99	6.07	125
3.84	16.51	3.56	13.92	4275	8.05	5.73	125
3.56	12.81	4.06	14.69	1600	9.38	5.5	125
3.41	14.53	3.06	14.46	2876	9.21	5.71	125
3.92	16.6	3.46	14.6	2602	9.03	6.12	125
3.47	15.76	2.8	17.26	1929	8.61	6.77	125
4.29	12.86	3.22	15.86	1866	9.81	4.95	125
2.42	17.3	4.08	15.1	1815	10.58	5.73	125
3.59	15.15	3.23	17.63	1980	9.44	5.95	125
3.6	16.1	2.75	14.72	3527	10.07	7.33	125
1.86	18.58	4.04	12.28	1238	11.39	5.92	125
3.78	13.34	6.4	18.97	1297	9.87	5.07	125
3.48	15.32	3.41	16.2	2814	10.2	5.83	125
2.64	15.27	2.96	15.54	2233	10.03	5.35	125
4.72	13.54	3.4	16.06	1588	8.82	5.33	125
2.85	15.12	4.12	14.27	3055	10.08	6.74	125
3.57	13.71	3.98	15.08	3414	8.67	5.74	125
4.39	16.91	3.03	15.77	3005	7.79	7.37	125
3.57	16.36	3.29	14.93	2519	10.36	7.12	125
2.78	13.2	3.91	13.2	1765	9.63	6.24	125
3.37	15.08	2.64	14.01	3176	9.38	5.79	125
3.48	14.54	4.18	16.11	2297	9.84	7.51	125
3.32	13.41	4.04	12.29	2229	8.3	6.07	125
3.44	13.43	4.09	12.45	2152	8.55	5.6	125
3.54	13.3	4.29	16.57	1865	7.13	4.96	125
3.76	15.32	4.89	13.72	2820	8.09	5.5	125
3.09	14.09	2.29	14.82	2747	8.15	6.7	125
2.71	14.1	5.02	15.39	1475	8.14	5.74	125
2.4	19.35	4.35	11.82	1793	10.93	8.54	125
3.31	14.6	5.1	18.08	1842	9.17	5.79	125
2.3	14.93	4.91	17.34	2566	9.04	7.61	125
2.77	12.36	3.46	16.96	1910	8.38	6.82	125
3.25	14.13	4.2	13.9	1784	8.74	6.78	125
3.91	13.65	3.91	13.93	2074	7.28	5.43	125
4.26	16.27	4.4	16.62	1432	7.26	5.53	125
2.65	14.88	2.97	14.92	2493	9.67	5.7	125
2.63	18.59	4.27	16.92	3652	10.1	6.75	125
3.57	12.69	2.62	14.37	1907	6.4	7.28	125
1.12	12.29	2.65	13.35	1700	11.47	5.65	126
2.66	15.59	3.71	11.88	2290	8.95	6.12	126
3.04	12.04	4.64	11.81	1744	8.94	6.08	126
2.34	14.15	4.14	14.9	2268	8.29	8.04	126
2.6	14.69	2.89	11.28	1729	8.5	5.63	126
2.68	13.41	3.21	11.14	1715	6.47	5.04	126
2.56	12.82	5.47	11.79	1170	6.32	3.37	126
1.83	13.61	4.79	11.37	1962	8.46	5.82	126
2.62	13.87	5.24	10.1	1564	9.72	5.36	126
2.08	14.37	3.03	11.68	2311	7.66	6.62	126
1.61	14.87	3.12	13.88	1923	6.97	6.12	126
2	12.01	3.62	10.58	1049	8.29	5.93	126
2.27	14.13	4.2	13.05	1762	7.43	5.46	126
1.13	10.01	3.67	9.87	709	8.89	6.39	126
2.75	15.23	1.99	11.32	1307	8.42	7.14	126
2.66	13.87	2.99	10.32	2142	7.24	6.32	126
2.02	12.03	4.36	12.99	1239	8.96	6.01	126
2.67	14.77	3.39	13.1	1801	8.16	5.36	126
1.43	10.69	4.04	11.08	767	8.47	4.15	126
3.78	16.66	2.16	10.72	2593	11.42	6.06	126
3.59	14.13	4.05	12.36	1755	9.69	6.78	126
2.33	14.95	4.9	11.9	1244	8.2	6.07	126
3.87	10.77	7	11.05	1086	7.27	4.98	126
2.33	15.29	4.73	11.24	1628	7.99	5.5	126
4.38	12.59	3.21	13.3	1120	8.04	4.98	126
2.58	15.09	3.79	12.35	1239	7.59	4.64	126
2.4	11.54	5	11.84	1959	6.94	4.3	126
3.5	13.42	2.78	15.05	2086	9.11	6.64	126
2.65	10.84	4.34	13.33	1245	8.76	5.25	126
2.73	15.08	3.8	15.94	1393	7.68	5.85	127
2.38	15.04	2.89	11.44	1975	7.49	4.41	127
3.34	14.6	3.48	14.83	2158	8.71	5.91	127
2.82	16.12	2.75	13.05	2729	8.46	5.69	127
3.09	14.39	2.91	13.93	4565	9.2	7.2	127
2.73	12.69	4.47	12.18	3152	6.38	4.37	127
2.24	13.84	3.92	13.36	2320	10.56	6.61	127
2.36	16.14	3.16	11.97	3642	9.23	6.69	127
2.93	13.42	2.83	12.83	3070	8.08	5.28	127
2.06	13.72	2.31	11.66	1647	8.86	7.1	127
2.06	16.01	3.6	12.32	2086	6.47	4.52	127
1.99	14.19	2.78	12.32	2410	10.04	5.13	127
3.61	17.3	3.69	9.43	2439	8.98	11.24	128
3.74	15.51	3.6	12.27	2192	8.35	7.51	128
2.84	13.86	2.59	12.67	1934	9	6.62	128
2.96	14.04	4.52	12.77	1417	7.83	5.56	128
2.73	16.13	4.39	12.61	3441	8.46	5.86	128
3.91	17	3.64	13.62	2224	8.32	8.03	128
3.33	14.79	3.6	10.89	3003	8.46	9.38	128
3.32	16.02	2.92	10.61	2291	9.38	8.91	128
2.86	16.95	3.52	9.79	2554	8.65	7.96	128
2.63	18.19	2.9	9.78	5921	10.27	8.88	128
1.5	15.2	3.38	12.57	533	9.76	4.59	128
4.13	16.8	4.29	14.86	3197	7.32	10.95	128
2.82	14.04	3.67	11.05	2372	6.87	6.92	128
3.68	14.33	3.3	12.66	2093	8.17	6.12	130
2.56	15.66	2.31	11.67	4457	8.3	6.61	130
2.09	14.72	2.56	16.05	1053	7.98	5.19	130
3.44	14.53	3.67	9.38	2643	8.59	6.01	130
2.82	15.44	3.77	10.42	3186	9.57	6.45	130
1.6	16.06	3.7	10.88	4752	9.62	7.88	131
3.21	16.25	2.48	11.52	5445	8.96	9.52	131
3.08	16.73	3.03	12.62	6956	8.94	10.14	131
1.41	16.36	2.41	10.56	4737	8.97	8.22	131
2.48	15.68	3.34	10.9	6826	9.1	7.02	131
2.03	17.23	3.52	11.67	6018	9.5	7.53	131
2.73	14.94	3.45	12.2	4318	8.31	6.45	132
3.39	13.23	3.07	11.43	7104	9.36	5.56	132
3.56	15.91	3.64	12.07	3571	9.83	7.44	132
2.12	16.55	3.21	10.97	1650	11.39	8.51	132
2.39	12.49	3.95	10.98	1922	7.34	4.53	132
2.76	12.95	4.54	13.21	1521	6.77	4.64	132
2.92	13.63	5.84	12.29	1644	5.9	4.55	132
2.2	17.5	3.39	11.31	2360	9.49	5.04	132
2.78	14.54	4.02	11.62	2263	9.41	5.89	132
2.76	14.82	2.85	10.4	2355	8.41	5.55	132
1.28	13.72	2.36	14.05	1480	6.35	4.61	132
3.05	12.26	5.03	15.24	1411	6.95	4.16	132
2.79	13.42	3.3	13.18	2907	8.12	5.05	132
2.55	17.13	3.93	11.36	4910	11.38	7.02	132
3.45	14.03	3.21	12.35	6066	7.73	7.33	132
4.1	14.51	2.07	13.86	2171	10.73	10.69	133
3.12	14.3	2.1	12.3	2951	9.66	9.34	133
3.26	17.66	3.54	11.42	2514	10.38	7.48	133
3.1	12.21	2.25	15.13	2227	9.12	7.35	133
2.05	11.2	2.92	12.79	3456	9.52	6.61	133
1.86	12.59	2.59	12.77	3861	8.44	6.31	133
1.97	14.99	1.99	14.65	5037	10.46	7.45	133
2.04	14.31	3.34	9.83	2005	8.88	6.77	133
3.07	18.26	3.8	10.45	1369	12.2	8.01	133
2.31	13.88	2.86	12.11	3674	8.74	6.09	134
1.68	15.84	2.69	11.17	2266	11.12	6.35	134
2.34	15.53	2.69	15.44	3381	8.4	6.6	134
2.78	13.21	2.44	13.09	3240	8.92	6.88	134
2.67	14.44	3.68	14.09	2881	7.91	5.36	134
2.23	12.62	4.08	15.12	1078	7.51	4.42	135
2.29	14.57	3.96	17.87	2574	9.01	5.67	135
1.78	13.38	3.14	13.2	2137	7.49	5.22	135
2.44	11.76	6.52	15.95	859	8.03	4.45	135
2.21	15.64	4.26	17.13	2487	7.68	4.67	135
2.44	14.81	4.36	15.53	1971	8.88	5.66	135
2.71	15.01	3.04	12.47	1845	9.92	6.32	135
2.34	14.43	3.41	13.16	3548	8.65	6.17	135
2.53	11.75	4.42	11.14	2647	9.48	6.27	139
2.36	9.91	3.6	10.27	1695	9.5	5.06	139
2.19	10.03	6.07	10.37	1186	9.44	4.61	139
2.14	14.32	4.8	10.26	1355	10.92	5.09	139
3.02	13.52	4.22	10.79	2418	10.17	6.01	139
2.79	14.42	3.51	10.87	2761	12.21	6.18	139
2.31	13.56	3.56	10.2	2559	10.79	7.59	139
3.04	12.18	3.64	11.05	1511	9.79	6.46	139
2.08	22.47	2.57	11.18	3702	11.29	8.86	140
1.17	15.47	4.91	12.81	937	7.9	4.26	140
3.33	14.93	3.06	13.19	1440	10.42	4.78	140
2.91	18.13	2.86	12.46	4053	9.67	7.33	140
2.91	15.55	2.22	12.96	3743	7.96	6.15	140
1.66	14.52	3.31	11.5	2052	10.19	5.07	140
2.49	17.42	2.71	10.94	2285	10.59	6.72	140
3.45	15.25	2.82	12.06	1882	10.31	7.32	140
1.95	16.26	3.35	11.79	1433	9.91	5.33	140
1.17	15.4	4.08	10.05	2130	9.86	6.03	140
1.97	16.52	2.98	11.39	5126	11.76	5.97	140
2.07	14.18	2.27	10.03	6751	11.26	6.4	140
2.89	14.65	3.27	11.25	2907	12.35	8.35	140
1.83	13.22	3.05	9.81	2784	9.73	8.05	141
1.85	15.52	2.19	10.75	2055	8.52	8.71	141
1.66	14.18	3.22	9.12	1086	9.58	4.6	141
2.66	16.61	2.8	11.02	2895	10.02	6.62	141
2.34	14.04	2.51	9.88	5051	9.98	7.37	141
2.68	16.19	2.79	9.42	2835	9.1	9.17	141
1.82	17.07	1.7	11.42	2531	10.27	7.93	141
2.6	14.63	1.67	10.8	3658	9.51	7.93	141
1.33	13.98	3.21	14.54	1431	9.22	6.36	141
2.5	13.18	3.22	11.17	2239	9.83	5.94	141
2.56	12.88	2.35	9.55	3362	9.13	6.76	141
2.04	13.68	2.91	11.57	1374	9.83	5.45	141
1.62	14.06	1.98	10.34	2475	9.09	5.94	141
2.18	15.27	2.52	9.64	2895	9.15	7.85	141
1.38	16.05	2.03	10.27	2318	9.49	6.94	141
2.13	15.85	3.28	9.28	1218	10.92	5.69	141
1.38	14.13	3.32	9.47	2322	10.38	6.05	141
2.18	15.91	2.61	10.53	5178	9.77	8.75	141
2.25	14.09	2.05	9.17	3066	9.39	5.22	141
3.04	11.77	3.48	12.43	2269	7.32	6.65	142
1.76	13.13	3.36	11.37	3245	7.49	5.6	142
2.9	12.87	3.22	11.24	2207	8.74	6.42	142
1.76	15.13	1.83	9.24	2955	7.99	7.82	142
1.87	18.54	3.53	11.22	1872	11	8.79	142
1.92	18.18	3.57	11.3	1876	11.03	8.23	142
2.1	14.19	3.05	10.88	3051	9.41	6.56	142
