2.05	14.65	3.01	5.82	70.66	60.77	2293	9.81	2
2.44	14.46	4.75	3.29	89.26	56.41	1473	10.52	2
2.22	15.05	2.9	7.98	89.3	43.83	1894	10.3	2
2.17	13.83	2.77	1.91	92.77	61.05	1012	9.78	2
1.7	13.88	3.18	6.28	87.26	61.95	1354	7.75	2
2.69	15.62	2	6.81	78.56	56.35	1300	9.46	2
2.85	15.81	3.69	5.76	73.19	49.84	2492	13.96	3
2.52	10.81	2.7	7.04	98.03	49.56	1628	9.83	3
2.39	14.88	4.03	9.41	92.41	65.21	1465	9.15	3
2.23	13.68	2.88	26.77	91.37	68.73	1528	11.45	3
2.54	13.82	2.72	8.08	96.01	50.52	2721	11.54	3
2.46	13.59	1.77	17.63	95.36	60.18	2436	10.47	3
2.05	12.7	2.87	16.44	91.51	52.84	1464	13.39	3
2.96	13.29	3.86	16.05	89.78	74.62	3009	11.33	3
2.19	12.55	5.09	8.18	96.67	39.69	1139	9.13	4
1.86	14.04	2.69	11.52	93.24	44.22	2044	10.96	4
4.13	12.24	2.77	14.59	96.05	62.26	1986	12.94	4
3.11	16.19	3.2	10.23	79.88	58.77	2378	13.5	4
2.24	13.62	2.9	12.14	76.46	51.02	2415	15.11	4
1.93	15.19	3.92	14.63	70.23	47.2	1810	14.31	4
3.74	17.49	3.74	11.29	94.9	75.31	1229	12.04	4
3.58	14.55	3.36	7.77	93.29	35.07	1368	12.21	4
3.2	15.87	3.79	7.48	94.34	45.28	1689	11.25	4
3.25	16.55	3.53	13.14	84.63	42.3	3173	16.89	4
3.36	12.97	1.84	6.15	82.08	62.37	1249	7.77	5
2.45	11.62	3.09	15.5	90.23	68.16	1713	10.1	5
2.79	8.13	3.03	16.92	96.12	61.28	1254	11.96	5
3.03	11.68	4.69	6.77	91.57	71.62	1387	9.73	5
2.96	10.99	2.12	17.27	85.66	62.75	2265	12.27	5
3.77	10.63	3.77	5.24	90.22	58.6	1646	10.27	5
4.67	11.16	1.75	9.61	97.69	43.99	1371	10.07	5
1.8	13.1	2.29	16.23	90.11	51.7	2054	7.98	5
2.63	10.22	2.67	7.89	87.69	72.25	2358	10.6	5
2.48	11.21	3.08	17.4	88.37	46.51	2177	9.23	5
2.91	13.54	2.73	8.55	90.56	58.81	1721	12.38	5
1.25	12.5	3.59	14.31	95.53	33.56	640	7.5	6
1.6	9.77	2.19	17.26	99	11.04	686	11.95	6
2.48	12.1	3.35	6.44	97.83	8.58	926	8.21	6
3.04	14.16	3.96	3.25	97.92	18.06	657	12.33	6
3.25	14.94	1.95	1.62	99	48.88	462	10.61	6
1.41	10.83	2.83	3.87	99	26.14	637	11.15	6
1.95	13.32	2.13	7.54	97.35	49.98	563	10.3	6
1.78	11.09	2.72	9.19	99	19.01	956	11.4	6
2.04	12.02	4.54	5.9	97.7	53.44	441	10.2	6
2.7	12.46	3.32	3.99	85.95	47.36	963	9.35	6
1.74	13.9	3.95	5.55	94.02	32.64	633	10.11	6
2.83	11.3	3.48	16.61	95.02	16.83	460	10.22	6
3.51	13.2	2.45	13.81	91.94	41.12	1795	10.7	7
2.33	12.58	3.68	7.86	93.18	33.98	2663	11.12	7
2.76	12.18	1.95	16.85	97.57	59.46	2464	10.35	7
2.26	12.39	2	10.79	94.61	56.36	3447	11.05	7
2.45	14.79	3.42	13.08	96.61	31.75	1961	11.68	7
2.48	12.38	2.12	8.9	98.68	33.76	4395	9.15	7
1.86	10.7	3.01	17.4	95.77	36.96	2094	10.46	7
2.7	12.15	3.46	13.29	94.35	38.85	3810	10.16	7
3.56	12.89	3.48	9.26	95.72	43.79	3795	11.17	7
1.98	12.84	3.02	6.51	96.76	27.81	1620	12.84	7
1.86	11.16	1.65	14.02	95.95	44.03	2903	11.51	7
2.38	13.05	2.5	10.65	95.6	47.09	3403	9.64	7
2.93	11.82	2.48	22.64	99	21.92	888	11.94	7
2.34	15.72	3.7	15.14	96.38	46.01	1622	12.82	7
3.02	15.12	3.26	6.72	96.79	36.83	2453	9.05	8
2.63	12.09	2.63	4.57	95.99	33.56	2167	8.81	8
3.37	12.99	3.51	6.57	99	45.97	2078	9.62	8
3.14	14.83	3.05	4.78	96.87	35.97	1146	10.65	8
3.13	12.5	2.91	5.46	96.39	39.08	1856	9.64	8
2.93	16.46	2.45	3.43	91.61	54.42	1671	9.87	8
2.25	12.3	1.66	6.49	97.22	51.78	2886	9.67	8
1.86	11.6	3.17	4.04	97.72	44.78	914	9.85	8
2.72	14.85	4.7	12.58	79.65	47.84	1616	11.39	11
2.16	17.53	2.44	13.8	64.43	63.75	1067	11.81	11
2.72	13.23	2.57	15.45	56.28	96.01	1361	10.21	11
2.94	15.11	4.62	7.71	79.04	39.71	953	14.48	11
1.57	14.89	3.27	15.36	92.55	37.36	826	11.74	11
2.16	16.17	3.24	4.5	87.49	60.9	2128	9.3	25
2.24	16.7	2.96	2.67	57.9	52.15	2905	10.64	25
2.85	17.05	1.98	3.6	61.51	71.08	2880	8.96	25
1.36	15.17	2.56	5.47	88.29	58.56	4106	10.86	25
2.65	12.46	5.41	3.28	84.88	65.42	1773	6.66	25
2.01	13.39	2.16	5.2	88.9	56.42	2688	11.57	26
2.22	13.37	2.82	6.13	77.44	55.62	3836	9.62	26
2.02	13.76	2.51	6.66	90.12	48.47	2630	11.29	26
2.36	14.6	2.77	5.95	88.79	51.73	2925	11.79	26
1.7	13.55	1.99	6.58	94.24	60.21	3469	11.56	26
2.5	12.33	2.35	8.13	94.92	61.68	4728	11.27	26
2.06	13.75	2.93	4.66	90.51	57.85	2967	11.26	26
1.86	12.81	2.03	8.74	93.66	59.34	4129	11.58	26
2.66	12.19	2.79	7.91	94.69	44.28	2297	13.02	27
5.28	14.56	4.51	6.33	87.01	25.91	776	14.82	27
3.05	15.95	3.23	3.44	76.92	61.13	2226	11.05	27
2.74	14.64	3.23	4.07	91.83	38.58	1858	12.92	27
2.1	12.16	4.2	7.11	95.96	39.63	2525	10.02	27
3.38	16.67	3.49	2.44	85.57	38.45	1836	10.02	27
2.16	13.57	3.08	7.42	97.5	38.91	1201	10.91	27
2.77	10.92	2.77	8.71	92.01	49.3	1154	10.49	28
3.07	15.06	4.36	5.25	98.06	25.95	2018	12.69	28
1.93	13.11	3.17	4.5	98.66	41.16	2647	10.09	28
2.58	14.66	3.19	7.43	95.4	42.5	3759	12.9	28
2.48	11.04	4.53	9.32	95.97	30.18	1612	11.85	28
2.47	13.44	3.35	8.36	92.77	34.9	2834	12.7	28
2.32	12.49	2.95	8.47	98.38	46.55	2369	11.02	28
2.63	13.63	2.32	8.39	97.37	39.09	4188	12.32	28
2.81	16.54	2.72	6.79	91.1	43.05	2279	12.42	28
1.41	14.7	2.52	3.45	94.42	65.63	2980	11.41	28
3.11	16.47	3.6	3.89	87.27	61.73	2859	11.61	28
2.92	14.22	3.06	6.57	95.64	40.62	4247	10.62	30
2.83	14.45	4.1	11.54	87.6	41.89	2366	11.12	30
3.89	17.85	3.8	5.29	87.9	38.72	3210	11	30
3.54	15.19	3.91	4.87	94.32	33.4	2659	10.53	30
2.78	14.4	3.53	10.24	85.55	64.48	2916	10.56	30
3.1	15.34	2.28	9.57	85.7	57.34	3553	11.23	30
1.04	14.26	3.76	9.45	95.16	45.51	1543	11.6	31
4.16	13.76	4.86	15.3	92.95	38.64	865	7.86	31
3.06	14.24	4.15	11.65	91.66	47.96	1833	9.27	31
3.54	12.2	5.25	21.06	94.57	39.59	762	7.35	31
2.5	13.71	3.37	12.44	94.69	32.83	919	6.96	31
2.77	13.9	4.24	6.17	87.71	43.18	1770	9.49	31
2.11	12.69	3.42	5.54	97.87	38.88	1986	9.87	31
3.39	15.91	4.77	8.94	94.18	51.5	1446	8.3	31
3.24	15.66	4.04	4.44	93.28	36.2	1360	7.72	31
3.05	14.07	2.33	12.41	81.88	56.81	4847	11.68	32
3.06	16.75	2.91	12.25	84.41	60.65	4019	12.09	32
2.44	14.44	2.65	11.53	87.6	53.71	1884	10.88	32
1.66	13.95	1.87	17.88	84.09	58.36	5232	10.11	32
3.07	18.03	2.64	13.05	61.69	60.85	3295	12.38	32
2.12	15.64	2.85	10.36	95.54	56.66	1087	11.5	32
3.02	14.22	2.03	20.49	86.89	74.59	3051	10.72	32
1.42	15.52	3.07	9.08	66.29	59.28	2668	11.69	32
2.62	14.5	3.44	5.31	58.31	51.93	1338	12.71	33
3.67	12.82	5.2	16.02	87.22	47.75	1443	10.46	33
3.09	15.94	3.48	3.12	91.13	36.59	1035	14.78	33
4.12	13.92	4.38	10.63	80.4	55.09	1142	12.43	33
1.54	16.51	4.41	1	76.77	45.28	521	13.63	33
3.12	15.32	3.53	5.57	64.26	52.35	2467	14.55	33
3.21	15.9	3.28	4.83	76.26	58.1	1434	12.06	33
3.32	14.01	3.02	1.19	85.84	57.94	2320	11.08	33
2.26	10.16	3.69	4.49	82.02	51.19	1329	9.41	33
2.23	12.18	2.28	7.73	91.05	36.28	2020	9.65	33
1.9	16.17	2.73	6.3	70.48	59.64	1793	10.88	34
2.04	12.54	2.85	8.34	80.41	43.97	2106	8.55	34
2.26	14.72	3.05	6.36	79.29	64.66	3145	11.45	34
1.85	13.55	1.85	2.86	92.62	69.59	487	5.34	34
4.38	13.25	3.43	8.21	66.49	63.35	845	6.15	34
3.64	14.93	3.02	9.41	88.77	54.4	3348	10.51	34
2.41	13.47	3.42	5.99	89.64	72.45	995	7.44	34
2.46	14.76	2.69	5.25	96	62.4	1707	11.66	35
1.86	14.42	3.28	3.67	95.98	37.55	2101	12.85	35
2.77	13.57	3.44	4.45	99	49.33	1481	10.67	35
1.7	13.85	3.25	8.13	97.53	37.71	1415	7.42	35
1.44	14.66	2.92	4.66	89.76	77.49	2298	9.88	35
1.64	12.06	1.6	4.13	93.78	44.85	2189	10.23	35
2.12	12.52	2.89	6.32	99	43.15	2213	11.52	36
3.81	11.53	2.74	5.8	98.94	28.11	1206	10.45	36
2.95	13.88	2.31	11.1	96.27	28.44	1729	10.58	36
2.84	13.18	3.62	14.76	98.13	37.5	2322	12.14	36
1.77	13.3	1.62	8.94	99	33.68	2038	9.91	36
1.51	11.55	2.82	11.14	99	32.39	1455	12.44	36
2	15.07	2.33	3.79	95.8	47.81	2402	11.74	36
2.47	12.37	2.56	3.74	99	41.06	1132	13.78	36
3.51	11.33	3.01	5.31	99	28.18	1995	12.03	36
1.67	10.37	2.69	3.96	99	43.41	2749	9.09	36
2.33	15.57	3.04	2.86	97.48	45.84	1972	12.58	36
2.8	13.07	3.91	5.96	97.68	42.52	1967	12.96	36
2.25	12.42	2.67	2.76	99	49.73	2400	10.5	36
1.97	14.77	3.57	3.4	97.41	32.22	1374	10.33	37
1.82	12.69	2.13	5.86	97.26	38.32	1923	10.5	37
3.47	12.48	2.81	1.85	95.63	48.53	1066	9.01	37
2.2	11.73	3.1	4.53	99	36.37	1321	9.24	37
3.74	9.27	5.2	1.43	99	13.46	615	7.97	37
2.83	13.66	3.73	2.56	87.95	36.01	1449	10.97	37
2.78	14.44	4.81	1.78	99	52.89	540	11.11	37
3.88	13.51	4.82	1.43	87.88	43.78	1495	9.23	37
2.94	13.94	3.84	4.6	98.02	33.63	1564	11.57	37
1.68	16.56	4.54	11.97	84.41	39.83	1431	11.95	38
1.71	14.19	3.65	18.17	94.24	48.34	1755	10.31	38
2.4	15.18	3.91	15.04	81.26	74.22	1917	10.95	38
2	14.69	4.08	9.35	90.52	52.02	1348	10.24	38
3.45	14.52	2.71	14.02	92.04	63.35	1770	12.37	38
2.18	14.71	2.99	9.48	95.37	38.36	1237	10.35	38
3.01	13.01	3.7	12.2	98.39	56.55	1729	11.16	38
2.88	15.87	3.56	13.9	77.26	67.83	1040	10.29	38
2.79	13.92	4.64	18.26	92.67	41.28	2112	11.41	38
2.41	10.94	2.84	14.39	99	73.74	1161	8.79	40
2.83	8.7	2.69	11.65	97.77	33.26	1449	10.77	40
1.44	11.16	2.2	15.16	99	44.42	2087	8.62	40
2.16	9.3	3.71	16.17	98.89	41.82	1484	13.61	40
2.9	14.92	2.71	9.07	98.3	64.27	1515	11.29	40
2.28	12.11	1.96	16.34	99	46.76	3723	9.8	40
2.68	10.33	1.28	11.28	90.52	46.54	1791	11.61	40
2.53	10.99	2.44	11.72	98.36	25.41	2093	10.94	40
2.5	12.33	2.55	7	98.82	25.27	1882	12.01	40
2.74	10.12	3.97	17.01	99	28.85	731	10.81	40
2.71	14.2	1.81	5.42	91.03	63.93	2654	10.7	41
1.61	15.65	1.8	4.95	89.14	81.94	1054	6.55	41
2.43	12.19	3.25	5.18	96.23	39.31	1690	7.46	41
1.51	14.15	2.58	7.52	90.81	60.88	2057	12.15	41
2.77	11.16	1.65	10.89	99	75.54	1514	9.05	41
3.19	13.4	1.91	8.87	94.22	73.59	940	10.74	41
2.2	13.31	2.2	9.78	94.19	61.22	1412	13.17	41
3.39	13.56	3.23	12.31	93.64	34.6	4743	9.59	41
2.24	13.06	1.49	4.47	94.32	50.74	1608	12.81	41
2.45	14.77	1.09	4.14	87.03	61.87	1835	10.03	41
1.71	12.2	1.41	4.03	96.48	75.81	992	11.59	41
2.11	10.04	3.49	11.73	99	24.23	946	11.63	43
4.44	10.66	3.06	13.81	98.37	35.15	1960	12.4	43
1.56	14.86	2.2	5.86	99	39.71	1864	9.66	43
2.4	10.67	2.79	7.47	99	42.16	2296	9.93	43
3.27	11.5	3.5	13.63	94.1	42.02	2140	10.75	43
3.81	12.29	4.05	5.25	97.61	59.25	814	9.95	43
3.38	12.35	4.69	2.5	94.83	36.49	1449	7.66	43
1.94	11.48	3.58	7.12	96.48	30.76	671	9.39	43
1.96	12.41	2.04	6.81	98	65.55	1176	7.14	44
2.13	12.28	2.38	5.88	99	27.27	798	11.53	44
2.91	13.77	2.83	6.34	94.47	29.25	2541	9.05	44
1.51	13.2	2.94	2.21	91	42.03	1258	9.54	44
1.81	12.35	3.68	1.11	74.96	67.22	1385	9.89	44
1.95	14.66	2.7	3.54	88.46	49.53	2149	10.28	44
3.27	12.97	2.16	3.28	92.21	28.81	2081	10	44
2.38	13.28	6.02	2.46	97.11	31.58	1596	8.52	44
3.12	12.61	3.87	3.77	84.26	48.69	1990	9.1	44
2.92	13.57	4.06	1.99	89.61	50.28	2291	11.26	44
2.77	15.17	3.33	3.55	92.92	55.69	2676	8.74	44
1.42	14.05	3.57	2.19	94.12	62.96	1765	9.24	44
2.33	16.63	2.58	3.54	91.23	45.65	2015	9.58	44
2.25	11.96	2.07	4.67	98.44	41.07	1689	8.58	44
4.17	18.06	0	5.64	84.23	15.38	72	15.28	45
3.83	12.64	3.83	7.01	99	28.21	261	11.88	45
3.55	15.6	4.43	5.71	97.02	9.81	564	10.82	45
2.88	10.82	4.57	6.51	88.42	64.67	416	11.54	45
3.77	10.04	6.69	7.94	99	23.98	239	12.97	45
3.05	11.61	1.83	16.26	97.79	31.59	491	8.96	45
4.21	12.45	2.11	18.17	93.41	50.58	522	11.3	45
3.28	10.75	4.78	10.87	99	28.11	335	9.55	45
2.48	11.63	2.58	19.1	99	28.98	929	13.13	46
2.6	12.26	3.35	13.14	88.23	36.27	2774	11.32	46
2.6	12.86	2.09	13.55	96.97	59.57	2349	12.13	46
2.94	13.14	2.64	11.79	92.71	33.79	2276	11.12	46
2.45	12.56	2.16	13.2	93.24	27.74	2691	12.6	46
3.08	14.28	1.95	9.77	99	51.78	1688	10.13	46
3.13	12.39	2.87	13.68	97.05	47.24	2300	10.13	46
2.92	12.48	3.05	8.83	87.11	36.61	2396	10.43	46
3.18	13.57	2.6	11.88	86.39	62.03	1540	11.36	46
1.69	13.41	1.25	10.71	97.56	51.27	2006	9.12	48
1.29	12.95	3.05	3.05	98.93	56.09	1313	9.82	48
1.77	12.06	1.96	7.7	91.18	38.16	1634	10.22	48
3.6	15.18	1.76	5.44	89.63	63.46	1304	10.81	48
1.6	16.61	4.47	6.62	89.24	88.02	313	11.5	48
1.91	13.15	1.65	5.97	95.61	29.3	1574	11.5	48
1.6	13.21	2.88	12.14	94.79	54.2	1877	9.54	48
2.08	15.44	2.74	2.55	92.13	41.03	913	10.51	48
2.23	12.84	3.35	4.49	92.74	42.11	1075	10.88	48
2.09	10.9	2.44	8.26	98.65	41.96	1147	8.72	48
1.91	15.9	2.53	9.68	93.38	61.96	1465	9.28	48
3.31	12.05	3.01	5	99	44.23	664	8.58	49
2.56	11.11	2.08	14.27	99	35.8	819	10.01	49
2.25	10.96	5.06	14.32	93.62	53.04	356	8.71	49
1.31	12.03	2.05	11.85	94.47	36.96	1222	13.91	49
2.07	11.7	2.07	15.19	87.45	78.01	581	9.47	49
3.32	12.12	2.63	6.67	86.89	46.83	1295	9.96	49
3.61	10.56	2.54	14.1	98.04	41.8	748	8.42	49
2.06	13.07	2.41	9.24	99	48.33	872	10.89	49
3.7	9.76	5.92	9.29	98.62	23.03	676	10.21	49
3.07	10.32	3.49	7.64	99	28.09	717	10.18	49
1.99	11.12	3.09	9.56	90.33	50.39	2366	10.02	50
3.43	10.89	3.79	5.88	98.67	41.19	817	12.48	50
1.79	11.24	1.91	5.18	98.73	59.88	836	12.08	50
3.78	12.08	2.67	7.95	94.02	46.54	1349	8.3	50
2.14	13.66	2.17	6.55	98.64	38.34	3178	11.45	50
3.48	14.01	3.48	5.76	95.13	58	1435	12.06	50
3.28	13.7	3.97	7.67	85.99	42.86	2014	11.22	51
2.42	11.36	5.2	10.49	79.05	30.51	1365	8.06	51
3.6	13.03	5.13	3.44	95.42	20.52	1443	7.48	51
3.65	11.76	3.65	6.99	95.36	40.31	1479	9.26	51
2.86	11.73	4.26	8.13	91.42	70.51	1432	9.92	51
2.71	9.92	4.27	6.8	96.13	42.78	1805	9.31	51
3.1	12.69	3.64	6.37	83.46	53.13	2609	10.16	51
3.14	13.41	3.41	8.71	90.05	25.31	2960	11.25	51
2.31	11.86	3.73	4.15	65.97	77.58	1341	10.14	51
3.35	10.73	4.44	3.98	96.45	39.78	2953	8.43	51
2.75	10	3.93	7.74	94.38	47.76	2111	7.11	51
2.01	12.16	4.6	3	85.25	42.97	1044	8.91	51
3.24	10.49	3.89	6.33	95.33	47.64	1669	8.99	51
3.37	9.67	3.3	8.9	98.07	41.54	1334	7.95	51
3.79	10.11	2.98	23.31	96.59	16.37	1108	11.1	51
3.04	12.84	3.5	10.32	95.83	54.58	4143	10.11	53
4.37	14.88	2.94	10.74	90.75	57.25	3064	11.68	53
3.81	14.12	2.47	12.94	85.22	47.61	2833	11.44	53
2.62	13.73	3.64	8.42	94.71	64.94	2061	10.33	53
1.96	15.4	2.99	5.89	76.02	37.06	2546	12.14	53
3.38	14.94	2.4	7.03	94.23	72.46	1747	11.45	53
3.37	12.23	3.99	11.77	86.74	34.39	3231	13.18	53
2.54	11.84	4.14	10.3	95.71	52.64	2559	9.57	53
1.89	13.74	3.27	13.46	85.78	57	3122	10.79	53
2.91	15.51	3.19	5.78	95.06	45.12	3887	10.01	53
3.34	12.81	3.91	11.78	94.74	51.81	2428	11.08	53
2.71	14.28	5.16	5.17	83.93	50.88	1842	12.81	54
2.1	14.82	2.38	5.78	94.84	17.37	1808	10.84	54
2.19	11.33	3.18	13.14	90.14	28.94	2921	10.3	54
2.3	11.71	3.1	18.19	89.54	33.96	2127	10.3	54
3.35	13.08	3.68	2.34	90.52	57.3	1521	12.1	54
0.81	13.85	5.01	3.19	62.82	47.34	1718	13.15	54
2.44	12.46	4.26	5.08	92.35	38.86	1926	11.47	54
3.75	15.78	2.5	3.25	54.06	51.17	640	9.06	54
4.27	10.54	3.32	7.82	99	54.17	1594	9.85	54
2.15	10.49	3.34	6.29	96.06	52.57	1678	10.01	54
1.49	12.71	6.64	1	72.94	76.54	873	10.19	54
2.66	9.76	2.59	8.51	92.19	64.18	1506	10.56	54
2.49	13.19	3.84	4.01	96.66	25.36	1486	12.31	54
2.68	12.52	3.75	8.06	95.11	66.5	2052	8.87	56
3.13	10.88	3.63	11.16	99	39.46	1820	8.85	56
3.18	11.03	3.58	5.3	98.68	35.65	2013	7.7	56
2.95	13.11	4.57	11.39	94.75	48.89	1358	12.08	56
3.56	14.24	2.98	16.84	94.53	58.55	1714	12.19	56
2.65	12.3	3.37	7.51	97.28	59.23	1927	10.59	56
1.41	14.22	4.69	4.76	98.18	36.72	640	8.28	56
1.94	10	3.82	6.72	95.66	45.52	1440	11.74	56
3.3	14.01	3.13	7.75	96.06	53.28	1820	12.2	56
2.63	16.4	4.99	5.87	73.75	50.55	3226	10.2	57
2.6	16.42	3.11	6.16	75.92	42.35	1577	10.08	57
3.58	16.15	5.07	5.3	66.65	53.84	1480	9.93	57
5.21	16.4	6.78	2.05	95.26	59.18	634	8.99	57
2.38	15.06	4.87	3.84	76.8	55.89	1806	9.14	57
2.72	14.72	3.43	8.49	88.01	83.96	992	7.56	57
2.69	12.53	6.32	5.76	93.46	80.37	854	6.79	57
2.16	15.3	4.38	7.42	61.91	67.11	1712	8.76	57
2.84	14.62	7.07	2.94	80.21	61.58	1231	10.8	57
2.22	16.98	6.58	3.7	78.21	60.91	1125	10.49	57
2.56	12.91	4.21	7.03	99	53.58	1875	9.28	58
2.44	14.38	3.84	8.1	91.98	54.37	2211	8.68	58
2.38	14.82	6.95	4.94	94.14	66.08	1093	9.88	58
2.52	15.14	7.81	3.86	94.04	74.54	832	10.58	58
3.03	14.89	5.07	3.98	92.8	42.1	1222	9.66	58
2.29	14.94	6.39	8.24	86.18	52.15	1439	9.17	58
1.32	15.9	5.35	1	71.48	42.88	1214	7.41	58
4.17	15.55	2.92	5.41	89.64	33.85	2875	11.48	58
1.44	13.23	4.09	1.83	97.24	44.83	1247	9.7	58
1.66	10.06	2.96	3.87	99	30.98	845	9.11	58
2.36	12.13	3.94	6.46	91.81	52.22	1905	8.56	59
2.6	13.89	4.72	4.38	94.42	58.87	1462	11.42	59
2.02	14.81	3.03	7.29	85.16	54.47	3362	10.02	59
2.16	15.05	3.72	4.64	88.88	45.34	1156	8.74	59
3.48	16.05	2.51	5.01	97.46	58.2	3302	10.24	59
2.93	13.36	3.4	10.77	92.57	43.88	2148	8.71	59
1.67	15.79	3.26	2.72	90.51	50.13	2514	7.8	59
3.59	14.14	3.11	5.84	97.03	53.93	3317	9.74	59
2.98	14.12	4.08	5.71	94.14	42.67	1374	11.5	59
2.27	18.16	2.21	4	76.47	69.07	3034	9.33	60
2.19	17.97	3.49	1.67	87.88	55.37	2237	8.81	60
2.48	17.48	1.94	1.83	71.06	59.85	4427	8.38	60
2.91	13.48	2.99	3.43	97.48	44.59	2441	9.14	60
1.92	15.74	2.98	2.84	97.85	36.69	1982	6.96	60
2.04	16.1	2.88	2.6	75.47	64.19	1665	10.87	60
3.05	15.32	3.42	1.58	89.11	40.86	2161	7.96	60
2.1	16.97	2.24	2.17	74.73	54.02	2233	9.05	60
2.49	14.36	3.18	2.35	94.39	49.79	2012	9.84	60
2.29	20.69	1.94	1	67.51	91.91	875	8.8	61
3.13	16.23	1.94	4.52	91.36	49.66	4288	9.91	61
3.08	15.06	2.82	4.95	83.89	63.23	3373	10.08	61
2.16	17.4	2.94	2.27	93.58	31.72	1155	7.88	61
3.06	18.87	2.52	2.51	75.49	62.21	1664	9.31	61
2.43	17.21	2.08	3.43	86.77	63.93	3416	9.78	61
2.54	15.8	3.59	9.86	94.04	50.24	1614	7.74	61
2.33	17.93	2.2	1.63	86.11	52.19	1634	9.79	61
1.6	17.8	3.2	3.67	80.62	60.93	3685	9.12	61
2.1	14.1	3.62	2.6	99	47.05	525	8.76	62
3.08	15.69	4.92	2.66	98.98	25.32	650	7.54	62
1.84	17.75	3.03	2.01	87.43	74.76	2175	9.1	62
2.99	13.73	3.51	8.19	91.98	37.1	1938	6.14	62
3.25	15.77	2.79	7.22	98.01	48.27	1756	7.63	62
2.14	14.63	3.42	4.09	93.85	46.92	2803	8.03	62
2.56	13.83	3.67	11.24	92.05	56.29	2422	11.93	63
2	14.18	3.33	11.36	92.01	54.06	1954	8.34	63
3.57	14.52	2.86	13.72	93.25	36.78	3112	11.34	63
3.07	13.58	4.75	13.52	76.51	66.02	3261	13.34	63
2.39	12.85	4.73	12.14	83.59	51.34	2218	11.9	63
2.63	12.08	4.3	7.89	98.17	53.66	2094	9.26	63
3.22	16.63	3.99	9.56	62.72	77.2	1804	13.03	63
7.15	15.61	5.14	4.63	99	13.27	993	11.78	63
3.54	14.92	3.74	12.92	94.43	44.4	2514	11.46	63
2.82	13.27	3.29	10.86	97.17	50.17	2585	11.95	63
2.73	12.42	4.6	7.27	99	46.51	1610	9.81	64
3.38	12.8	2.21	3.1	94.59	57.09	1539	8.97	64
3.39	12.39	3.72	5.23	97.67	31.15	1856	9.32	64
4.01	15.85	4.97	4.08	95.84	59.09	1047	11.27	64
2.57	14.79	5.03	9.75	87.09	23.85	1711	11.46	64
3.52	12.33	5.46	6.32	98.6	37.65	1135	8.81	64
2.67	19.16	1.8	2.2	83.27	46.63	2662	7.81	65
2.39	16.03	3.31	1	94.4	34.29	1422	8.09	65
3.21	12.82	4.56	3.54	93.7	66.51	811	6.54	65
2.89	17.1	3.49	3.61	91.57	36.03	2006	8.92	65
3.1	14.29	2.4	1.89	97.46	19.02	1001	7.99	65
1.75	16.29	3.62	1.46	94.48	33.5	1547	8.66	65
2.11	20.8	4.56	3.47	93.25	68.37	2327	11.13	65
2.81	15.29	3.59	1.38	98.33	41.98	641	10.45	65
1.75	20.91	3.79	1.88	81.75	38	1028	10.7	65
2.4	13.22	2.08	2.86	88.58	50.95	1830	7.38	65
4.57	13.97	4.31	12.12	96.87	30.17	1160	9.66	66
2.92	13.74	3.57	9.9	95.1	49.66	924	7.68	66
2.93	12.31	4.14	1.99	96.49	45.22	991	9.18	66
3.95	11.58	4.1	5.22	98.83	55.82	708	11.58	66
3.13	12.02	3.21	7.07	98.55	41.64	1215	11.11	66
4.42	10.06	3.48	1.93	99	37.42	1064	7.33	66
2.67	11.7	2.78	4.85	99	41.38	863	7.07	66
3.55	12.77	3.83	7.61	99	57.41	705	9.22	66
3.96	12.82	3.58	6.3	99	38.38	1061	7.82	66
1.64	14.8	1.64	5.75	66.42	78.26	669	9.27	66
1.38	13.48	3.91	2.1	90.39	25.38	1306	7.35	67
2.04	15.59	3.44	2.12	89.94	38.08	1860	9.19	67
2.41	12.99	3.46	10.12	88.43	33.53	2079	8.18	67
1.44	13.81	1.85	9.73	81.98	50.56	1731	9.24	67
2.55	13.74	1.61	2.84	92.49	41.97	2235	7.83	67
2.53	14.83	2.61	5.46	88.31	34.96	2495	8.54	67
1.93	12.99	2.2	7.01	85.6	27.31	2224	7.64	67
1.94	12.29	2.98	5.5	89.33	61.56	2214	8.22	67
1.7	13.34	1.82	5.36	89.43	45.08	2466	8.43	67
2.68	13.26	2.6	2.2	90.78	48.18	1192	9.98	67
2.72	14	3.26	6.57	90.39	37.69	3715	9.53	68
2.52	13.76	3.01	8.15	92.33	39.73	4716	9.9	68
2.65	12.81	2.57	6.54	94.71	40.71	3816	8.75	68
2.57	15.4	3.16	8.1	84.84	39.29	3928	10.06	68
2.07	14.04	3.56	7.76	85.96	37.62	1880	8.19	68
2.63	13.45	3.99	5.78	87.71	30.82	2357	7.89	68
2.77	12.47	2.98	6.2	92.38	53	5277	7.98	68
3.17	12.63	2.81	9.42	89.77	50.23	3278	8.57	68
2.77	11.54	2.61	15.65	94.36	51.64	4366	7.99	68
2.35	14.63	1.93	6.1	88.09	62.04	2378	9.34	69
2.72	15.55	4.12	8.76	94.49	38.32	1286	9.02	69
4.7	15.7	3.87	4.21	92.88	44.49	1936	11.52	69
3.27	13.81	2.78	8.88	89.37	35.79	2693	9.54	69
1.91	14.69	1.91	8.67	89.97	44.68	2566	8.34	69
3.07	13.47	2.3	3.59	95.78	53.63	1826	10.19	69
4.38	16	3.4	3.86	87.55	52.2	1737	9.33	69
3.62	16.14	2.65	6.71	79.48	55.9	2788	9.58	69
3.83	13.26	4.61	7.9	89.07	59.39	1930	12.69	70
3.06	13.42	4.02	12.53	83.42	54.32	2415	11.72	70
2.39	12.9	4.73	13.39	82.1	54.61	2303	11.25	70
3.62	12.28	3.31	8.99	79.57	62.31	2207	9.42	70
2.69	12.56	5.49	4.83	89.66	52.61	2078	10.83	70
2.4	12.16	4.99	9.17	91.47	61.26	2163	11.19	70
2.7	11.72	5.69	7.15	95	59.12	2073	10.85	70
2.36	15.7	3.43	8.38	71.57	60.47	3299	11.15	70
2.18	14.95	3.78	10.24	74.09	41.73	1880	13.78	70
2.75	13.79	3.59	15.05	74.04	45.18	1530	13.73	70
3.34	13.98	3.65	19.06	82.75	49.51	1889	12.28	70
3.88	11.3	3.49	16.89	92.75	42.55	1832	12.23	71
3.87	12.69	3.93	6.16	97.61	61.59	1474	9.91	71
3.9	14.52	2.83	7.75	97.26	45.77	1591	11.25	71
3.3	12.82	3.53	10.05	95.05	35.83	2605	11.13	71
3.08	13.41	4.77	17.19	93.12	56.51	1656	11.05	71
3.38	14.44	5.94	10.53	92.12	53.82	2424	11.01	71
3.1	11.39	3.05	7.34	99	46.96	1966	10.17	71
2.13	14.59	3.67	15.49	85.5	61.37	1035	13.62	71
2.79	15	3.56	9.7	72.21	31.23	1433	13.61	71
1.96	15.7	3.13	3.8	90.84	46.25	2045	9.78	72
2.65	14.42	3.23	1.88	85.79	48.38	2073	8.88	72
2.62	15.67	2.78	1.87	60.82	55.54	2520	11.19	72
1.18	16.15	3.38	1.76	61.09	52.48	1950	7.85	72
3.34	16.65	3.49	3.4	61.96	64.32	2006	10.37	72
3.41	17.27	3.41	2.81	92.24	39.97	1818	9.13	72
2.44	14.67	3.45	3.89	86.47	51.86	1970	9.64	72
2.64	15.02	3.11	2.89	82.14	49.6	1478	11.5	73
2.78	14.22	2.46	2.58	77.8	70.75	1259	8.66	73
2.22	18.33	3.49	3.44	70.83	53.83	2204	12.25	73
3.71	16.77	3.55	4.01	82.53	57.53	1294	11.51	73
3.61	12.85	3.4	5.93	95.81	46.39	942	9.98	73
4.43	18.29	3.54	4.8	70.57	49.97	2909	10.76	73
2.17	16.63	4.94	2.49	75.56	71.96	830	8.31	73
3.15	16.74	4.6	5.48	78.73	52.4	1523	11.56	73
1.67	13.74	3.03	1.76	90.82	66.18	2875	8.35	74
2.53	17.42	4.07	2.93	82.83	51.93	2801	9.1	74
2.19	16.05	3	4.89	71.98	54.41	2835	11.43	74
3.29	18.73	2.18	4.58	87.19	67.12	5690	10.97	74
1.43	16.29	3.15	1.06	95.18	66.63	2665	8.59	74
2.68	16.53	2.98	3.57	99	52.13	3025	8.69	74
1.91	15.45	2.26	1.84	95.41	80.7	1987	8.2	74
2.18	14.84	3.89	1.33	94.41	72.57	3113	6.75	74
2.2	13.18	3.79	3.44	86.43	41.36	2140	11.07	74
3	17.14	6.3	2.42	95.6	67.06	1698	9.72	74
4.13	13.62	4.09	3.78	95.62	61.84	2518	9.41	74
2.56	12.42	4.67	9.08	99	33.76	1328	10.02	75
2.9	11.24	3.42	10.39	90.03	17.39	1344	11.9	75
2.6	12.37	3.38	8.19	95.21	31.01	2190	11.1	75
2.9	14.48	3.54	12.78	82.94	37.23	2003	13.68	75
2.09	15.5	2.46	6.75	88.47	60.59	2439	11.89	75
3.15	15.06	3.38	6.8	80.06	61.58	2158	12.6	75
2.64	13.19	3.52	5.22	78.67	44.28	1137	8.8	75
2.39	10.17	4.87	5.33	70.78	53.72	1170	8.46	75
4.47	12.16	0.99	4.5	98.73	24.92	403	7.69	75
3.55	15.51	3.51	5.18	88.7	46.17	2450	12.9	75
3.43	15.67	4.51	1.79	94.22	63.8	932	8.91	76
2.12	13.51	2.39	5.32	90.32	58.96	1843	8.14	76
3.52	14.85	3.13	2.77	97.38	56.04	1535	9.06	76
4.41	17.27	3.26	6.21	80.14	54.97	521	8.45	76
3.21	12.39	6.85	2.28	97.11	34.26	686	7.87	76
2.17	14.94	5.25	1.68	94.53	42.68	877	9.01	76
3.31	13.5	4.64	9.15	95.71	50.78	1207	9.11	76
3.63	13.39	5.3	3.46	98.17	39.1	717	8.37	76
2.49	14.06	4.82	2.54	98.3	53.27	1287	8.94	76
1.55	16.69	2.82	3.18	71.05	75.38	1420	10.42	76
4.46	17.17	3.57	2.77	92.42	34.57	1456	11.54	76
4.03	14.45	3.04	4.19	98.97	51.76	1612	9.86	76
2.92	15.37	3.24	4.36	88.49	72.02	4626	9.4	77
2.64	14	2.64	10.48	88.57	50.76	1893	8.14	77
4.55	14.02	2.03	3.55	98.95	21.81	1034	7.64	77
2.86	16.76	2.89	7.71	68.12	67	3563	9.77	77
2.52	17.38	3.34	3.73	69.41	63.99	3056	11.26	77
2.97	16.68	3.3	2.27	91.53	61.13	3639	9.37	77
4.46	16.06	3.18	3.7	88.63	75.59	2890	9.17	77
2.5	15.84	3.82	7.02	94.42	78.88	3119	8.85	77
3.44	18.85	2.51	4.68	74.78	63.35	2705	11.05	77
3.26	15.65	3.94	3.05	82.96	64.59	3553	9.2	77
2.62	17	3.7	3.67	87.38	72.25	3247	7.24	77
3.95	12.58	4.02	7.23	91.52	58.88	1343	11.02	78
3.48	14.2	2.58	2.75	94.67	47.07	2444	9.98	78
2.35	13.66	4.13	6.01	94.76	75.41	1406	9.53	78
2.73	12.91	4.99	2.48	97.93	30.88	1464	11.54	78
2.83	14.08	3.79	5.46	90.79	36.4	3431	10.52	78
3.67	15.52	3.22	6.17	75.37	53.47	2667	11.74	78
3.51	13.2	2.64	11.78	68.65	63.21	2878	12.61	78
2.48	15.18	2.92	5.07	73.5	32.99	1370	8.83	79
1.92	14.52	4.38	9.35	83.12	46.41	1095	7.85	79
2.91	13.14	4.61	6.15	93.5	30.73	997	8.63	79
3.01	10.66	3.83	2.45	87.44	45.42	366	12.84	79
4.14	11.76	2.81	8.39	91.6	23.68	748	12.7	79
2.05	13.2	2.56	1.79	80.03	50.72	977	8.5	79
2.04	11.54	2.55	9.56	79.96	34.57	979	10.62	79
1.87	13.33	3.04	1.88	92.36	28.38	1710	7.72	79
2.67	13.01	2.75	4.77	89.33	37.22	2475	8	79
2.79	8.37	5.18	6.21	99	37.3	502	10.56	79
4.42	13.27	4.56	5.16	90.01	30.32	746	9.79	79
3.48	15.28	3.48	5.41	93.14	54.03	1178	11.71	80
2.54	17.67	2.45	2.05	88.48	57.1	1183	10.48	80
1.59	15.75	3.18	13.49	82.2	83.07	1321	8.86	80
1.59	14.94	2.48	3.62	92.67	57.76	1573	10.87	80
2.53	16.25	2.43	3.13	94.44	34.04	1028	9.24	80
2.74	14.37	1.75	17.53	84.25	43.94	2338	11.93	80
1.23	15.12	0.93	7.74	82.48	57.32	648	12.5	80
2.03	13.21	3.34	3.26	96.57	63.56	689	11.61	80
0.83	15.18	1.65	6.74	79.31	57.36	606	10.56	80
2.6	14.37	2.84	2.75	81.42	46.82	3235	9.4	81
2.53	16.42	4.45	4.2	93.81	43.85	1303	8.83	81
2.14	13.73	2.97	3.31	81.39	42.91	2054	7.16	81
3.19	16.58	2.37	4.15	94.95	28.78	971	14.21	81
4.57	13.07	2.74	2.58	94.42	54.47	1094	9.14	81
3.55	14.76	2.65	4.37	71.1	40.41	1436	8.29	81
1.78	13.36	1.22	4.65	84.69	39.07	898	11.25	81
3.88	12.86	2.35	3.2	96.72	45.91	1236	6.96	81
2.06	11.24	4.49	1	94.92	64.89	534	7.12	81
2.9	14.99	2.82	5.19	76.04	77.71	1241	7.41	81
1.9	12.68	2.22	2.1	82.69	66.35	631	6.02	81
1.91	14.4	3.22	2.41	87.36	57.37	1306	7.5	81
1.47	18.05	1.66	1	87.19	74.4	543	7.73	81
2.46	12.43	2.46	8.88	98.48	42.76	853	11.61	82
2.52	13.18	2.52	5.99	78.76	71.33	1866	9.06	82
2.65	12.52	1.52	4.13	96.4	50.19	1510	9.47	82
5.1	12.23	3.28	2.32	99	26.19	883	9.17	82
3.95	15.58	2.91	4.92	82.58	40.24	1444	8.24	82
3.92	17.65	2.55	1.32	99	52.26	510	8.82	82
1.83	13.19	2.2	3.84	99	38.31	273	8.06	82
3.49	15.62	3.21	1.34	73.59	64.88	717	9.9	82
3.37	13.47	2.24	2.06	87.25	51.52	802	6.61	82
1.99	15.07	2.37	3.38	97.57	45.06	803	6.35	82
4.58	12.62	2.6	5.1	93.79	49.1	1767	9.96	82
2.77	12.87	3.35	5.75	97.57	74.62	1911	11.67	82
3.07	12.27	1.93	3.07	90.11	34.4	880	9.66	82
3.27	13.04	2.44	6.02	96.02	47.59	2170	7.51	83
2.8	16.32	3.3	6.28	96.84	76.4	2966	8.02	83
2.08	15.82	1.94	2.74	89.23	51.7	2212	9.09	83
2.28	16.43	2.63	2.5	56	57.11	2282	9.82	83
2.76	12.36	3.9	3.51	93.97	53.71	1052	9.32	83
2.19	15.13	3.51	3.24	87.62	60.65	3509	8.69	83
2.55	14.26	2.42	2.28	95.79	54.33	2981	9.43	83
2.14	16.38	3.1	2.62	93.29	61.32	2289	8.08	83
2.81	15.63	3.72	2.57	92.25	57.83	2879	8.34	83
3.13	12.11	6.41	7.6	94.9	45.67	702	9.54	84
2.64	13.67	4.11	5.62	98.04	50.21	1631	8.83	84
1.78	12.91	4.62	3.5	98.77	53.5	844	9.48	84
2.06	15.59	3.35	3.68	96.72	76.14	776	8.51	84
1.95	15.05	4.91	9.41	98.25	62.61	1282	10.3	84
2.86	13.79	2.69	9.13	98.37	44.27	1189	8.49	84
3.88	13.7	3.88	4.92	95.28	56.29	774	9.56	84
1.3	12.85	2.93	10.41	93.14	49.48	615	9.92	84
3.18	13.99	4.44	9.31	96.99	35.55	1194	9.97	84
2.15	17.33	2.76	5.57	70.34	67.05	652	11.5	84
1.91	17.02	4.52	5.16	90.15	58.33	1416	11.58	84
1.72	17.77	2.85	1.53	92.44	36.67	2561	8.36	85
1.81	15.34	2.31	1.85	98.59	52.55	1819	8.3	85
1.92	14.92	2.96	2.96	93.5	54.6	1722	6.79	85
2.51	18.46	1.99	2.5	95.56	89.66	1555	8.17	85
1.74	16.8	2.55	2.85	95.38	60.75	2589	7.53	85
2.84	11.74	2.84	3.32	99	70.01	1090	8.07	85
2.24	16.14	1.43	2.4	81.68	86.22	2230	6.28	85
2.52	16.73	2.73	2.23	90.78	61.07	2822	6.98	85
2.51	14.23	1.89	2.64	82.37	69.47	2270	8.28	85
1.31	16.2	2.8	3.11	80.12	71.48	1605	8.85	85
3.06	16.91	3.01	1.94	96.2	68.86	2093	7.12	85
3.74	14.88	5.01	5.74	94.93	17.85	1418	10.08	86
2.97	18.22	4.74	2.92	84.34	21.4	1076	9.11	86
2.12	14.71	3.6	2.86	95.91	32.84	1557	10.66	86
1.85	17.1	3.01	1.65	85.68	45.47	1029	11.66	86
2.75	15.63	4.45	2.79	93.34	48.39	1056	9.09	86
4.14	17.3	3.68	1.96	90.31	21.15	1087	10.03	86
1.93	17.38	4.59	2.94	93.52	43.48	1243	9.09	86
2.99	19.34	2.88	1.69	91.04	45.83	1841	12.28	86
3.92	14.3	3.2	2.03	97.44	16.14	1657	9.11	86
2.6	19.23	2.83	3.38	78.71	42.91	1768	13.69	86
3.6	16.1	2.73	2.64	94	27.67	1609	10.13	86
3.03	16.81	4.77	1.7	87.27	26.66	1321	11.2	86
2.98	18.52	3.24	2.6	90.66	30.96	1944	10.34	86
2.8	17.61	3.15	3.24	78.06	37.03	4038	12.04	86
0.88	13.35	2.98	8.4	60.17	66.81	1243	11.67	87
1.57	15.01	4.42	2.81	88.57	82.63	1086	11.14	87
1.48	15.74	2.7	7.31	91	41.15	1220	10.33	87
2.46	16.78	2.86	4.16	66.89	67.36	1466	13.03	87
1.67	13.23	2.5	4.71	67.68	78.07	1081	10.55	87
1.64	15.84	2.88	4.42	59.14	72.41	1528	8.57	87
2.56	16.88	1.88	9.82	75.87	55.73	1327	11.23	87
1.63	14.4	4.08	2.91	96.81	66.82	736	9.24	87
3.15	15.18	2.27	12.91	61.5	40.52	2161	10.41	87
1.23	13.35	1.5	8.09	77.45	79.96	734	13.9	87
2.42	17.64	4.27	5.83	91.56	55.76	703	9.53	87
2.22	14.52	4.03	5.3	80.83	31.89	992	9.68	87
1.15	15.13	3.07	4.29	69.16	63.14	1302	8.06	87
1.86	12.86	2.83	14.17	82.81	59.21	1345	11	87
1.55	14.83	3.07	8.26	91.72	38.15	2509	12.24	87
5.06	15.06	3.85	4.06	93.4	15.05	1481	8.78	88
4.5	13.26	2.82	4.56	93.8	53.47	1312	9.3	88
2.8	15.31	3.98	4.76	99	66.52	1783	10.43	88
1.73	12.61	3.89	6.66	90.49	33.07	1388	9.44	88
4.1	12.74	3.55	3.75	99	23.71	2363	8.59	88
2.86	14.69	2.1	7.47	84.45	35.86	1048	11.45	88
5.12	14.19	2.71	3.57	97.9	45.87	1698	9.31	88
3.36	14.39	2.9	6.73	98	24.22	862	9.63	88
3.41	13.34	5.61	5.55	96.49	20.84	1319	9.17	88
4.71	16.24	3.64	2.43	98.11	62.09	1509	7.75	88
5.09	13.97	2.66	3.75	95.45	49.1	1317	8.43	88
3.63	11.88	3.35	2.82	95.87	60.86	1431	7.97	88
1.7	11.1	6.2	4.11	92.85	23.84	1000	8.2	88
2.59	12.77	6.25	4.4	97.28	46.96	2514	9.59	95
1.18	11.64	2.62	11.08	80.1	57.18	1606	7.6	97
1.63	14.22	3.59	3.21	88.2	68.56	3060	10.52	95
2.15	12.17	4.24	4.33	98.91	48.4	1676	9.25	95
2.82	16	2.47	1.72	96.77	58.37	3194	9.52	91
2.18	12.01	1.99	11.73	93.91	63.17	1557	7.26	97
2.06	13.68	2.06	10.73	70.4	63.11	1703	10.1	97
2.1	17.05	2.7	3.94	60.72	73.73	2188	12.11	91
1.14	14.93	1.92	6.75	39.83	81.87	2546	14.14	91
3.31	13.62	2.08	3.94	96.52	31.92	3413	9.76	91
3.15	14	3.05	9.01	98.08	36.4	2129	10.43	94
2.88	14.47	4.05	6.39	97.07	51.42	3407	9.89	96
2.49	10.62	3.09	9.5	95.99	72.53	1648	11.29	97
2.16	13.46	2.11	2.22	87.15	72.32	1805	11.14	91
3.21	14.74	1.79	3.26	94.69	72.4	3304	10.99	91
4.24	14.16	4.43	8.1	99	33.36	1511	10.13	95
2.43	15.66	1.39	3.51	58.29	60.49	1731	11.84	91
3.42	14.55	1.97	3.83	99	49.12	2839	10.36	91
2.09	11.82	2.37	2.55	97	54.77	2444	9.37	91
2.97	12.3	4.28	8.88	90.68	49.71	2594	9.25	89
2.9	10.89	3.97	11.42	92.68	52.43	1864	8.85	89
2.82	15.54	3.76	6.18	86.91	49.56	3937	10.21	89
2.42	11.85	4.03	7.65	89.64	49.96	1612	8.13	98
2.51	12.28	5.03	5.94	78.74	36.7	1034	7.83	90
2.23	15.24	4.03	5.37	89.09	40.7	1391	8.77	98
2.69	13.5	5.38	6.01	90.18	39.82	1970	12.34	96
1.55	14.43	3.44	5.68	86.66	64.85	3284	8.16	96
2.19	18.94	3.61	3.21	96.25	49.31	2968	9.06	90
2.72	14.62	6.84	4.67	97.2	26.25	1286	10.58	90
2.82	14.64	4.39	2.02	96.34	49.76	1913	7.84	90
2.61	15.06	4	5.2	89.01	47.67	3798	8.61	89
2.33	13.93	2.71	8.48	89.72	57.68	1845	8.29	89
2.88	14.97	4.43	8.8	96.87	41.81	3681	10.43	96
3.25	15.25	4.53	5.52	91.44	48.42	2184	10.21	96
3.48	13.32	1.82	3.63	98.73	68.53	2358	8.44	91
2.74	17.25	4.21	6.73	88.17	45.56	3536	10.29	96
2.87	16.03	2.82	3.59	86.69	70.56	2408	9.63	94
1.99	12.27	0.96	2.67	98.48	62	2616	9.33	91
2.09	13.55	2.96	3.05	93.91	38.51	2059	8.69	90
2.82	12.1	1.95	5.69	98.66	66.78	1843	9.88	90
2.49	12.71	3.47	9.86	92.2	50.09	2046	8.46	89
2.99	18.52	4.63	3.31	99	17.43	2138	9.59	90
2.04	15.77	3.8	2.43	96.67	33.97	1420	10.92	98
2.09	13.71	3.26	2.82	98.41	51.14	766	7.7	98
2.2	17.35	3.49	3.4	89.97	67.07	1406	9.17	90
4.55	19.39	3.66	1.98	88.93	17.9	1011	9.5	98
3.03	15.48	4.21	3.32	94.03	59.28	2972	9.12	90
3.37	15.69	4.33	1.1	90.05	67.96	1039	9.43	90
2.71	15.05	4.75	5.63	89.94	50.14	2106	10.07	94
2.62	13.63	3.46	6.6	97.49	58.57	2744	9.99	97
3.53	14.54	3.13	7	95.17	31.38	2745	10.13	93
2.35	12.73	3.87	14.67	79.97	74.23	3488	9.66	92
1.65	17.89	2.44	4.84	90.02	57.13	1884	10.62	91
3.14	16.42	3.09	7.28	94.45	56.79	4239	10.1	96
3.61	14.13	2.9	5.43	96.26	25.7	2795	9.62	93
3.11	15.05	4.3	3.02	98.95	52.46	1674	9.38	93
2.96	15.59	3	3.95	91.67	46.19	2836	10.65	94
2.63	15.4	2.74	4.93	99	48.54	1864	11.43	91
2.38	10.65	2	6	88.65	68.77	1052	9.13	97
1.68	9.61	2.61	18.75	89.45	55.21	1072	7.46	97
1.78	13.91	2.96	3.7	92.67	43.07	1352	10.21	98
4.35	17.36	5.27	3.44	98	21.7	1861	11.45	98
2.72	15.27	2.5	7.16	90.31	28.68	3562	10.53	89
2.28	14.71	4.53	1.47	93.9	41.41	2671	7.75	98
2.87	16.78	2	4.15	83.14	42.3	3308	10.91	90
3.16	15.16	4.55	6.71	97.05	46.78	2659	10	93
1.26	17.08	2.69	4.38	85.77	63.35	1265	11.62	91
1.85	13.25	2.86	19.37	87.08	54.42	3358	11.38	92
2.27	15.34	3.3	2.75	85.21	43.53	2334	9.85	90
3.32	13.14	3.07	3.96	92.71	60.11	1659	9.83	90
1.15	10.91	2.3	21.9	76.96	44.43	1568	10.14	97
1.23	11.13	1.15	10.54	89.02	75.22	1303	6.6	97
2.55	14.44	3.29	7.39	93.54	49.12	1489	10.75	94
1.83	14.23	3.29	17.53	88.14	66.43	4160	12.43	92
1.56	15.5	1.37	1.36	64.88	73.7	2045	9.73	91
1.74	14.36	1.52	1.37	87.64	67.8	1379	11.24	91
2.36	14.87	5.84	6.06	94.93	62.47	2159	9.63	89
2.03	13.56	5.42	6.69	95.05	50.73	1180	9.24	95
3.71	12.25	3.86	3.1	93.48	58.65	2670	10.26	95
3.02	13.76	4.09	1	98.7	37.12	1490	9.46	95
3.31	14.33	3.13	8.58	89.56	66.41	2205	9.98	96
2.87	11.95	5.4	3.67	99	58.54	870	5.98	95
2.93	13.25	3.54	6.16	95.21	53.52	1978	10.01	94
2.94	17.18	1.96	2.79	99	42.34	815	7.73	90
1.65	15.15	3.15	2.89	86.12	70.26	2917	8.09	90
2.16	13.66	2.39	10.73	87.35	54.19	3931	10.53	92
2.8	15.64	3.52	10.54	87.05	45.08	3613	11.15	93
1.78	11.76	3.11	13.66	82.61	59.37	3315	11.25	92
3.51	12.64	5.12	5.99	94.58	35.39	1993	9.38	93
2.82	16.94	3.79	5.69	97.16	36.86	1346	8.77	93
2.9	12.6	2.79	5.06	98.44	38.81	1794	10.2	90
3.72	15.26	2.57	4.96	95.31	38.9	2529	10.48	91
3.11	16.35	3.11	3.73	78.27	33.61	1254	8.45	90
2.57	15.27	4.35	6.09	86.12	56.97	2253	9.1	90
2.7	14.3	3.19	7.44	85.8	30.82	2448	9.93	90
1.37	11.6	1.65	12.67	96.61	47.3	1758	7.79	97
2.19	17.02	3.64	2.15	89.2	45.09	1921	14.52	91
2.21	14.93	2.08	2.93	98.35	38.49	1587	10.02	90
3.51	13.71	2.31	2.45	93.46	52.08	1255	10.68	90
2.83	16.68	2.78	3.46	87	56.77	2230	8.92	90
3.2	16.24	2.84	5.08	80.19	45.6	1656	8.82	90
3.23	15.42	3.18	1.97	91.11	59.23	2231	10.04	98
2.42	15.21	3.08	4.41	93.14	29.86	2564	11.93	96
2.4	14.6	3.21	13.66	87.07	66.03	3795	8.46	92
1.83	15.19	2.43	20	68.47	59.17	3495	11.7	92
3.13	15.35	2.98	16.9	74.66	77.66	2716	8.91	92
3.48	16.39	2.17	3.47	97.3	68.6	3819	10.19	91
2.77	13.24	3.92	4.98	96.27	48.24	2092	9.99	94
3.77	14.32	2.13	4.2	93.18	56.79	2067	8.66	94
2.5	15.54	2.54	3.7	98.18	73.39	2240	9.78	91
2.09	11.82	2.37	2.55	97	54.77	2444	9.37	91
3.49	11.9	2.16	6.69	98.76	48.08	2033	9.54	97
1.81	13.7	2.8	2.14	96.11	32.57	1606	10.9	98
2.4	15.06	3.57	5.06	92.08	55.59	1540	8.31	89
2.86	13.83	4.59	5.46	93.75	33.88	3354	10.94	96
3.21	13.81	2.74	6.96	93.6	47.23	840	9.76	90
3.65	15.79	3.65	7.05	99	15.67	931	8.59	90
2.31	17.47	2.76	2.25	87.59	80.16	1992	7.13	97
2.87	12.29	2.87	7.69	92	68.1	1009	8.23	97
2.53	16.83	4.41	6.15	94.32	55.2	3126	7.52	89
1.75	13.15	1.62	5.8	82.6	52.46	1544	10.23	90
2.55	12.92	2.73	9.16	93.51	40.12	1099	9.55	90
1.81	12.84	2.15	11.97	93.43	71.12	3488	9.78	92
2.78	16.13	5.25	1.76	99	31.82	1618	8.22	90
2	10.87	1.72	6.45	96.94	82.9	1049	7.82	97
1.85	11.11	2.29	13.18	93.32	54.78	1134	7.23	97
1.64	16.3	2.4	9.28	84.32	69.75	2871	12.82	91
2.21	14.91	2.71	6.71	88.31	58.43	2213	10.3	91
3.03	14.79	3.68	4.7	94.05	55.66	1846	10.78	91
3.7	10.62	4.62	7.74	99	80.53	433	10.39	91
2.44	13.16	7.66	8.78	82.54	64.67	1763	10.27	89
2.2	15.03	5.18	1	87.79	42.28	1138	9.4	98
3.36	10.64	4.37	17.78	91.64	40.71	2978	9.3	89
2.01	15.23	1.92	5.72	85.81	76.91	1195	12.22	91
2.21	12.47	1.81	3.01	93.96	64.87	994	10.66	91
3.18	14.09	3.15	7.3	85.15	42.88	3712	11.69	93
2.58	16.64	4.05	1.88	87.38	61.76	1629	9.82	90
2.92	15.59	5.39	2.55	97.28	66.25	2707	9.64	90
3.07	14.5	1.74	4.1	95.71	54.95	2414	12.18	91
4.28	16.25	3.18	2.59	99	45.69	3458	10.27	91
1.92	13.16	3.65	26.34	95.2	64.89	2136	12.55	92
3.52	14.87	2.37	15.39	93.91	34.06	1816	10.96	93
3.2	15.38	3.01	8.56	90.95	52.28	2094	10.36	93
2.27	13.5	3.24	3.39	90.91	68.2	1452	12.12	91
2.59	13.06	3.02	8.5	94.43	60.06	3975	9.31	92
2.29	16.5	3.96	1.68	80.91	58.35	1618	11.99	91
2.09	12.68	2.27	16.68	84.3	62.03	2777	9.76	92
2.27	13.65	3.9	17.55	86.25	53.95	3129	10.9	92
2.63	16.85	3.36	6.56	98.75	84.54	2053	11.25	93
2.74	12.23	4.01	1.99	99	40.45	1096	10.86	98
2.34	16.33	2.57	3.3	92.91	43.64	2651	11.39	94
2.86	14.16	2.59	7.7	94.84	58.34	1504	10.64	94
2.18	14.5	4.32	2.76	95.33	33.95	2386	8.84	98
4.36	15.81	2.47	2.46	98.74	28.11	2385	11.32	91
2.25	14.02	4.31	8.52	89.5	52.62	2040	11.52	94
2.82	13	5.27	9.39	89.41	34.51	2769	9.21	89
2.91	16	3.62	6.92	90.06	45.07	6349	10.08	89
1.71	13	2.9	4.1	87.79	77.17	2169	9.73	91
4.98	15.28	3.15	10.93	96.1	49.71	1427	8.76	93
1.54	14.46	2.53	4.37	90.67	50.16	1819	11.65	91
2.5	16.28	2.43	6.81	90.37	66.21	1278	9.78	94
2.61	13.43	3.06	5.86	99	21.28	1340	11.42	94
2.27	18.56	2.27	1	96.98	38.68	3217	7.3	91
2.18	14.51	3.89	5.2	97.91	23.25	2157	10.01	98
2.35	13.8	2.79	1	97.07	22.46	681	8.52	98
2.5	15.56	3.56	11.26	96.16	36.28	1600	11.56	94
3.33	14.79	2.67	1.36	92.58	39.59	1650	9.52	90
2.55	14.69	3.92	1.86	89.47	23.31	1021	9.11	90
1.99	12.98	2.64	9.27	84.17	71.3	2465	11.89	92
1.88	15.54	3.31	12.81	84.41	56.48	2445	10.72	92
3.03	14.31	2.15	2.06	96.29	44.41	2606	9.86	91
3.15	13.34	3.42	8.28	86.02	73.1	1492	10.25	89
3.36	15.4	3.3	4.33	96.75	58.98	1786	10.36	90
2.17	15.01	3.13	1.83	96.21	41.85	1566	9.26	91
2.8	14.57	3.78	2.4	83.64	16.28	2141	9.2	90
3.15	14.62	3.01	7.43	95.08	29.55	2790	10.04	93
2.49	13.05	2.07	5.32	97	73.25	1885	7.85	91
2.02	14.46	3.48	3.81	95.68	55.73	1438	9.53	94
2.83	14.41	1.89	4.26	89.37	40.65	1909	10.53	91
3.86	15.99	2.84	1.31	98.02	56.68	1864	9.55	91
1.67	13.24	2.87	14.76	90.69	62.16	2401	11.95	92
2.65	13.31	3.26	8.1	96.72	56.71	1811	6.79	93
4.22	14.39	3.01	11.3	82.02	52.82	3058	11.58	93
2.22	13.87	5.62	8.81	94	40.49	1709	10.01	89
2.14	14.12	3.58	1.32	96.29	37.08	2429	10.13	98
2.31	13.58	2.71	3.16	97.87	74.52	2032	8.02	91
2.45	15.26	2.06	1.82	96.54	54.33	1795	11.53	91
3.49	11.85	4	1.81	97.91	38.04	2177	9.32	98
2.14	14.59	3.44	12.28	98.37	20.91	1076	7.99	94
3.4	13.53	4.25	4.67	93.83	29.22	2469	9.64	93
2.94	12.65	3.72	12.45	90.48	36.89	3066	8.51	89
2.88	14.33	3.29	10.96	95.07	56.93	2673	10.85	92
1.64	13.61	2.32	5.84	73.74	58.5	1036	8.4	91
2.41	14.2	4.76	3.5	97.37	56.98	1577	9.13	98
3.03	16.73	3.46	7.15	92.57	38.49	4561	11.09	90
3.22	14.8	2.82	1.39	99	32.43	1243	8.53	98
3.03	16.6	5.37	5.88	96.55	41.9	1024	11.62	90
3.61	17.85	3.08	4.16	96.85	33.9	941	11.16	94
1.53	14.29	2.81	3.04	98.18	59.8	1637	11.12	91
3.93	17.03	3.35	2.38	92.6	39.59	1374	11.14	90
2.16	15.1	3.33	10.88	73.51	63.65	5683	10.86	92
2.38	15.59	4.58	2.33	96.01	60.93	1135	7.93	98
4.23	11.63	2.56	5.39	99	26.83	1135	7.4	98
3.2	12.55	6.15	10.56	94.79	53.05	1219	6.23	89
2.62	12.13	3.18	12.63	90.52	48.62	2638	10.27	89
3.98	12.34	2.36	4.59	97.23	32.27	4569	10.31	98
0.96	13.35	4.03	1.96	92.1	76.46	1041	11.05	91
2.69	14.77	4.61	5.29	97.06	27.55	1672	9.93	93
1.33	14.86	1.78	4.07	82.6	79.53	2025	11.11	91
3.21	14.74	2.79	5.45	95.37	31.11	1649	10.31	93
3.11	15.55	3.22	2.99	96.15	67.05	2861	9.02	90
2.95	13.96	4.42	1	99	45.05	1153	8.24	90
3.51	13.42	3.46	2.88	93.32	58.85	1736	10.08	91
2.78	16.41	2.98	3.16	96.03	57.65	1981	10.8	98
2.62	13.79	3.16	4.16	98.02	32.95	2059	8.79	90
2.69	12.44	2.8	7.84	94.08	36.3	1785	6.39	90
4.55	13.56	4.8	12.02	99	56.38	2331	8.19	89
2.8	14.64	3.23	8.21	88.67	40.86	2535	9.47	90
2.59	12.66	3.8	9.63	95.52	44.96	1659	8.5	94
1.85	12.38	3.26	4.57	95.83	20.02	1624	9.36	94
2.4	14.21	3.85	4.68	84.62	42.73	4418	8.58	89
1.41	13.11	3.5	4.47	96.49	37.34	1487	10.15	90
2.77	14.87	2.95	20.28	79.45	54.52	1627	11.8	92
3.15	15.77	3.15	13.09	58.46	74.61	1585	11.55	92
3.18	16.89	3.94	1	93.69	52.6	1445	7.61	90
1.78	14.65	2.88	8.1	73.42	44.01	1631	9.87	91
1.34	15.49	2.56	6	78.15	63.78	1640	10.91	91
2.87	12.47	5.54	2.93	96.47	50.75	1948	10.47	90
2.87	14.91	2.7	1.81	95.12	39.73	2367	7.65	90
1.79	15.15	1.07	3.63	68.48	68.08	2897	10.01	91
2.74	13.68	3.58	8.82	80.86	71.08	2625	9.6	92
3.19	15.64	4.23	7.5	92.5	40.94	2385	9.6	89
4.58	16.36	2.82	5.3	91.34	20.48	2836	8.64	94
2.7	12.96	2.74	6.56	91.09	65.54	2554	8.81	89
1.57	13.15	4.22	5.27	86.87	28.67	1658	7.12	94
2.44	13.25	3.3	6.17	97.96	38.25	1396	7.38	93
2.78	16.91	3.1	8.18	85.98	35.33	2773	9.56	89
3.17	15.32	5.29	6.97	93.23	50.02	2174	8.97	89
3.75	12.9	4.71	4	99	32.14	1465	7.65	93
1.79	11.96	3.22	9.19	96.53	71.22	1396	8.38	99
1.7	15.48	2.54	2.94	84.59	73.33	2241	8.84	99
1.93	17.18	2.94	3.56	77.52	69.16	1868	9.58	99
2.58	16.57	4.16	3.75	63.89	52.67	3029	10.07	99
2.1	14.17	4.99	7.73	76.53	49.93	1143	10.41	99
2.6	16.41	4.97	2.26	75.43	54.26	1347	8.24	99
3.49	13.21	5.49	3.14	87.87	70.02	1347	8.09	99
2.35	17.57	2.77	6.59	72.31	40.62	2891	10.69	99
2.57	16.98	3.9	2.81	85.63	69.73	2256	9.04	99
2.37	16.52	3.37	4.67	78.48	54.36	2911	9.52	99
1.81	16.94	3.57	10.99	82.94	60.62	1765	9.12	100
2.43	13.03	5.02	8.01	97.93	41.63	1274	9.18	100
2.72	16.75	2.74	11.02	75.26	35.39	4048	10.97	100
1.41	15.67	3.8	7.77	89	46.8	1844	11.61	100
1.42	11.45	4.6	7.17	98.83	60.92	1695	8.67	100
1.2	14.49	3.82	12.83	93.9	55.91	1415	8.9	100
3.21	14.54	4.63	7.36	87.62	43.26	1059	8.03	100
2.46	14.72	3.08	11.91	94.07	45.73	2276	8.83	100
1.93	13.1	3.66	7.58	83.86	62.89	2077	8.67	100
2.35	14.35	4.41	7.08	90.8	55.83	1791	8.54	100
1.35	13.61	6.66	13.23	83.75	36.48	1036	7.63	100
2	15.06	3.48	17.22	81.9	34.15	2098	10.77	100
1.85	16.93	3.16	6.48	91.01	27.36	2439	10.74	100
1.96	14.6	5.14	10.54	92.6	43.67	2198	9.74	100
1.87	15.75	3.61	10.06	80.57	60.52	2190	9.91	100
2.37	14.81	3.78	11.29	86.75	64.66	2194	10.12	100
1.54	13.55	4.46	12.77	95.87	41.82	583	10.98	100
2.81	15.65	3.49	13.65	85.23	48.17	2205	11.56	100
1.99	16.57	3.98	2.93	77.57	24.32	1358	9.5	100
1.96	15.28	2.87	16.58	92.85	44.95	2193	7.93	100
2.66	16.06	3.35	10.63	81.2	62.55	1881	10.85	100
2.53	12.94	5.06	20.8	93.66	58.25	711	7.74	100
2.6	11.76	4.58	11.1	97.39	40.77	808	9.53	100
2.02	13.67	4.6	13.99	94.28	56.56	1587	9.33	100
1.73	14.12	4.71	13.79	96.18	40.62	1041	11.72	100
2.13	13.91	3.74	12.06	96.29	26.97	1927	10.17	100
2.37	13.01	5.48	5.1	90.95	35.27	1222	8.27	100
1.39	13.01	3.24	10.21	93.28	61.96	1945	9.2	100
2.79	12.3	3.55	20.2	94.18	35.29	1041	8.84	100
1.81	12.69	4.46	13.05	95.64	25.99	1434	9.83	100
2.09	12.88	2.25	11.46	91.68	34.88	1289	10.01	100
2.72	12.87	3.31	7.79	96.62	55.94	2386	8.76	101
2.97	12.8	3.02	13	98.41	61.99	2187	8.28	101
1.92	12.65	4.91	6.91	99	69.54	1304	8.51	101
2.57	14	2.51	4.66	93.2	48.49	3344	9.3	101
2.03	13.97	3.04	5.67	94.23	51.79	2069	9.67	101
2.98	11.45	3.59	10.84	98.3	41.99	1476	10.64	101
2.53	13.05	4.39	3.84	76.35	51.16	1663	11	101
1.79	12.05	2.18	6.91	94.1	40.51	2572	9.56	101
2.25	12.51	2.85	11.25	98.43	36.4	2487	10.74	101
2.93	12.15	3.09	7.22	97.76	32.15	1876	11.03	101
1.83	13.81	2.57	7.31	97.86	67.67	1637	7.94	101
2.57	11.45	3.29	6.15	97.63	34.08	1948	7.85	101
3.34	13.58	1.98	4.51	96.86	44.21	1767	7.92	101
3.02	11.98	4.15	8.65	96.43	53.69	1954	9.31	101
2.56	11.94	3.93	9.99	96.64	43.58	1834	10.41	101
1.35	11.39	4.14	6.43	96.92	52.01	1185	9.11	101
2.37	12.26	3.68	6.72	98.47	38.61	1900	7.47	101
2.18	13.11	4.66	11.17	87.09	65.53	1373	9.61	101
2.41	12.12	2.93	7.52	97.61	39.75	2079	9.48	101
2.52	10.9	4.35	8.27	94.47	32.81	2183	10.49	101
2.87	11.85	2.71	14.74	91.29	38.74	1916	12.27	101
2.72	12.79	3	13.52	95.08	34.61	1399	10.15	101
3	12.15	3.34	8.97	98.13	30.41	2066	10.21	101
4.33	18.07	4.83	3.09	89.92	59.99	2009	10.05	102
2.21	13.47	3.93	4.96	96.48	35.62	1678	7.99	102
2.11	15.76	2.87	5.93	90.96	44.1	3173	10.05	102
3.46	13.27	3.33	5.51	96.76	58.61	1620	7.78	102
1.33	16.51	2.33	1.91	88.12	78.56	3301	8.57	102
2.05	12.36	1.82	2.04	86.16	46.05	2970	11.72	103
2.26	12.15	1.85	5.93	87.76	67.77	3407	10.24	103
1.72	15.56	1.12	6.77	79.47	65.57	2327	13.11	103
1.35	14.53	1.82	2.61	72.09	77.48	2141	8.87	103
0.7	13.62	1.48	2.31	68.85	87.41	2431	11.39	103
1.18	12.65	1.71	3.83	82.22	37.94	1692	8.81	103
0.98	12.61	1.32	3.02	92.36	63.59	1737	14.34	103
1.86	17.43	1.37	3.7	66.7	63.74	1830	12.46	103
2.17	13.63	1.84	2.15	88.09	52.35	2494	11.55	103
1.58	14.29	1.64	4.24	75.23	62.32	1582	12.9	103
1.63	12.23	1.7	2.88	85.14	67.28	1292	11.3	103
1.2	13.13	1.93	2.37	92.99	61.53	1500	11.27	103
1.66	15.4	1.49	4.69	50.63	51.43	1747	16.37	103
1.84	15.18	2.39	5.01	55.38	74.73	1634	10.1	103
3.41	13.7	3.17	8.59	92.64	51.06	1292	9.67	104
1.7	12.85	5.22	2.35	77.05	61.75	1533	9.2	104
3.39	15.37	4.63	2.76	87.02	54.6	885	8.59	104
2.72	14.24	2.33	4.63	92.55	38.35	3863	8.41	104
1.76	16.59	3.21	4.74	88.62	55.52	1652	11.14	104
2.54	14.02	3.58	3.63	98.7	27.21	2125	10.12	104
2.43	13.11	2.86	2.65	98.22	40.8	3249	10.37	104
2.74	13.98	1.91	2.38	97.17	37.68	3935	6.53	104
2.28	12.94	2.88	3.11	97.5	46.28	3686	8.52	104
2.35	15.88	3.82	4.85	88.22	63.13	1833	10.64	104
2.82	15.24	3.02	3.14	94.32	31.87	2519	11.59	104
2.36	14.13	2.36	3.5	89.37	30.51	1698	10.9	104
2.64	13.13	3.99	2.28	96.23	28.37	1630	9.33	104
2.54	16.19	3.4	4.18	93.6	49.56	4175	10.71	104
3.21	17.62	3.5	1.44	99	34.38	1402	10.13	104
2.28	13.89	4.22	3.63	95.86	21.28	3197	7.85	104
2.24	15.49	4.3	4.11	94.01	54.96	2233	9.09	104
1.37	12.79	2.53	2.19	95.18	49.59	1384	8.74	104
2.91	15.2	3.87	3.72	96.45	29.28	2507	8.46	104
2.46	12.78	2.52	2.8	97.67	28.11	1628	7.99	104
2.14	12.85	2.84	2.14	91.2	47.16	1867	8.89	104
2.68	13.38	3.18	2.69	98.06	34.96	2645	7.64	104
2.05	13.68	3.72	1.48	93.79	32.42	2390	6.99	104
3.63	15.68	5.4	5.46	97.99	38.03	2092	9.7	104
2.87	13.93	3.85	1	97.79	34.94	1845	9.16	104
2.89	13.58	3.42	3	91.08	36.37	2253	7.15	104
2.63	15.03	2.38	1.88	90.87	44.85	2775	9.33	104
2.65	15.11	3.35	1.82	94.88	28.46	3130	9.52	104
2.29	17.43	4.05	2	97.07	42.62	2100	8.38	104
2.37	11.25	2.18	2.87	97.07	31.24	2107	8.54	104
2.2	13.18	4.51	2.59	90.33	56.25	1775	8.62	104
2.95	15.73	2.98	3.07	91.15	45.91	3224	10.45	104
2.66	13.17	3.27	3.41	91.79	52.77	1989	7.49	104
3.66	10.87	2.92	1.89	98.96	32.11	3220	6.68	104
2.76	11.35	2.88	1.29	97.17	44.12	1595	5.2	104
2.03	14.39	3.5	1.9	88.06	34.94	3740	6.23	104
1.46	14.73	2.64	6.01	69.87	53.72	2458	10.78	104
2.78	15.69	2.99	1.58	91.87	28.34	2339	13.3	104
2.08	12.73	3.29	1.91	88.65	76.85	1155	7.36	104
2.75	15.06	2.87	2.71	89.96	31.14	3167	9.47	104
2.47	14.26	3.93	1.52	95.58	35.41	2061	10.38	104
2.41	17.68	3.67	3.12	71.73	70.49	4847	9.14	105
3.6	18.24	3.49	1	74.42	66.8	3783	8.3	105
3.27	17.21	4.62	5.13	78.69	58.97	2963	10.06	105
2.25	16.28	5.04	6.24	86.29	62.44	1646	7.59	105
3.24	16.01	3.17	2.76	74.96	74.29	2966	8.06	105
2.48	17.28	2.64	2.93	71.09	77.7	1250	7.68	105
3.92	16.47	4.21	6.12	85.86	59.41	2398	9.38	105
2.96	16.55	3.01	1.42	81.1	70.08	2060	9.17	105
2.2	15.07	4.49	5.33	88.2	63.59	2316	9.84	105
2.11	15.63	4.79	1.88	66.85	59.14	1753	7.47	105
2.38	16.7	3.27	5.67	66.94	63.57	3275	11.76	105
3	19.94	4.57	1.93	59.84	60.36	2167	9.55	105
3.95	19.33	3.74	2	43.74	78.98	962	8.42	105
2.96	13.03	3.8	2.63	89.53	75.83	1788	6.82	105
2.5	16.97	3.59	2.57	62.01	47.15	1839	10.01	105
2.48	14.5	5.89	2.65	91.11	61.77	1290	8.29	105
1.89	12.89	4.25	3.61	67.4	72.88	2165	7.71	105
2.11	13.62	4.39	2.3	83.47	61.12	2460	7.6	105
2.26	14.69	4.07	2.2	55.06	62.74	2702	9.22	105
3.07	15.7	3.63	1.52	35.36	70.08	2312	8.87	105
3.26	18.73	3.86	2.62	34.36	79.14	2696	11.5	105
3.39	16.74	3.77	1	75.18	72.52	1326	9.28	105
2.56	18.31	3.65	2.08	46.86	80.42	3397	9.77	105
2.67	15.8	3.02	1.42	68.6	67.22	6259	9.07	105
2.52	14.48	2.91	3.87	79.48	59.76	4358	8.49	105
2.98	15.27	4.13	2.33	53.06	70.99	3123	9.8	105
3.29	12.02	4.27	3.54	84.83	61.82	2129	8.22	105
3.05	15.33	3.09	1.92	58.21	68.93	2231	9.68	105
2.86	13.84	5.34	3.61	89.93	50.65	1329	8.28	105
2.98	15.78	3.93	1	86.52	39.14	1578	10.27	105
3.06	14.68	3.89	3.41	94.98	64.02	2289	9.17	105
1.66	13.74	4.06	3.86	85.49	41.45	2416	9.69	105
2.66	15.15	3.38	1	64.91	65.23	3492	9.02	105
2.26	15.86	3.91	1.5	78.38	70.98	3095	9.18	105
3.15	15.19	2.42	3.32	99	22.76	2442	11.43	106
2.36	13.19	3.81	3.17	99	31.06	1312	10.44	106
4.16	12.64	3.29	6.01	97.94	38.08	1155	9.7	106
0.87	11.08	0.29	12.66	97.36	27.76	686	11.81	106
4.04	14.08	2.23	4.81	98.37	42.65	2152	8.74	106
4.19	12.99	3.98	3.25	97.27	42.83	1886	10.92	106
2.79	15.08	2.51	1.32	98.8	77.85	358	10.89	106
3.11	12.69	2.68	4.41	88.64	59.92	2538	10.4	106
3.4	17.2	3.8	1	98.16	39.12	500	13	106
2.66	15.94	2.93	3.6	88.04	56.57	3237	7.85	106
2.97	13.3	4.49	3.82	96.49	38.27	2828	10.4	106
3.02	13.95	4.56	3.01	88.7	30.68	2810	8.65	106
4.85	13.56	4.01	3.65	77.68	77.39	1918	9.96	106
2.81	16.61	1.85	2.4	80.59	26.52	5026	10.41	106
1.75	14.1	1.91	3.93	84.08	60.86	2979	10.51	106
2.78	13.13	2.86	3.07	96.59	13.15	1188	6.82	106
2.78	12.48	3.99	3.75	86.24	52.05	1402	8.77	106
1.8	12.15	2.12	2.47	95.81	39.22	1884	9.87	106
2.63	14.14	2.44	6.14	92.43	41.66	1598	10.14	106
2.49	14.84	2.15	8.25	86.72	53.29	1766	11.55	106
3.14	17.21	2.79	3.9	89.83	27.56	2865	11.34	106
1.62	13.18	2.83	9.9	99	31.35	1237	9.62	106
2.65	13.19	2.86	5.72	99	22.11	1433	10.54	106
3.74	14.12	1.61	7.47	99	22.69	1551	10.06	106
2.09	16.8	2.09	2.41	73.71	60.89	2006	9.67	106
3.98	15.55	2.49	3.18	95.57	34.55	6032	10.56	106
3.18	13.83	2.12	1.34	95.36	39.54	2545	9.82	106
2.6	13.57	2.65	4.47	97.44	52.85	1923	8.58	106
4.42	12.97	2.6	3.14	98.61	51.88	2035	9.48	106
3.06	15.79	3.15	1.63	85.79	36.58	2255	11	106
1.81	15.88	2.07	2.05	89.05	42.97	3091	10.32	106
4.26	15.75	2.09	1.93	92.85	40.2	2298	8.83	106
3.08	12.22	2.42	5.13	97.52	51.98	908	7.71	106
2.95	15.28	3.25	2.65	54.07	75.38	1662	11.13	106
2.28	14.09	4.53	4.2	95.7	22.23	2804	9.17	106
2.77	13.11	2.83	4.02	91.75	67.46	1625	11.02	106
3.17	13.76	2.19	3.83	99	38.58	1737	10.71	106
1.82	11.6	1.18	3.06	97.48	47.92	1699	10.59	106
1.56	13.63	1.95	4.94	80.87	44.27	2303	9.47	106
2.28	16.49	2.07	1.45	83.64	55.46	2850	11.79	106
2.8	13.01	2.39	5.18	97.47	21.79	1714	9.57	106
7.32	12.86	3.89	12.34	97.17	39.06	669	9.57	106
1.67	15.59	1.57	1.57	98.43	19.75	1020	12.65	106
1.81	12.57	1.6	4.35	97.49	37.19	1440	10.21	106
2.5	15.31	3.64	1.59	90.69	26.3	2803	9.6	106
2.51	14.35	3.28	4.27	93.14	45.97	2989	9.2	106
3.4	13.03	2.87	4.48	97.85	43.66	2088	10.63	106
2.32	17.24	3.43	1	86.76	49.08	1984	9.38	106
3.46	12.59	2.05	2.41	96.46	20.66	1271	8.03	106
3.08	16.26	2.96	1.85	92.35	56.27	2633	8.74	106
2.59	13.63	2.15	5.76	97.98	53.31	3440	9.39	106
3.06	13.19	2.55	6.38	99	33.24	1767	10.3	106
2.57	13.73	1.77	4.86	87.02	58.53	2491	10.8	106
3.82	15.7	3.19	2.87	96.17	33.41	1726	8.98	106
1.55	15.37	1.78	2.88	94.61	44.69	3026	10.28	106
2.82	13.79	2.15	3.68	98.54	56.38	2089	11.11	106
2.32	14.1	2.42	3.48	94.57	63.08	3056	9.82	106
2.77	13.89	1.93	3.91	98.14	49.88	3110	8.55	106
2.73	16.34	1.43	1.81	92.48	47.16	2307	9.84	106
2.54	13.63	3.16	2.91	96.67	41.35	1614	8.74	106
1.91	13.97	3.21	4.68	96.16	43.18	1310	9.77	106
1.5	15.42	2	1.89	97.32	29.45	1796	7.57	106
1.52	17.43	1.58	2.18	83.93	60.17	1515	11.29	106
2.8	15.75	1.75	2.41	85.29	50.18	1714	9.45	106
2.1	12.99	2.23	6.51	99	30.89	3188	10.07	106
3.61	14.62	4.09	2.66	96.3	19.5	1689	9.53	106
2.68	13.14	2.36	3.86	92.65	39.64	2123	12.25	106
2.31	12.13	1.57	4.28	86.3	46.79	3247	10.56	106
1.85	12.39	3.91	3.55	83.63	63.91	2276	10.11	106
1.78	16.64	2.23	3.29	75.69	25.3	2241	9.82	106
2.76	18.62	1.83	2.37	91.85	65.03	3008	9.81	106
2.54	13.33	3.11	6.83	93.58	38.02	1928	9.08	106
2.69	14.39	2.3	3.96	90.52	51.91	2301	10.69	106
2.19	13.67	2.58	2.07	91.65	45.65	2055	7.54	106
2.12	11.78	3.13	2.23	88.38	62.27	1885	10.13	106
2.94	13.02	2.52	1	98.69	34.72	1667	8.82	106
2.49	15.16	2.49	2.31	82.05	82.17	2526	8.04	106
4.1	14.41	2.05	3.5	87.23	50.76	3221	9.16	106
1.08	17.35	2.24	2.78	57.73	97.38	1383	8.03	106
2.46	17.53	3.55	3.07	92.45	45.98	2926	11.79	106
2.25	15.54	3.8	4.73	95.55	48.9	2265	9.8	106
2.09	11.82	2.25	3.08	95.95	32.13	1870	9.2	106
1.26	13.05	3.6	3.75	99	50.89	1195	9.62	106
3.97	11.58	2.33	3.28	99	56.15	1460	8.63	106
3.6	12.94	1.95	3.98	87.75	53.1	1693	8.68	106
2.45	15.29	2.13	3.55	92.21	54.79	3668	9.38	106
1.74	13.65	1.79	3.72	96.85	33.48	1839	9.95	106
2.14	10.53	1.88	4.44	98.06	29.51	1168	11.13	106
2.24	11.99	2.35	2.91	97.39	47	2677	10.83	106
1.36	13.1	1.95	1.92	83.84	77.4	2358	7.97	106
3.05	14.2	2.21	3.03	96.22	36.08	4790	9.77	106
1.96	15.21	1.48	4.28	87.7	52.74	3168	9.03	106
2.02	14.04	1.69	2.03	85.29	45.84	5386	10.49	106
1.79	14.06	2.96	3.57	87.26	68.67	2567	8.65	106
3.49	13.06	3.08	2.99	90.09	60.79	2466	10.34	106
3.01	11.76	2.3	4.88	85.36	60.37	2126	9.31	106
4.02	14.97	1.72	3.02	88.62	20.63	3087	11.53	106
2.69	14.73	2.42	3.93	73.47	28.55	6274	10.36	106
2.75	16.01	2.53	2.77	87.37	31.39	4661	12.16	106
2.95	15.02	2.81	3.72	92.07	41.28	2810	10.32	106
2.32	14.07	3.43	1.5	87.41	47.69	1983	9.28	106
3.17	12.64	2.34	3.4	97.13	59.98	1922	8.32	106
1.21	11.14	2.26	4.71	97.81	67.76	1239	10.41	106
2.67	15.13	1.21	4.38	87.96	76.63	2400	10	106
2.35	13.42	3.33	4.52	77.34	62.26	1744	11.87	106
3.29	10.82	2.3	2.84	93.13	21.35	2219	9.19	106
2.76	12.33	3.05	5.54	76.78	52.48	2757	8.16	106
2.83	13.29	3.89	4.19	76.11	36.64	2648	9.71	106
2.68	15.99	2.71	3.27	87.62	40.74	3102	9.41	107
1.79	16.28	3.45	3.72	89.88	61.66	3797	8.93	107
2.77	14.51	4.09	2.65	94.97	28.11	3102	8.99	107
2.71	13.62	3.51	3.18	89.93	27.32	3731	7.26	107
1.99	15.18	3.69	1.19	73.96	50.18	3169	8.77	107
3.74	16.39	3.88	2.39	73.33	28.01	2911	8.28	107
3.12	14.71	4.48	3	91.27	28.4	3012	10.92	107
2.06	15.64	5.16	3.91	87.8	45.46	2424	9.12	107
2.61	15.42	3.72	3.57	94.5	38.85	2530	8.54	107
1.86	16.35	4.11	2.76	85.36	34.66	3016	10.64	107
2.85	17.32	3.37	3.01	81.84	60.69	3620	10.22	107
2.55	16.44	3.12	1.35	85.13	45.98	4076	9.81	107
3.66	14.9	5.08	2.13	88.54	43.61	1967	8.95	107
2.29	12.09	1.53	5.24	78.31	66.59	1704	10.92	108
1.55	9.74	1.38	15.7	86.61	40.53	2393	10.11	108
3.15	13.11	1.32	4.59	98.81	48.76	1365	9.67	108
2.68	15.61	3.33	8.96	70.98	45.7	3241	13.7	108
2.41	10.95	1.86	6.86	95.12	43.07	2366	9.85	108
3	14.65	2.49	8.76	91.32	32.35	1167	11.31	108
2.06	11.44	2.01	9.88	89.65	49.9	3391	8.73	108
2.21	16.48	2.02	6.68	62.13	61.75	3658	11.76	108
2.68	12.89	2.24	13.84	76.4	36.51	5974	11.25	108
2.92	12.9	1.4	5.85	76.74	47.07	3635	10.01	108
3.21	14.72	1.89	9.32	71.53	37.94	4388	12.24	108
2.95	11.7	1.57	5.35	87.28	50.09	2035	10.76	108
3.55	15.58	1.62	11.58	80.66	44.34	2844	11.92	108
3.54	14.2	2	4.45	95.5	35.97	3500	12.83	108
3.14	13	3.14	5.81	87.71	36.34	1877	9.22	108
3.29	12.13	3.32	5.62	77.04	32.04	3158	11.21	108
2.36	11.65	1.82	9.87	92.02	42.81	2961	8.04	108
3.38	13.54	2.07	4.23	94.24	55.07	2364	9.73	108
3.76	12.28	1.92	3.3	99	40.48	1197	8.1	108
1.79	13.1	1.65	8.61	62.57	54.9	5266	11.72	108
2.77	14.61	1.83	5.87	68.93	48.97	2848	11.52	108
2.22	13.09	2.85	9.02	53.44	57.29	4239	12.69	108
1.53	14.68	3.01	3.14	62.47	68.01	1826	8.43	108
1.73	14	3.16	3.89	77.35	39.67	4329	11.25	108
2.62	14.95	2.87	8.43	89.79	35.11	3553	13.23	108
2.83	15.94	3.21	4.68	91.86	29.68	2121	10.37	108
2.31	11.23	2.56	10.22	95.81	20.91	1603	10.98	108
1.84	13.39	2.98	12.85	68.54	58.89	6477	12.64	108
1.38	14.97	3.28	2.17	84.64	54.33	2746	9.61	108
1.9	10.28	1.84	4.83	94.49	34.07	2995	8.55	108
2.4	15.61	2.74	8.99	80.89	67.16	2703	10.84	109
3.11	12.54	4	15.14	97.72	40.91	2249	10.58	109
1.57	12.77	3.58	19.13	96.34	76.12	1339	7.99	109
2.28	13.59	2.69	13.34	88.37	44.31	2458	9.32	109
2.31	13.76	3.21	11.28	98.48	39.27	2900	9.41	109
2.4	13.84	3.78	6.55	91.53	37.98	2537	9.62	109
2.77	14.36	6.9	7.02	82.43	50.6	1769	10.85	109
2.12	12.73	3.71	9.38	94.49	71.86	1131	11.67	109
2.11	14.48	3.03	5.08	93.95	44.54	2707	10.45	109
2.64	14.24	2.24	2.6	95.93	31.33	2008	10.56	109
1.42	11.95	3.02	14.99	98.63	53.57	2117	9.59	109
2.74	12.49	2.44	5.23	99	47.79	2627	8.07	109
2.18	12.32	4.52	11.46	97.44	46.19	2387	7.16	109
1.73	13.75	3.73	19.32	94.69	67.29	1797	11.85	109
2.23	14.02	3.97	10.3	97.12	48.75	2875	11.23	109
2.67	12.27	3.63	9.78	98.61	30.76	2176	12.09	109
2.44	13.51	4.26	10.88	95.19	26.12	1925	10.7	109
2.73	13.7	3.23	6.22	96.17	33.61	1577	9.07	109
3.19	15.05	3.7	7.9	89.12	18.34	2160	10.83	109
4.76	11.99	2.38	17.97	93.81	29.57	1009	11.79	109
2.51	13.85	4.39	7.61	87.27	50.9	1754	11.4	109
1.74	12.56	3.56	11.98	94.57	32.03	2245	10.51	109
2.04	13.37	5.69	10.39	96.59	22.53	1862	10.1	109
2.79	13.08	3.65	9.34	96.64	41.46	2469	10.9	109
4.03	12.8	2.7	7.84	97.23	34.97	3445	9.64	109
3.59	15.5	3.98	11.81	97.26	17.58	2510	11.27	109
2.23	13.88	4.84	6.2	99	28.88	1880	9.84	109
2.81	13.26	4.5	12.72	94.1	32.35	1244	13.59	109
3.8	14.95	2.06	5.37	96.82	51.7	1264	10.68	109
3.29	12.98	3.11	5.8	99	37.29	1702	9.11	109
2.81	14.62	4.03	5.81	95.13	35.55	2531	10.63	109
2.78	13.19	3.09	12.41	98.28	74.56	1296	9.34	109
1.6	14.37	2.84	5.83	96.9	56.62	1371	8.83	109
3.1	12.83	4.92	7.88	96.43	26.45	2034	10.77	109
2.85	14.12	3.78	4.3	97.4	40.26	1402	9.27	109
2.84	13.94	4.04	14.31	91.91	31.61	2080	9.66	109
2.34	11.89	4.52	12.07	91.82	31.39	1968	8.64	109
2.53	12.41	4.17	6.82	98.3	24.66	2328	11.68	109
2.69	15.32	2.94	3.13	99	51.69	3983	9.49	109
2.7	12.27	4	5.66	97.18	34.96	2151	8.88	109
3.25	14.24	3.21	7.1	95.74	40.46	2585	10.99	109
2.75	15.2	3.28	6	99	55.56	2652	11.12	109
3.18	13.29	3.46	10.92	99	37.9	2137	12.82	109
3.94	13.95	4.47	7.38	98.34	24.53	1878	11.93	109
3.01	12.62	4.19	7.39	96.9	28.79	1862	11.17	109
2.8	13.66	3.56	10.87	90.57	34.28	2643	10.56	109
3.24	11.42	2.74	9.78	98.08	38.47	3029	9.74	109
2.42	12.37	3.2	8.34	99	36.43	3097	9.53	109
2.49	13.51	5.82	9.58	95.56	22.93	2287	13.64	109
2.86	13.92	3.58	9.36	95.25	26.61	2623	10.56	109
1.74	13.84	4.03	9.13	98.15	22.61	1438	9.11	109
2.49	14.06	3.96	6.25	98.79	35.7	1565	10.67	109
2.34	14.31	4.5	9.57	97.61	19.57	2180	11.01	109
2.77	12.99	3.92	7.69	96.59	33.89	1478	10.69	109
2.4	11.7	3.36	7.8	90.02	52.74	2914	7.86	109
2.44	13.23	3.79	11.77	92.36	38.69	2086	10.31	109
2.65	10.47	3.57	19.25	92.47	21.69	1738	9.09	109
1.68	13.21	2.37	8.3	87.85	71.32	3459	8.47	109
2.14	13.09	3.62	8.79	90.74	44.87	2292	10.08	109
2.2	13.7	2.75	8.65	96.06	45.5	2869	9.1	109
3.2	14.05	2.83	3.11	90.59	45.45	5752	8.34	110
3.78	15.14	2.27	1.31	81.85	75.98	3567	8.44	110
2.28	13	2.37	2.92	91.52	59.09	4085	8.37	110
3.82	19.55	1.8	1	98.36	24.86	445	7.19	110
3.28	15.02	3.28	2.48	97.05	55.79	3382	8.07	110
2.53	15.8	2.1	3.94	79.82	64.17	4752	9.87	110
2.49	12.63	1.79	6.2	98	61.79	1568	8.1	110
2.61	15.44	2.05	3.3	95.3	42.12	4288	10.54	110
3.14	15.33	3.21	1.87	96.02	35.34	5259	9.55	110
2.97	15.08	2.87	1	84.92	54.47	2791	8.28	110
2.88	12.74	2.74	4.69	92.55	50.58	4379	8.5	110
2.78	13.62	3.95	4.1	98.23	43.59	1799	10.12	111
1.95	12.52	2.93	4.76	98.11	36.62	3172	8.98	111
2.9	10.87	4.64	4.48	94.54	76.1	690	8.41	111
2.38	13.72	3.82	2.49	77.87	53.55	1596	8.27	111
3.31	15.46	2.12	1.65	71.06	74.06	2690	10.74	111
2.09	14.31	2.77	2	89.66	52.97	5737	10.41	111
1.25	12.34	1.62	2.82	95.18	29.87	802	8.85	111
3.48	13.69	1.74	1.65	87.94	50.95	3682	8.72	111
2.98	12.49	2.65	3.93	94.59	53.76	2114	7.81	111
3.83	12.62	2.63	4.22	98.69	49.05	1751	8.28	111
2.81	13.43	2.27	2.87	96.37	65.58	3350	10.45	111
1.85	15.7	2.49	1.21	95.37	55.16	3127	8.31	111
2.22	12.55	2.9	3.6	93.39	44.78	2518	10.44	111
2.36	13.8	2.23	2.16	89.73	64.51	3094	7.24	111
2.67	12.08	3.2	2.96	96	44.65	2624	10.14	111
2.06	13.46	1.58	1.67	92.08	62.58	2474	8.89	112
2.11	17.17	1.98	2.31	89.15	56.56	2370	9.07	112
1.85	15.34	2.93	1.43	74.9	41.84	1943	10.19	112
1.71	15.25	3.35	1.63	91.11	58.58	1403	9.91	112
2.35	15.7	3.39	1	54.79	49.48	2510	9.48	112
2.46	19.58	3.47	1.15	57.55	56.65	1670	11.32	112
2.69	17.58	3.3	5.97	89.04	37.04	1485	8.75	112
1.93	15.5	2.57	2.92	90.97	60.77	1865	9.28	112
2.61	14.92	2.53	2.81	76.11	47.52	2413	10.15	112
1.54	14.96	1.97	3.14	74.76	72.58	1624	8.81	112
2.82	14.25	1.97	4.84	94.36	30.91	3194	8.45	112
1.98	15.29	1.56	4.12	90.74	56.62	1413	10.54	112
2.49	17.73	3.51	2.12	80.31	37.67	1568	11.93	112
1.73	13.6	3.29	1.7	90.55	52.45	1154	9.19	112
1.69	13.86	2.23	7.85	92.07	59.29	2194	10.71	112
3.16	11.79	3.67	2.88	90.6	42.47	3350	7.91	113
3.33	11.93	2.83	9.52	86.25	71.87	2792	9.1	113
3.5	12.7	3.29	8.73	86.25	44.95	3858	8.53	113
2.8	12.72	4.86	5.03	96.45	51.25	2389	8.41	113
2.57	16.28	2.78	4.42	92.51	45.32	3274	9.87	113
3.18	13.33	2.73	4	90.87	37.44	4029	7.79	113
2.68	15.02	3.14	3.79	81.62	58.63	2836	9.63	113
2.83	12.51	3.38	3.81	91.68	59.17	2366	9.13	113
2.94	11.56	4.43	2.08	92.78	59.36	1601	9.18	113
2.53	15.83	2.65	5.87	69.83	66.95	3165	9.83	113
2.39	13.09	2.84	4.16	93.97	63.87	3522	7.89	113
2.69	14.7	3.04	3.21	84.75	62.05	5094	9.44	113
2.64	14.24	2.94	2.13	95.55	49.08	3329	9.58	113
3.12	11.41	3.96	2.42	96.87	50.38	1893	7.08	113
3.24	16.9	3.51	1.97	86.39	57.4	2533	9.47	113
3.48	15.89	3.19	5.62	79.66	56.76	4707	10.64	113
3.14	15.3	4.69	2.89	82.6	52.54	2772	9.67	113
2.01	12.47	4.69	1.69	84.63	33.79	746	8.18	113
3.06	15.99	3	2.74	96.62	40.08	3101	8.74	113
3.6	14.46	2.59	7.19	94.36	37.06	4086	9.15	113
3.72	14.72	2.89	2.84	88.88	50.62	3499	8.57	113
3.69	10.75	3.12	3.21	95.03	39.95	1926	7.48	113
2.87	14.58	3.37	2.82	70.21	66.11	3141	9.74	113
2.66	13.61	3.69	4.26	88.84	68.1	3196	8.98	113
1.89	15.58	4.17	2.95	95.74	38.93	2112	6.34	114
2.8	14.37	3.43	4.14	75.41	53.45	1893	9.46	114
2.43	15.67	4.39	2.93	90.29	42.62	3574	8.28	114
2.04	16.12	5.18	4.59	87.84	43.48	1911	10.83	114
3.06	14.32	4.43	4.58	91.06	38.52	1962	8.66	114
1.63	12.41	4.81	2.47	75.29	53.06	1289	7.99	114
3.23	15.8	3.27	4.28	91.59	40.17	2633	9.95	114
2.08	12.86	4.01	2.29	94.25	32.55	2643	8.78	114
2.66	13.48	4.57	3.76	97.63	62.46	2144	6.9	114
2.74	15.55	4.34	1.47	91.68	33.18	2881	10.66	114
2.84	14.78	5.05	5.08	86.61	59.19	1407	9.17	114
1.9	15.87	4.72	1.3	98.44	25.5	1739	9.95	114
3.08	16.1	4.64	6.33	81.41	52.88	1658	9.83	114
1.16	16.05	2.37	4	72.68	50.54	2237	8.67	114
1.85	15.37	4.86	5.03	83.97	45.18	1295	8.26	114
1.97	15.58	7.53	4.26	80.07	57.02	1168	9.93	114
2.73	15.75	2.87	5.42	96.23	37.2	2267	8.25	114
2.48	14.3	2.84	2.4	79.36	29.39	2504	7.79	114
2.17	16.83	3.44	1	90.74	30.65	1337	9.35	114
2.38	12.53	5.81	4.33	98.05	39.99	1429	8.33	114
1.58	11.85	2.59	4.72	99	54.39	1586	9.08	114
1.54	14.77	3.42	3.05	96.88	55.01	2078	8.95	114
2.33	17.29	3.64	2.66	95.19	37.35	4118	8.64	114
2.56	14.37	6	8.93	95.4	61.67	1134	9.17	115
2.76	15.91	2.96	3.09	95.16	64.23	2062	8.29	115
3.42	14.08	2.71	3.47	95.32	49.54	4126	10.16	115
3.34	12.87	3.39	10.96	94.65	46.52	2035	9.39	115
2.13	13.14	1.91	2.64	97.5	77.52	1880	10.37	115
3.11	14.62	3.35	4.09	97.7	75.12	2059	9.76	115
3.1	11.05	2.13	13.99	93.3	23.55	516	4.26	116
2.32	12.57	6.89	2.6	95.51	38.72	1336	7.63	116
3.25	12.02	4.11	4.06	94.49	36.29	1847	7.36	116
2.02	13.79	5.12	1.51	91.38	37.39	1835	7.36	116
3.03	13.56	3.91	4.31	93.61	44.83	1586	7.63	116
2.9	12.76	1.9	4.01	93.84	54.68	1998	8.26	116
3.21	14.34	4.92	4.3	93.83	45.12	1932	9.52	116
3.07	15.16	2.45	9.64	87.45	39.34	1431	8.11	116
2.03	11.92	5.81	2.79	98.62	20.19	1376	8.07	116
3	15.38	4.89	6.61	96.31	24.25	1268	8.91	116
2.4	11.58	4.95	7.44	97.54	35.66	1373	9.25	116
2.81	13.19	2.69	4.19	89.28	45.04	1744	9.17	116
3.35	10.61	6.07	7.72	99	32.93	1103	7.25	116
2.58	11.28	3.54	6.84	85.52	26.19	931	10.31	116
3.14	12.88	3.93	9.5	90.68	36.24	1273	8.72	116
2.18	12.75	4.1	3.09	95.08	36.55	1929	9.38	117
2.74	13.71	2.01	3.14	99	41.22	2042	8.47	117
2.57	11.67	3.95	5.73	93.74	38.86	1594	8.85	117
1.81	13.18	4.18	2.7	91.57	46.27	1988	9.1	117
3.38	11.66	2.99	4.66	97.42	45.94	2574	8.08	117
3.37	9.1	2.45	3.63	99	26.89	978	6.13	117
2.09	13.72	2.79	7.25	90.14	49.39	1436	9.47	117
4.12	13.33	3	9.07	99	48.15	1433	9.98	117
2.71	14.65	3	5.27	95.49	39.86	1700	7.35	117
3.5	14.25	2.47	3.78	99	36.18	2028	8.04	117
1.47	12.59	3.26	4.44	99	16.37	1501	10.06	117
3.09	15.45	5.48	7.78	98.63	20.4	1003	8.97	117
2.26	12.68	3.13	5.68	98.23	31.5	1151	9.9	117
2.66	12.43	4.57	8.21	96.53	43.13	1730	7.4	117
1.08	10.6	4.14	3.98	95.47	27.53	1207	9.03	117
1.8	11.45	3.47	7.95	98.15	32.2	777	9.78	117
2.25	14.37	5.16	4.59	98.48	37.75	1823	11.3	117
1.54	12.26	3.54	3.24	95.69	36.14	1101	6.72	117
3.15	14.12	3.95	1	86.12	46.77	1239	8.23	117
2.07	12.8	3.93	4.76	95.29	35.01	1500	6.93	117
3.06	13.35	4.83	1	94.79	59.09	1243	7.56	117
3.31	13.63	4.01	4.44	95.03	29.14	1570	7.2	117
1.87	13.44	3.27	6.96	89.12	26.35	1927	10.9	117
3.04	13.98	2.6	5.44	98.3	18.08	1810	9.94	117
2.59	12.55	3.46	8.82	97.77	14.11	1968	11.59	117
1.76	10.95	4.43	11.2	98.74	37.65	1196	8.19	117
2.53	12.67	3.3	10.97	99	30.19	1697	8.54	117
2.57	11.98	4.36	3.51	99	10.44	1010	7.72	117
1.64	12.76	3.58	1.67	96.94	11.73	1340	8.81	117
2.19	12.92	3.4	7	95.57	33.58	1324	7.78	117
1.85	10.96	2.89	7.9	97.63	29.24	1350	8.89	117
2.02	12.14	2.45	12.33	98.19	35.55	939	12.35	117
2.16	12.22	3.24	10.42	97.77	28.33	1203	8.81	117
2.63	12.69	4.32	2.97	98.37	52.19	1064	9.49	117
3.19	13.05	4.2	4.82	98.67	29.46	1096	8.67	117
3.35	13.51	2.29	4.84	98.79	12.93	1614	9.91	117
1.6	11.66	4.15	4.12	96.81	24.49	1879	8.52	117
2.65	11.49	3.53	4.87	99	27.8	1358	7.29	117
3.59	12.8	4.93	4.37	94.34	55.63	2476	7.88	117
3.03	13.07	3.22	1.53	99	47.94	1553	7.34	117
1.89	13.58	4.23	2.21	97.43	12.83	1112	8.36	117
3.16	12.58	3.37	4.02	98.05	42.49	1423	9.21	117
2.6	11.2	3.76	2.19	99	11.96	1384	8.67	117
2.62	14.83	4.76	1.21	91.87	49.72	1261	9.91	118
2.4	14.36	2.66	9.28	96.35	62.41	1581	7.46	118
2.58	15.48	3.78	3.61	64.85	49.81	3095	10.63	118
2.55	17.47	4.94	1.74	75.96	56.28	1843	9.55	118
2.06	13.91	5.72	5.84	79.96	49.35	1503	9.25	118
1.83	13.8	4.39	5.35	81.35	49.18	1094	13.07	118
2.69	14.41	3.5	7.97	82.77	45.68	2568	7.87	118
1.66	14.56	4.89	2.16	62.64	76.93	2047	11.38	118
2.44	14.91	4.14	4.49	53.18	66.89	4594	10.3	118
2.45	15.46	3.02	1.74	61.81	43.86	4204	9.8	118
4.4	13.07	2.5	7.27	94.63	42.31	3161	11.2	119
3.79	12.37	2.9	5.2	99	33.15	897	8.25	119
3.56	15.69	3.51	5.87	87.61	51.13	1937	9.55	119
3.02	13.46	2.24	4.87	96.08	46.7	2185	9.75	119
2.66	15.29	3.16	7.49	91.1	31.15	2440	11.07	119
2.77	13.71	2.21	4.35	96.95	38.27	1948	9.45	119
4.73	13.51	2.7	5.74	92.37	22.04	1629	10.44	119
3.05	13.24	3.4	7.75	98.15	40.63	1707	10.25	119
3.85	14.74	4.05	6.86	97.11	29.46	1974	11.45	119
3.26	13.46	2.64	3.79	97.13	61.4	2237	9.83	119
3.55	13.51	2.67	5.82	96.37	38.29	2057	10.06	119
3.11	13.93	2.89	2.83	97.23	52.32	2218	10.23	119
2.74	16.42	3.01	5.04	63.8	44.62	2193	11.17	119
2.57	16.98	4.11	2.86	71.57	61.35	2456	9.85	119
2.39	12.13	4.17	2.2	71.34	54.52	3142	9.36	119
2.34	15.08	3.72	2.64	63.54	56.5	4537	9.61	119
2.44	14.11	3.49	6.07	84.65	54.99	4295	11.08	119
3.67	12.3	3.67	1.49	98.07	41.92	1471	11.83	119
2.88	13.3	3.86	1.91	98	36.61	1737	7.43	119
2.34	14.41	5.52	3.59	95.3	33.12	2609	8.55	120
2.76	14.82	4.03	4.99	83.84	31.88	3002	9.29	120
2.43	14.53	3.94	7.2	92.03	30.58	4040	9.68	120
2.63	15.28	3.51	3.41	83.63	34.37	3194	9.33	120
2.47	16.51	3.45	6.21	87.38	28.58	5512	9.8	120
2.25	13.82	3.71	3.38	89.6	35.5	2750	8.98	120
2.77	14.04	3.13	3.81	96.62	37.42	3932	9.41	120
2.93	14.33	3.78	6.44	92.78	32.74	3545	10.66	120
3.01	14.04	4.14	3.24	94.5	35.91	3384	8.1	120
2.79	16.25	3.9	2.99	86.19	33.13	2259	8.54	120
3.4	13.07	3.4	13.7	98.13	30.86	1178	9.59	121
2.42	13.1	2.9	9.6	96.6	36.35	2519	10.56	121
2.89	12.2	2.8	10	98.01	35.52	1213	9.32	121
2.62	12.98	2.27	8.66	95.95	35.68	1410	9.29	121
4.18	11.97	2.71	5.14	99	36.36	2247	10.1	121
2.61	13.64	3.41	9.53	90.46	56.34	2258	10.45	121
2.46	14	3.05	12.71	99	37.82	2035	8.26	121
3.65	13.43	2.74	18.09	94.59	38.1	4163	10.28	122
3.04	13.99	2.61	6.37	89.49	60.35	3031	10.36	122
2.9	13.84	2.28	7.95	89.38	41.58	4992	10.28	122
3.64	14	2.83	7.87	93.77	27.11	4092	9.38	122
2.51	14.04	2.72	10.05	88.25	60.89	3233	9.93	122
3.66	12.99	3.33	4.7	95.49	46.85	3664	8.84	122
4.16	14.53	2.56	12.35	83.39	59.79	6179	14.16	122
4.11	13.53	4.44	5.06	85.29	51.05	2409	10.42	122
4.18	12.7	2.67	8.83	94.35	57.26	3827	9.17	122
2.95	13.82	3.22	12.83	92.71	55.48	2982	9.09	122
2.98	12.72	2.78	4.25	92.02	26.3	2516	9.54	122
4.12	13.35	2.98	8.02	90.06	46.86	2352	10.37	122
3.11	13.24	3.92	7.42	95.14	50.91	2576	8.46	122
3.06	14.13	3.89	6.15	91.63	56.09	2647	9.33	123
4.08	17.23	2.37	2.38	88.8	65.82	3796	9.59	123
3.14	15.23	2.63	5.13	93.72	58.29	2895	8.08	123
2.42	16	2.12	8.36	80.81	50.89	1650	9.03	123
2.33	13.15	2.29	5.56	94.79	37.23	2487	8.28	123
2.63	14.79	5.01	4.26	78.07	40.98	2657	8.69	123
2.98	16.45	3.93	2.78	79.48	42.88	4862	8.6	123
3.21	17.1	3.74	8.52	97.03	52.56	1310	9.31	124
3.36	15.3	1.95	7.85	91.86	40.38	1490	11.61	124
3.67	14.23	3.52	7.8	94.36	34.2	1335	9.96	124
2.55	14.37	3.33	8.07	99	18.07	1413	11.89	124
2.37	15.09	2.84	7.74	75.52	31.12	1902	11.93	124
3.41	15.64	2.57	4.41	96.37	32.1	2372	8.9	125
3.18	15.32	3.82	3.55	99	35.71	2043	9.4	125
3.74	14.66	3.4	2.42	97.4	39.1	2380	9.45	125
1.77	17.19	3.77	1	87.87	42.53	1803	9.48	125
3.34	15.32	2.67	4.46	99	27.77	2663	9.31	125
3.93	15.38	3.68	2.11	98.89	17.62	2470	7.49	125
3.34	15.94	3.08	7.81	91.16	47.6	1945	10.33	125
2.82	14.46	3.49	5	96.07	33.11	3265	9.25	125
4.08	13	4.02	5.51	98.26	35.52	1692	9.28	125
3.56	12.78	2.71	2.39	95.99	61.18	1768	9.5	125
3.52	12.12	3.93	6.28	98.62	34.53	2417	6.29	125
4.63	13.4	2.42	3.55	97.21	40.7	3305	8.11	125
4.13	15.86	3.95	3.52	96.45	44.64	2302	9.17	125
2.57	14.96	3.81	2.62	90	47.97	2259	9.34	125
2.37	15.33	3.16	3.49	93.04	27.96	2785	10.45	125
3.57	13.98	2.61	7.65	93.95	34.9	4486	9.01	125
3.88	15.53	4.42	2.94	98.79	24.61	1674	10.99	125
3.84	16.51	3.56	2.18	91.71	39.5	4275	8.05	125
3.56	12.81	4.06	3.03	98.07	50.49	1600	9.38	125
3.41	14.53	3.06	4.68	98.42	27.63	2876	9.21	125
3.92	16.6	3.46	2.49	97.25	40.5	2602	9.03	125
3.47	15.76	2.8	3.76	98.45	30.39	1929	8.61	125
4.29	12.86	3.22	4.23	99	30.96	1866	9.81	125
2.42	17.3	4.08	3.41	95.74	28.14	1815	10.58	125
3.59	15.15	3.23	3.39	99	27.34	1980	9.44	125
3.6	16.1	2.75	3.73	94.85	40.02	3527	10.07	125
1.86	18.58	4.04	1.85	84.76	50.4	1238	11.39	125
3.78	13.34	6.4	3.84	99	22.49	1297	9.87	125
3.48	15.32	3.41	2.46	98.42	14.08	2814	10.2	125
2.64	15.27	2.96	2.9	97.58	20.22	2233	10.03	125
4.72	13.54	3.4	2.86	97.01	18.1	1588	8.82	125
2.85	15.12	4.12	3.38	86.85	19.37	3055	10.08	125
3.57	13.71	3.98	2.75	95.71	31.7	3414	8.67	125
4.39	16.91	3.03	1.96	96.75	22.61	3005	7.79	125
3.57	16.36	3.29	6.03	98.18	43.28	2519	10.36	125
2.78	13.2	3.91	4	93.81	41.93	1765	9.63	125
3.37	15.08	2.64	3.88	94.32	48.06	3176	9.38	125
3.48	14.54	4.18	3.21	96.28	35.44	2297	9.84	125
3.32	13.41	4.04	4.77	92.08	40.06	2229	8.3	125
3.44	13.43	4.09	4.54	92.92	37.13	2152	8.55	125
3.54	13.3	4.29	3.8	98.73	19.35	1865	7.13	125
3.76	15.32	4.89	7.08	94.64	39.09	2820	8.09	125
3.09	14.09	2.29	6.12	98.13	37.37	2747	8.15	125
2.71	14.1	5.02	2.06	96.93	46.91	1475	8.14	125
2.4	19.35	4.35	1.65	76.76	57.67	1793	10.93	125
3.31	14.6	5.1	2.03	98.63	28.13	1842	9.17	125
2.3	14.93	4.91	2.16	96.08	37.26	2566	9.04	125
2.77	12.36	3.46	4.84	98.89	17.81	1910	8.38	125
3.25	14.13	4.2	3.39	96.51	37.14	1784	8.74	125
3.91	13.65	3.91	2.66	95.13	41.76	2074	7.28	125
4.26	16.27	4.4	3.87	98.73	17.26	1432	7.26	125
2.65	14.88	2.97	4.45	97.42	46.87	2493	9.67	125
2.63	18.59	4.27	1.2	93.37	27.27	3652	10.1	125
3.57	12.69	2.62	3.73	98.67	40.39	1907	6.4	125
1.12	12.29	2.65	3.97	96.41	48.27	1700	11.47	126
2.66	15.59	3.71	2.2	90.65	34.3	2290	8.95	126
3.04	12.04	4.64	2.16	87.79	30.13	1744	8.94	126
2.34	14.15	4.14	5.32	95.21	47.45	2268	8.29	126
2.6	14.69	2.89	2.91	75.2	50.72	1729	8.5	126
2.68	13.41	3.21	4.38	85.68	40.91	1715	6.47	126
2.56	12.82	5.47	4.12	93.29	13.53	1170	6.32	126
1.83	13.61	4.79	3.53	81.59	56.43	1962	8.46	126
2.62	13.87	5.24	4.47	76.75	42.9	1564	9.72	126
2.08	14.37	3.03	3.99	85.36	27.6	2311	7.66	126
1.61	14.87	3.12	2.49	87.98	44.96	1923	6.97	126
2	12.01	3.62	3.55	74.32	69.16	1049	8.29	126
2.27	14.13	4.2	3.66	91.22	28.11	1762	7.43	126
1.13	10.01	3.67	4.62	80.9	49.52	709	8.89	126
2.75	15.23	1.99	7.07	78.74	51.76	1307	8.42	126
2.66	13.87	2.99	3.96	85.14	53.01	2142	7.24	126
2.02	12.03	4.36	1.95	91.19	36.53	1239	8.96	126
2.67	14.77	3.39	7.88	94.37	34.95	1801	8.16	126
1.43	10.69	4.04	6.67	95.26	29.32	767	8.47	126
3.78	16.66	2.16	3.17	80.76	64.26	2593	11.42	126
3.59	14.13	4.05	3.3	91.73	34.7	1755	9.69	126
2.33	14.95	4.9	6.71	84.32	52.68	1244	8.2	126
3.87	10.77	7	3.18	91.9	31.54	1086	7.27	126
2.33	15.29	4.73	2.26	79.18	31.99	1628	7.99	126
4.38	12.59	3.21	5.34	98.32	29.1	1120	8.04	126
2.58	15.09	3.79	6.1	91.19	39.87	1239	7.59	126
2.4	11.54	5	5.97	93.32	27.37	1959	6.94	126
3.5	13.42	2.78	4.28	92.87	50.01	2086	9.11	126
2.65	10.84	4.34	9.04	96.04	21.73	1245	8.76	126
2.73	15.08	3.8	3.93	85.22	19.72	1393	7.68	127
2.38	15.04	2.89	3.42	84.3	33.33	1975	7.49	127
3.34	14.6	3.48	5.69	97.46	17.95	2158	8.71	127
2.82	16.12	2.75	5.53	92.3	29.84	2729	8.46	127
3.09	14.39	2.91	4.54	97.53	47.43	4565	9.2	127
2.73	12.69	4.47	6.81	91.35	20.49	3152	6.38	127
2.24	13.84	3.92	6.66	92.17	45.82	2320	10.56	127
2.36	16.14	3.16	5.86	86.99	39.97	3642	9.23	127
2.93	13.42	2.83	3.95	96.75	24.21	3070	8.08	127
2.06	13.72	2.31	3.9	84.39	49.37	1647	8.86	127
2.06	16.01	3.6	5.73	87.62	30.39	2086	6.47	127
1.99	14.19	2.78	9.77	95.5	25.93	2410	10.04	127
3.61	17.3	3.69	8.92	83.27	54.46	2439	8.98	128
3.74	15.51	3.6	5.6	89.48	57.18	2192	8.35	128
2.84	13.86	2.59	8.1	90.8	49.83	1934	9	128
2.96	14.04	4.52	5.07	96.62	50.64	1417	7.83	128
2.73	16.13	4.39	5.08	90.49	50.1	3441	8.46	128
3.91	17	3.64	4.96	96.07	49.35	2224	8.32	128
3.33	14.79	3.6	10.19	84.08	62.76	3003	8.46	128
3.32	16.02	2.92	5.24	72.89	50.28	2291	9.38	128
2.86	16.95	3.52	6.18	55.23	85.55	2554	8.65	128
2.63	18.19	2.9	4.37	69.1	53.32	5921	10.27	128
1.5	15.2	3.38	3.49	84.62	46.49	533	9.76	128
4.13	16.8	4.29	6.33	94.29	58.9	3197	7.32	128
2.82	14.04	3.67	7.3	85.03	37.45	2372	6.87	128
3.68	14.33	3.3	11.44	88.24	34.73	2093	8.17	130
2.56	15.66	2.31	5.48	68.01	51.04	4457	8.3	130
2.09	14.72	2.56	10.32	92.64	39.92	1053	7.98	130
3.44	14.53	3.67	8.78	79.22	45.64	2643	8.59	130
2.82	15.44	3.77	8.48	83	56.04	3186	9.57	130
1.6	16.06	3.7	4.37	91.07	32.61	4752	9.62	131
3.21	16.25	2.48	9.51	86.76	34.74	5445	8.96	131
3.08	16.73	3.03	5.98	85.95	40.06	6956	8.94	131
1.41	16.36	2.41	5.15	73.64	46.42	4737	8.97	131
2.48	15.68	3.34	4.8	78.66	57.1	6826	9.1	131
2.03	17.23	3.52	4.77	81.65	42.29	6018	9.5	131
2.73	14.94	3.45	4.44	86.32	57.76	4318	8.31	132
3.39	13.23	3.07	4.4	80.48	42.28	7104	9.36	132
3.56	15.91	3.64	4.08	79.15	36.86	3571	9.83	132
2.12	16.55	3.21	1.92	73.7	40.89	1650	11.39	132
2.39	12.49	3.95	6.97	89.33	51.41	1922	7.34	132
2.76	12.95	4.54	3.58	95.32	48.76	1521	6.77	132
2.92	13.63	5.84	6.55	94.59	29.84	1644	5.9	132
2.2	17.5	3.39	4.75	66.46	33.44	2360	9.49	132
2.78	14.54	4.02	5.18	78.63	51.91	2263	9.41	132
2.76	14.82	2.85	2.48	74.44	43.65	2355	8.41	132
1.28	13.72	2.36	4.48	91.08	46.48	1480	6.35	132
3.05	12.26	5.03	2.34	98.31	30.49	1411	6.95	132
2.79	13.42	3.3	4.09	91.45	25.24	2907	8.12	132
2.55	17.13	3.93	4.8	69.69	52.56	4910	11.38	132
3.45	14.03	3.21	3.15	85.14	42.27	6066	7.73	132
4.1	14.51	2.07	5.18	95.17	47.86	2171	10.73	133
3.12	14.3	2.1	7.22	91.87	45.89	2951	9.66	133
3.26	17.66	3.54	5.83	83.86	45.53	2514	10.38	133
3.1	12.21	2.25	5.42	99	37.06	2227	9.12	133
2.05	11.2	2.92	10.75	96.05	47.85	3456	9.52	133
1.86	12.59	2.59	6.73	94.95	33	3861	8.44	133
1.97	14.99	1.99	6.25	96.28	43.74	5037	10.46	133
2.04	14.31	3.34	3.16	71.98	66.7	2005	8.88	133
3.07	18.26	3.8	4.93	81.1	70.19	1369	12.2	133
2.31	13.88	2.86	2.32	84.31	40.29	3674	8.74	134
1.68	15.84	2.69	2.53	91.66	40.64	2266	11.12	134
2.34	15.53	2.69	4.44	98.25	46.86	3381	8.4	134
2.78	13.21	2.44	7.44	95.39	50.2	3240	8.92	134
2.67	14.44	3.68	3.06	96.64	42.73	2881	7.91	134
2.23	12.62	4.08	4.23	95.56	15.08	1078	7.51	135
2.29	14.57	3.96	2.54	95.1	33.5	2574	9.01	135
1.78	13.38	3.14	5.3	91.22	38.88	2137	7.49	135
2.44	11.76	6.52	3.77	98.55	28.66	859	8.03	135
2.21	15.64	4.26	1.94	94.72	25.4	2487	7.68	135
2.44	14.81	4.36	2.1	94.9	30.58	1971	8.88	135
2.71	15.01	3.04	2.63	88.98	45.57	1845	9.92	135
2.34	14.43	3.41	4.12	89.05	55.3	3548	8.65	135
2.53	11.75	4.42	11.92	89.74	47.08	2647	9.48	139
2.36	9.91	3.6	13.92	77.14	40.64	1695	9.5	139
2.19	10.03	6.07	7.93	85.18	28.1	1186	9.44	139
2.14	14.32	4.8	8.92	82.87	31.24	1355	10.92	139
3.02	13.52	4.22	7.58	83.69	43.09	2418	10.17	139
2.79	14.42	3.51	5.74	79.02	44.18	2761	12.21	139
2.31	13.56	3.56	8.6	72.24	52.64	2559	10.79	139
3.04	12.18	3.64	10.7	88.36	42.47	1511	9.79	139
2.08	22.47	2.57	9.1	81.7	46.12	3702	11.29	140
1.17	15.47	4.91	11.44	89.59	81.99	937	7.9	140
3.33	14.93	3.06	13.95	92.24	28.98	1440	10.42	140
2.91	18.13	2.86	9.1	84.78	60.88	4053	9.67	140
2.91	15.55	2.22	5.61	93.7	45.7	3743	7.96	140
1.66	14.52	3.31	3.99	77.23	21.6	2052	10.19	140
2.49	17.42	2.71	7.43	71.43	49.99	2285	10.59	140
3.45	15.25	2.82	11.1	95.08	18.75	1882	10.31	140
1.95	16.26	3.35	9.79	85.36	51.19	1433	9.91	140
1.17	15.4	4.08	4.49	60.18	59.78	2130	9.86	140
1.97	16.52	2.98	8.48	77.97	36.72	5126	11.76	140
2.07	14.18	2.27	9.4	77.34	41.68	6751	11.26	140
2.89	14.65	3.27	8.21	90.97	34.98	2907	12.35	140
1.83	13.22	3.05	5.15	77.64	42.13	2784	9.73	141
1.85	15.52	2.19	6.97	69.52	70.4	2055	8.52	141
1.66	14.18	3.22	7.81	73.31	37.67	1086	9.58	141
2.66	16.61	2.8	5.92	78.65	51.86	2895	10.02	141
2.34	14.04	2.51	5.49	76.89	39.75	5051	9.98	141
2.68	16.19	2.79	9.54	71.45	36.55	2835	9.1	141
1.82	17.07	1.7	1.68	81.19	49.25	2531	10.27	141
2.6	14.63	1.67	6.68	85.31	54.19	3658	9.51	141
1.33	13.98	3.21	4.32	95.58	30.01	1431	9.22	141
2.5	13.18	3.22	5.81	92.26	53.99	2239	9.83	141
2.56	12.88	2.35	6.04	75.33	45.45	3362	9.13	141
2.04	13.68	2.91	4.46	83.83	49.49	1374	9.83	141
1.62	14.06	1.98	4.27	74.98	62.8	2475	9.09	141
2.18	15.27	2.52	2.96	74.34	43.13	2895	9.15	141
1.38	16.05	2.03	10.35	81.03	41.93	2318	9.49	141
2.13	15.85	3.28	7.6	61.05	51.37	1218	10.92	141
1.38	14.13	3.32	8.14	70.1	41.43	2322	10.38	141
2.18	15.91	2.61	8.34	83.69	40.97	5178	9.77	141
2.25	14.09	2.05	6.49	74.46	25.25	3066	9.39	141
3.04	11.77	3.48	4.59	95.71	35.59	2269	7.32	142
1.76	13.13	3.36	5.22	89.04	49.11	3245	7.49	142
2.9	12.87	3.22	14.07	91.07	53.98	2207	8.74	142
1.76	15.13	1.83	5.64	67.6	71.51	2955	7.99	142
1.87	18.54	3.53	7.14	82.83	69.22	1872	11	142
1.92	18.18	3.57	8.08	83.57	67.55	1876	11.03	142
2.1	14.19	3.05	4.75	81.16	63.77	3051	9.41	142
