2	2	2293	2.05	14.65	3.01	11.25	9.81	3910	1	1	0	1
2	3	1473	2.44	14.46	4.75	12.36	10.52	3025	1	0	1	1
2	4	1894	2.22	15.05	2.9	11.03	10.3	2838	1	1	1	1
2	5	1012	2.17	13.83	2.77	13.04	9.78	3655	1	1	1	1
2	6	1354	1.7	13.88	3.18	10.64	7.75	2734	1	1	0	1
2	7	1300	2.69	15.62	2	10.54	9.46	2156	1	1	1	1
3	8	2492	2.85	15.81	3.69	12.36	13.96	3724	1	1	1	1
3	9	1628	2.52	10.81	2.7	15.23	9.83	4757	1	1	1	1
3	10	1465	2.39	14.88	4.03	13.99	9.15	3701	1	1	1	1
3	11	1528	2.23	13.68	2.88	12.37	11.45	2057	1	1	0	1
3	12	2721	2.54	13.82	2.72	14.08	11.54	3567	1	1	1	1
3	13	2436	2.46	13.59	1.77	12.68	10.47	3319	1	1	0	1
3	14	1464	2.05	12.7	2.87	11.34	13.39	2475	1	1	0	1
3	15	3009	2.96	13.29	3.86	12.63	11.33	3838	1	1	1	1
4	16	1139	2.19	12.55	5.09	13.61	9.13	1787	1	1	1	1
4	17	2044	1.86	14.04	2.69	13.36	10.96	2822	1	1	0	1
4	18	1986	4.13	12.24	2.77	13.29	12.94	4017	1	1	1	1
4	19	2378	3.11	16.19	3.2	11.44	13.5	3195	1	0	1	1
4	20	2415	2.24	13.62	2.9	12.09	15.11	5521	1	1	0	1
4	21	1810	1.93	15.19	3.92	9.34	14.31	2611	1	0	0	1
4	22	1229	3.74	17.49	3.74	12.77	12.04	1964	1	0	1	1
4	23	1368	3.58	14.55	3.36	12.65	12.21	2059	1	1	1	1
4	24	1689	3.2	15.87	3.79	13.5	11.25	2565	.	.	.	.
4	25	3173	3.25	16.55	3.53	12.2	16.89	5390	0	0	0	1
5	26	1249	3.36	12.97	1.84	10.33	7.77	1829	1	1	1	1
5	27	1713	2.45	11.62	3.09	12.43	10.1	3286	1	1	0	1
5	28	1254	2.79	8.13	3.03	13.32	11.96	1603	1	1	0	1
5	29	1387	3.03	11.68	4.69	11.82	9.73	1785	1	0	1	1
5	30	2265	2.96	10.99	2.12	11.21	12.27	3984	1	0	0	1
5	31	1646	3.77	10.63	3.77	13.79	10.27	2642	1	1	0	1
5	32	1371	4.67	11.16	1.75	12.91	10.07	1991	1	0	0	1
5	33	2054	1.8	13.1	2.29	12.07	7.98	3052	1	1	1	1
5	34	2358	2.63	10.22	2.67	12.72	10.6	5133	0	0	0	0
5	35	2177	2.48	11.21	3.08	12.03	9.23	3096	1	1	1	1
5	36	1721	2.91	13.54	2.73	15.22	12.38	3251	1	1	0	1
6	37	640	1.25	12.5	3.59	11.56	7.5	2222	1	1	1	1
6	38	686	1.6	9.77	2.19	13.41	11.95	1549	1	1	1	1
6	39	926	2.48	12.1	3.35	13.39	8.21	2846	0	1	1	1
6	40	657	3.04	14.16	3.96	12.18	12.33	1095	0	1	1	1
6	41	462	3.25	14.94	1.95	15.58	10.61	1379	0	0	1	0
6	42	637	1.41	10.83	2.83	14.44	11.15	1226	1	1	1	1
6	43	563	1.95	13.32	2.13	13.85	10.3	1150	1	1	1	1
6	44	956	1.78	11.09	2.72	14.44	11.4	2045	1	1	0	1
6	45	441	2.04	12.02	4.54	13.38	10.2	2178	1	1	0	1
6	46	963	2.7	12.46	3.32	10.38	9.35	2255	0	0	0	0
6	47	633	1.74	13.9	3.95	15.17	10.11	914	1	0	1	1
6	48	460	2.83	11.3	3.48	11.09	10.22	929	1	1	1	1
7	49	1795	3.51	13.2	2.45	13.37	10.7	3157	.	.	.	.
7	50	2663	2.33	12.58	3.68	13.18	11.12	5521	1	1	0	0
7	51	2464	2.76	12.18	1.95	13.6	10.35	3944	1	1	1	1
7	52	3447	2.26	12.39	2	14.1	11.05	4858	1	1	0	1
7	53	1961	2.45	14.79	3.42	13.92	11.68	2360	1	1	0	1
7	54	4395	2.48	12.38	2.12	15.47	9.15	7067	0	1	0	1
7	55	2094	1.86	10.7	3.01	12.13	10.46	3322	0	0	1	1
7	56	3810	2.7	12.15	3.46	13.49	10.16	6273	1	0	0	1
7	57	3795	3.56	12.89	3.48	14.33	11.17	6717	1	1	0	1
7	58	1620	1.98	12.84	3.02	15.25	12.84	1827	1	1	1	1
7	59	2903	1.86	11.16	1.65	13.68	11.51	4336	.	.	.	.
7	60	3403	2.38	13.05	2.5	12.99	9.64	4083	1	1	0	1
7	61	888	2.93	11.82	2.48	15.32	11.94	1482	1	1	0	0
7	62	1622	2.34	15.72	3.7	14.24	12.82	3211	1	1	1	1
8	63	2453	3.02	15.12	3.26	12.88	9.05	3653	1	1	1	1
8	64	2167	2.63	12.09	2.63	13.15	8.81	3853	0	1	0	1
8	65	2078	3.37	12.99	3.51	13.86	9.62	4412	1	1	1	1
8	66	1146	3.14	14.83	3.05	13.96	10.65	2292	1	0	1	1
8	67	1856	3.13	12.5	2.91	13.85	9.64	4955	1	1	1	1
8	68	1671	2.93	16.46	2.45	12.03	9.87	2194	1	1	1	1
8	69	2886	2.25	12.3	1.66	13.83	9.67	4030	1	1	0	1
8	70	914	1.86	11.6	3.17	11.6	9.85	1993	1	1	1	1
11	75	1616	2.72	14.85	4.7	10.52	11.39	2838	1	1	1	1
11	76	1067	2.16	17.53	2.44	9.65	11.81	2204	.	.	.	.
11	77	1361	2.72	13.23	2.57	10.36	10.21	3786	0	0	1	1
11	78	953	2.94	15.11	4.62	10.7	14.48	3135	1	1	0	1
11	79	826	1.57	14.89	3.27	11.5	11.74	1471	1	1	1	0
25	108	2128	2.16	16.17	3.24	12.97	9.3	5476	1	1	1	1
25	109	2905	2.24	16.7	2.96	11.77	10.64	7114	0	0	1	0
25	110	2880	2.85	17.05	1.98	10.49	8.96	4045	1	1	1	1
25	111	4106	1.36	15.17	2.56	12.52	10.86	7406	1	1	1	1
25	112	1773	2.65	12.46	5.41	12.13	6.66	3100	1	1	1	1
26	113	2688	2.01	13.39	2.16	13.54	11.57	3662	0	1	1	0
26	114	3836	2.22	13.37	2.82	10.82	9.62	5633	1	1	1	1
26	115	2630	2.02	13.76	2.51	13.31	11.29	4730	1	1	1	0
26	116	2925	2.36	14.6	2.77	12.34	11.79	4733	1	1	1	1
26	117	3469	1.7	13.55	1.99	12.57	11.56	4638	1	1	1	1
26	118	4728	2.5	12.33	2.35	13.58	11.27	7149	0	0	0	0
26	119	2967	2.06	13.75	2.93	11.26	11.26	4211	0	0	.	0
26	120	4129	1.86	12.81	2.03	13.95	11.58	6617	1	1	1	1
27	121	2297	2.66	12.19	2.79	14.02	13.02	3284	0	0	0	1
27	122	776	5.28	14.56	4.51	14.05	14.82	1869	1	1	0	1
27	123	2226	3.05	15.95	3.23	12.94	11.05	3618	1	1	1	1
27	124	1858	2.74	14.64	3.23	14.75	12.92	3538	1	1	1	1
27	125	2525	2.1	12.16	4.2	14.02	10.02	4704	0	0	0	1
27	126	1836	3.38	16.67	3.49	14.65	10.02	3633	0	1	0	1
27	127	1201	2.16	13.57	3.08	16.74	10.91	1867	1	0	1	1
28	128	1154	2.77	10.92	2.77	12.82	10.49	2234	1	1	0	1
28	129	2018	3.07	15.06	4.36	15.06	12.69	2838	1	1	1	1
28	130	2647	1.93	13.11	3.17	15.3	10.09	3783	1	1	1	1
28	131	3759	2.58	14.66	3.19	13.09	12.9	4664	1	0	0	1
28	132	1612	2.48	11.04	4.53	11.91	11.85	3595	1	1	1	1
28	133	2834	2.47	13.44	3.35	12.95	12.7	3606	1	1	1	1
28	134	2369	2.32	12.49	2.95	14.23	11.02	2979	1	1	1	1
28	135	4188	2.63	13.63	2.32	14.64	12.32	6945	1	1	0	1
28	136	2279	2.81	16.54	2.72	13.65	12.42	3242	1	0	1	1
28	137	2980	1.41	14.7	2.52	14.6	11.41	3880	1	1	1	1
28	138	2859	3.11	16.47	3.6	13.61	11.61	5201	1	1	1	1
30	143	4247	2.92	14.22	3.06	15	10.62	5819	1	1	0	1
30	144	2366	2.83	14.45	4.1	11.62	11.12	3924	1	1	0	0
30	145	3210	3.89	17.85	3.8	11.71	11	4114	1	0	0	0
30	146	2659	3.54	15.19	3.91	14.78	10.53	5314	1	1	1	1
30	147	2916	2.78	14.4	3.53	13.13	10.56	5260	1	1	1	1
30	148	3553	3.1	15.34	2.28	12.89	11.23	4285	1	.	.	1
31	149	1543	1.04	14.26	3.76	13.16	11.6	2138	0	1	1	0
31	150	865	4.16	13.76	4.86	12.49	7.86	1792	1	1	1	.
31	151	1833	3.06	14.24	4.15	11.51	9.27	2588	1	1	1	1
31	152	762	3.54	12.2	5.25	11.15	7.35	1416	1	1	1	1
31	153	919	2.5	13.71	3.37	12.19	6.96	3090	1	0	1	1
31	154	1770	2.77	13.9	4.24	11.13	9.49	2463	1	.	1	1
31	155	1986	2.11	12.69	3.42	13.75	9.87	2826	0	0	1	1
31	156	1446	3.39	15.91	4.77	12.93	8.3	2385	1	0	1	0
31	157	1360	3.24	15.66	4.04	12.06	7.72	1858	1	1	1	1
32	158	4847	3.05	14.07	2.33	11.72	11.68	7921	1	0	1	1
32	159	4019	3.06	16.75	2.91	11.79	12.09	6083	0	0	1	1
32	160	1884	2.44	14.44	2.65	13.22	10.88	3971	1	1	1	1
32	161	5232	1.66	13.95	1.87	11.62	10.11	6829	1	1	1	1
32	162	3295	3.07	18.03	2.64	10.5	12.38	5664	1	0	1	1
32	163	1087	2.12	15.64	2.85	14.81	11.5	1678	1	1	1	1
32	164	3051	3.02	14.22	2.03	12.42	10.72	5106	1	1	1	1
32	165	2668	1.42	15.52	3.07	10.72	11.69	5328	1	1	1	1
33	166	1338	2.62	14.5	3.44	10.84	12.71	3265	1	1	1	0
33	167	1443	3.67	12.82	5.2	11.92	10.46	2335	1	0	0	1
33	168	1035	3.09	15.94	3.48	11.3	14.78	1687	1	1	1	1
33	169	1142	4.12	13.92	4.38	9.63	12.43	1707	1	1	1	1
33	170	521	1.54	16.51	4.41	12.67	13.63	779	1	1	1	1
33	171	2467	3.12	15.32	3.53	10.94	14.55	3742	0	0	1	0
33	172	1434	3.21	15.9	3.28	11.58	12.06	2551	1	0	0	1
33	173	2320	3.32	14.01	3.02	12.03	11.08	3574	0	0	1	1
33	174	1329	2.26	10.16	3.69	10.76	9.41	3007	0	0	0	1
33	175	2020	2.23	12.18	2.28	12.57	9.65	3317	1	1	1	1
34	176	1793	1.9	16.17	2.73	9.93	10.88	3934	1	1	1	1
34	177	2106	2.04	12.54	2.85	10.49	8.55	5535	1	1	1	1
34	178	3145	2.26	14.72	3.05	11.29	11.45	5728	1	1	1	1
34	179	487	1.85	13.55	1.85	13.35	5.34	876	0	0	0	0
34	180	845	4.38	13.25	3.43	8.64	6.15	1621	1	1	1	1
34	181	3348	3.64	14.93	3.02	12.57	10.51	4327	1	1	1	1
34	182	995	2.41	13.47	3.42	10.75	7.44	2182	1	1	0	1
35	183	1707	2.46	14.76	2.69	13.71	11.66	2758	1	0	1	1
35	184	2101	1.86	14.42	3.28	14.33	12.85	6021	1	0	1	1
35	185	1481	2.77	13.57	3.44	14.45	10.67	3144	1	1	1	1
35	186	1415	1.7	13.85	3.25	14.28	7.42	5774	1	1	1	1
35	187	2298	1.44	14.66	2.92	12.92	9.88	3248	1	1	1	1
35	188	2189	1.64	12.06	1.6	13.75	10.23	7852	1	1	1	1
36	189	2213	2.12	12.52	2.89	15.27	11.52	4199	1	1	1	1
36	190	1206	3.81	11.53	2.74	16	10.45	2816	1	1	1	1
36	191	1729	2.95	13.88	2.31	17.24	10.58	3852	1	1	1	1
36	192	2322	2.84	13.18	3.62	13.39	12.14	3737	1	1	1	1
36	193	2038	1.77	13.3	1.62	15.41	9.91	3409	1	0	1	1
36	194	1455	1.51	11.55	2.82	15.74	12.44	2085	0	0	1	1
36	195	2402	2	15.07	2.33	13.28	11.74	4773	0	0	1	1
36	196	1132	2.47	12.37	2.56	14.93	13.78	2088	1	1	1	1
36	197	1995	3.51	11.33	3.01	16.19	12.03	4328	1	1	1	1
36	198	2749	1.67	10.37	2.69	16.33	9.09	5046	1	1	0	1
36	199	1972	2.33	15.57	3.04	15.97	12.58	3891	1	1	.	1
36	200	1967	2.8	13.07	3.91	13.83	12.96	4308	1	1	0	1
36	201	2400	2.25	12.42	2.67	16.08	10.5	3666	1	1	0	1
37	202	1374	1.97	14.77	3.57	14.34	10.33	2775	1	1	0	1
37	203	1923	1.82	12.69	2.13	14.98	10.5	7136	0	0	1	1
37	204	1066	3.47	12.48	2.81	15.2	9.01	2447	1	1	1	1
37	205	1321	2.2	11.73	3.1	14.99	9.24	2077	0	0	0	0
37	206	615	3.74	9.27	5.2	15.93	7.97	2320	1	0	1	1
37	207	1449	2.83	13.66	3.73	12.35	10.97	2380	1	1	1	1
37	208	540	2.78	14.44	4.81	19.63	11.11	2110	1	0	1	1
37	209	1495	3.88	13.51	4.82	16.45	9.23	4421	1	1	1	1
37	210	1564	2.94	13.94	3.84	15.41	11.57	6227	0	0	0	1
38	211	1431	1.68	16.56	4.54	10.69	11.95	3015	1	1	1	1
38	212	1755	1.71	14.19	3.65	15.1	10.31	3074	1	1	1	1
38	213	1917	2.4	15.18	3.91	12.21	10.95	4069	1	1	0	1
38	214	1348	2	14.69	4.08	14.09	10.24	3325	1	1	1	1
38	215	1770	3.45	14.52	2.71	13.22	12.37	3028	1	1	0	0
38	216	1237	2.18	14.71	2.99	13.42	10.35	2910	1	0	0	1
38	217	1729	3.01	13.01	3.7	14	11.16	3383	1	1	0	1
38	218	1040	2.88	15.87	3.56	10.29	10.29	1528	1	0	0	1
38	219	2112	2.79	13.92	4.64	13.45	11.41	4421	1	1	1	1
40	224	1161	2.41	10.94	2.84	15.5	8.79	1366	0	0	0	0
40	225	1449	2.83	8.7	2.69	14.15	10.77	2065	1	1	1	0
40	226	2087	1.44	11.16	2.2	15.76	8.62	2630	0	0	1	1
40	227	1484	2.16	9.3	3.71	15.23	13.61	1916	1	1	1	0
40	228	1515	2.9	14.92	2.71	15.58	11.29	1779	0	0	1	0
40	229	3723	2.28	12.11	1.96	15.15	9.8	4383	1	1	1	1
40	230	1791	2.68	10.33	1.28	12.9	11.61	1992	0	0	0	0
40	231	2093	2.53	10.99	2.44	14.33	10.94	3171	1	1	1	1
40	232	1882	2.5	12.33	2.55	15.83	12.01	2478	0	0	1	0
40	233	731	2.74	10.12	3.97	14.23	10.81	813	1	0	1	1
41	234	2654	2.71	14.2	1.81	14.51	10.7	3458	1	1	1	1
41	235	1054	1.61	15.65	1.8	15.28	6.55	1386	1	1	0	0
41	236	1690	2.43	12.19	3.25	15.86	7.46	2287	0	0	0	0
41	237	2057	1.51	14.15	2.58	13.81	12.15	2539	1	1	0	1
41	238	1514	2.77	11.16	1.65	15.98	9.05	1674	1	1	0	1
41	239	940	3.19	13.4	1.91	15	10.74	1665	1	1	1	1
41	240	1412	2.2	13.31	2.2	13.67	13.17	1720	1	1	1	1
41	241	4743	3.39	13.56	3.23	12.82	9.59	6525	1	1	1	1
41	242	1608	2.24	13.06	1.49	13.31	12.81	2266	0	1	0	0
41	243	1835	2.45	14.77	1.09	14.5	10.03	2390	1	1	1	1
41	244	992	1.71	12.2	1.41	16.23	11.59	1711	1	1	0	1
43	249	946	2.11	10.04	3.49	13.53	11.63	1444	1	1	1	1
43	250	1960	4.44	10.66	3.06	14.18	12.4	2723	1	1	0	1
43	251	1864	1.56	14.86	2.2	14.91	9.66	3059	1	1	1	1
43	252	2296	2.4	10.67	2.79	15.16	9.93	3456	1	1	1	1
43	253	2140	3.27	11.5	3.5	11.73	10.75	3033	1	1	1	1
43	254	814	3.81	12.29	4.05	13.76	9.95	1485	1	1	1	0
43	255	1449	3.38	12.35	4.69	12.63	7.66	2330	1	1	0	1
43	256	671	1.94	11.48	3.58	13.11	9.39	793	0	0	1	1
44	257	1176	1.96	12.41	2.04	15.73	7.14	1482	.	.	.	.
44	258	798	2.13	12.28	2.38	16.92	11.53	1016	1	1	1	1
44	259	2541	2.91	13.77	2.83	13.93	9.05	3251	1	1	0	1
44	260	1258	1.51	13.2	2.94	14.71	9.54	1570	1	1	1	1
44	261	1385	1.81	12.35	3.68	13.57	9.89	2023	1	1	1	1
44	262	2149	1.95	14.66	2.7	14.05	10.28	2723	1	1	1	1
44	263	2081	3.27	12.97	2.16	15.23	10	2904	0	0	1	0
44	264	1596	2.38	13.28	6.02	15.35	8.52	2023	1	1	1	1
44	265	1990	3.12	12.61	3.87	13.02	9.1	2592	1	1	1	1
44	266	2291	2.92	13.57	4.06	14.75	11.26	2987	1	1	0	1
44	267	2676	2.77	15.17	3.33	15.43	8.74	4025	1	1	1	1
44	268	1765	1.42	14.05	3.57	12.63	9.24	2140	1	0	1	1
44	269	2015	2.33	16.63	2.58	14.09	9.58	2363	1	1	1	1
44	270	1689	2.25	11.96	2.07	15.81	8.58	2214	1	1	1	1
45	272	261	3.83	12.64	3.83	19.54	11.88	401	1	1	0	1
45	273	564	3.55	15.6	4.43	13.83	10.82	980	0	0	1	1
45	274	416	2.88	10.82	4.57	11.54	11.54	726	1	1	1	1
45	275	239	3.77	10.04	6.69	12.13	12.97	326	1	1	1	1
45	276	491	3.05	11.61	1.83	11.41	8.96	699	0	0	0	1
45	277	522	4.21	12.45	2.11	11.69	11.3	1082	0	0	1	0
45	278	335	3.28	10.75	4.78	12.84	9.55	405	1	1	0	1
46	279	929	2.48	11.63	2.58	15.82	13.13	2119	1	0	0	0
46	280	2774	2.6	12.26	3.35	11.43	11.32	6470	1	0	1	1
46	281	2349	2.6	12.86	2.09	15.54	12.13	4393	1	1	1	1
46	282	2276	2.94	13.14	2.64	12.61	11.12	2606	1	1	1	1
46	283	2691	2.45	12.56	2.16	13.19	12.6	4130	1	1	1	1
46	284	1688	3.08	14.28	1.95	16.11	10.13	2426	0	1	1	1
46	285	2300	3.13	12.39	2.87	12.48	10.13	3066	1	0	1	1
46	286	2396	2.92	12.48	3.05	11.73	10.43	2942	1	1	1	1
46	287	1540	3.18	13.57	2.6	12.53	11.36	2175	1	1	0	1
48	289	2006	1.69	13.41	1.25	14.46	9.12	2721	1	1	1	1
48	290	1313	1.29	12.95	3.05	18.13	9.82	2704	1	1	1	1
48	291	1634	1.77	12.06	1.96	13.95	10.22	2548	0	1	0	1
48	292	1304	3.6	15.18	1.76	16.56	10.81	2589	1	1	1	1
48	293	313	1.6	16.61	4.47	12.78	11.5	826	1	1	1	1
48	294	1574	1.91	13.15	1.65	15.76	11.5	4716	1	0	0	1
48	295	1877	1.6	13.21	2.88	13.16	9.54	2857	1	1	1	1
48	296	913	2.08	15.44	2.74	13.47	10.51	1825	1	1	1	1
48	297	1075	2.23	12.84	3.35	14.51	10.88	2969	1	1	1	1
48	298	1147	2.09	10.9	2.44	15.17	8.72	3558	1	1	1	1
48	299	1465	1.91	15.9	2.53	13.79	9.28	2226	0	0	0	0
49	300	664	3.31	12.05	3.01	17.92	8.58	1256	1	1	0	1
49	301	819	2.56	11.11	2.08	16.12	10.01	1502	1	1	1	1
49	302	356	2.25	10.96	5.06	11.24	8.71	967	1	1	1	1
49	303	1222	1.31	12.03	2.05	12.68	13.91	2719	0	0	1	1
49	304	581	2.07	11.7	2.07	11.88	9.47	950	1	1	0	1
49	305	1295	3.32	12.12	2.63	13.98	9.96	2586	1	1	0	1
49	306	748	3.61	10.56	2.54	13.64	8.42	1220	1	1	0	1
49	307	872	2.06	13.07	2.41	15.6	10.89	1339	1	0	1	1
49	308	676	3.7	9.76	5.92	15.68	10.21	1328	1	1	1	1
49	309	717	3.07	10.32	3.49	17.99	10.18	1210	1	1	0	0
50	310	2366	1.99	11.12	3.09	10.69	10.02	3746	1	1	0	1
50	311	817	3.43	10.89	3.79	14.32	12.48	957	1	1	1	1
50	312	836	1.79	11.24	1.91	13.4	12.08	1262	1	1	1	1
50	313	1349	3.78	12.08	2.67	12.82	8.3	2660	1	1	0	1
50	314	3178	2.14	13.66	2.17	14.57	11.45	4532	1	1	1	1
50	315	1435	3.48	14.01	3.48	12.54	12.06	2025	1	1	1	1
51	316	2014	3.28	13.7	3.97	12.46	11.22	2621	1	1	1	1
51	317	1365	2.42	11.36	5.2	11.58	8.06	2289	1	1	0	1
51	318	1443	3.6	13.03	5.13	12.75	7.48	1656	1	1	1	1
51	319	1479	3.65	11.76	3.65	16.16	9.26	1719	1	0	1	1
51	320	1432	2.86	11.73	4.26	11.45	9.92	1998	1	0	1	1
51	321	1805	2.71	9.92	4.27	12.63	9.31	2547	1	1	1	1
51	322	2609	3.1	12.69	3.64	10.89	10.16	4900	1	1	0	0
51	323	2960	3.14	13.41	3.41	11.15	11.25	4588	0	0	1	1
51	324	1341	2.31	11.86	3.73	9.32	10.14	2045	1	1	1	1
51	325	2953	3.35	10.73	4.44	12.53	8.43	4105	1	0	0	1
51	326	2111	2.75	10	3.93	12.6	7.11	2906	1	1	0	1
51	327	1044	2.01	12.16	4.6	12.26	8.91	2079	1	1	1	1
51	328	1669	3.24	10.49	3.89	13.12	8.99	2976	1	1	0	1
51	329	1334	3.37	9.67	3.3	14.62	7.95	1716	1	1	1	1
51	330	1108	3.79	10.11	2.98	12.55	11.1	1751	1	1	0	1
53	334	4143	3.04	12.84	3.5	14.53	10.11	5713	1	0	0	1
53	335	3064	4.37	14.88	2.94	13.77	11.68	6296	1	1	1	1
53	336	2833	3.81	14.12	2.47	12.46	11.44	3589	1	1	1	1
53	337	2061	2.62	13.73	3.64	13.93	10.33	2741	1	1	1	1
53	338	2546	1.96	15.4	2.99	11.19	12.14	5207	0	1	0	1
53	339	1747	3.38	14.94	2.4	12.19	11.45	2407	.	.	.	.
53	340	3231	3.37	12.23	3.99	12.41	13.18	5511	1	0	1	1
53	341	2559	2.54	11.84	4.14	12.23	9.57	3424	1	1	0	1
53	342	3122	1.89	13.74	3.27	11.47	10.79	4377	.	.	.	.
53	343	3887	2.91	15.51	3.19	15.82	10.01	5653	1	1	1	1
53	344	2428	3.34	12.81	3.91	12.56	11.08	3392	1	1	1	1
54	345	1842	2.71	14.28	5.16	11.07	12.81	3404	1	1	0	1
54	346	1808	2.1	14.82	2.38	11.67	10.84	2932	1	1	0	1
54	347	2921	2.19	11.33	3.18	11.06	10.3	3971	0	1	0	1
54	348	2127	2.3	11.71	3.1	10.95	10.3	3900	1	0	0	1
54	349	1521	3.35	13.08	3.68	14.14	12.1	2919	1	1	0	1
54	350	563	2.13	16.34	2.31	9.24	9.24	843	1	1	1	1
54	351	1718	0.81	13.85	5.01	9.55	13.15	4563	1	1	1	1
54	352	1926	2.44	12.46	4.26	11.63	11.47	3022	1	1	1	1
54	353	640	3.75	15.78	2.5	9.22	9.06	1051	1	1	1	1
54	354	1594	4.27	10.54	3.32	13.86	9.85	2880	1	1	1	1
54	355	1678	2.15	10.49	3.34	14.24	10.01	2307	1	1	0	1
54	356	873	1.49	12.71	6.64	13.63	10.19	2048	1	1	1	1
54	357	1506	2.66	9.76	2.59	11.69	10.56	2228	1	1	1	1
54	358	1486	2.49	13.19	3.84	16.15	12.31	2375	1	1	0	1
56	362	2052	2.68	12.52	3.75	12.67	8.87	5995	.	.	.	.
56	363	1820	3.13	10.88	3.63	14.67	8.85	3718	.	.	.	.
56	364	2013	3.18	11.03	3.58	14.8	7.7	3904	.	.	.	.
56	365	1358	2.95	13.11	4.57	12.15	12.08	2754	.	.	.	.
56	366	1714	3.56	14.24	2.98	12.08	12.19	2832	.	.	.	.
56	367	1927	2.65	12.3	3.37	15.1	10.59	4328	.	.	.	.
56	368	640	1.41	14.22	4.69	15	8.28	2193	.	.	.	.
56	369	1440	1.94	10	3.82	12.15	11.74	3334	.	.	.	.
56	370	1820	3.3	14.01	3.13	13.19	12.2	2905	.	.	.	.
57	371	3226	2.63	16.4	4.99	10.79	10.2	5437	.	.	.	.
57	372	1577	2.6	16.42	3.11	11.86	10.08	2221	.	.	.	.
57	373	1480	3.58	16.15	5.07	11.96	9.93	1794	.	.	.	.
57	374	634	5.21	16.4	6.78	15.93	8.99	1190	.	.	.	.
57	375	1806	2.38	15.06	4.87	11.63	9.14	3765	.	.	.	.
57	376	992	2.72	14.72	3.43	12.7	7.56	1919	.	.	.	.
57	377	854	2.69	12.53	6.32	14.29	6.79	1186	.	.	.	.
57	378	1712	2.16	15.3	4.38	11.8	8.76	2905	.	.	.	.
57	379	1231	2.84	14.62	7.07	12.84	10.8	1677	.	.	.	.
57	380	1125	2.22	16.98	6.58	11.56	10.49	1680	.	.	.	.
58	381	1875	2.56	12.91	4.21	17.01	9.28	2892	.	.	.	.
58	382	2211	2.44	14.38	3.84	13.48	8.68	4273	.	.	.	.
58	383	1093	2.38	14.82	6.95	14.55	9.88	1610	.	.	.	.
58	384	832	2.52	15.14	7.81	13.82	10.58	1301	.	.	.	.
58	385	1222	3.03	14.89	5.07	14.98	9.66	2038	.	.	.	.
58	386	1439	2.29	14.94	6.39	12.02	9.17	2607	.	.	.	.
58	387	1214	1.32	15.9	5.35	13.01	7.41	2606	.	.	.	.
58	388	2875	4.17	15.55	2.92	13.74	11.48	5000	.	.	.	.
58	389	1247	1.44	13.23	4.09	16.52	9.7	2730	.	.	.	.
58	390	845	1.66	10.06	2.96	15.98	9.11	1922	.	.	.	.
59	391	1905	2.36	12.13	3.94	12.39	8.56	3358	.	.	.	.
59	392	1462	2.6	13.89	4.72	12.72	11.42	2088	.	.	.	.
59	393	3362	2.02	14.81	3.03	11.6	10.02	4441	.	.	.	.
59	394	1156	2.16	15.05	3.72	11.94	8.74	1778	.	.	.	.
59	395	3302	3.48	16.05	2.51	15.6	10.24	4031	.	.	.	.
59	396	2148	2.93	13.36	3.4	12.48	8.71	2713	.	.	.	.
59	397	2514	1.67	15.79	3.26	12.53	7.8	4516	.	.	.	.
59	398	3317	3.59	14.14	3.11	14.65	9.74	5060	.	.	.	.
59	399	1374	2.98	14.12	4.08	12.59	11.5	1842	.	.	.	.
60	400	3034	2.27	18.16	2.21	12.29	9.33	3386	.	.	.	.
60	401	2237	2.19	17.97	3.49	13.59	8.81	4178	.	.	.	.
60	402	4427	2.48	17.48	1.94	11.95	8.38	7535	.	.	.	.
60	403	2441	2.91	13.48	2.99	13.81	9.14	2943	.	.	.	.
60	404	1982	1.92	15.74	2.98	14.08	6.96	3024	.	.	.	.
60	405	1665	2.04	16.1	2.88	12.25	10.87	2803	.	.	.	.
60	406	2161	3.05	15.32	3.42	13.6	7.96	3746	.	.	.	.
60	407	2233	2.1	16.97	2.24	11.33	9.05	3669	.	.	.	.
60	408	2012	2.49	14.36	3.18	12.23	9.84	2858	.	.	.	.
61	409	875	2.29	20.69	1.94	12.11	8.8	992	.	.	.	.
61	410	4288	3.13	16.23	1.94	13.32	9.91	6034	.	.	.	.
61	411	3373	3.08	15.06	2.82	12.13	10.08	4324	.	.	.	.
61	412	1155	2.16	17.4	2.94	17.23	7.88	2008	.	.	.	.
61	413	1664	3.06	18.87	2.52	13.16	9.31	2566	.	.	.	.
61	414	3416	2.43	17.21	2.08	13.41	9.78	4466	.	.	.	.
61	415	1614	2.54	15.8	3.59	12.33	7.74	2639	.	.	.	.
61	416	1634	2.33	17.93	2.2	13.16	9.79	2644	.	.	.	.
61	417	3685	1.6	17.8	3.2	12.67	9.12	7357	.	.	.	.
62	418	525	2.1	14.1	3.62	17.14	8.76	969	.	.	.	.
62	419	650	3.08	15.69	4.92	15.54	7.54	1626	.	.	.	.
62	420	2175	1.84	17.75	3.03	14.02	9.1	4555	.	.	.	.
62	421	1938	2.99	13.73	3.51	12.44	6.14	4719	.	.	.	.
62	422	1756	3.25	15.77	2.79	16.69	7.63	3137	.	.	.	.
62	423	2803	2.14	14.63	3.42	13.38	8.03	5870	.	.	.	.
63	424	2422	2.56	13.83	3.67	11.31	11.93	5845	.	.	.	.
63	425	1954	2	14.18	3.33	11.98	8.34	3928	.	.	.	.
63	426	3112	3.57	14.52	2.86	11.99	11.34	4822	.	.	.	.
63	427	3261	3.07	13.58	4.75	9.81	13.34	4801	.	.	.	.
63	428	2218	2.39	12.85	4.73	10.41	11.9	3249	.	.	.	.
63	429	2094	2.63	12.08	4.3	15.28	9.26	3891	.	.	.	.
63	430	1804	3.22	16.63	3.99	9.92	13.03	2421	.	.	.	.
63	432	2514	3.54	14.92	3.74	13.76	11.46	5324	.	.	.	.
63	433	2585	2.82	13.27	3.29	13.62	11.95	3882	.	.	.	.
64	434	1610	2.73	12.42	4.6	16.71	9.81	2131	.	.	.	.
64	435	1539	3.38	12.8	2.21	15.2	8.97	2828	.	.	.	.
64	436	1856	3.39	12.39	3.72	15.95	9.32	2586	.	.	.	.
64	437	1047	4.01	15.85	4.97	15.57	11.27	1786	.	.	.	.
64	438	1711	2.57	14.79	5.03	13.27	11.46	3186	.	.	.	.
64	439	1135	3.52	12.33	5.46	14.71	8.81	2959	.	.	.	.
65	440	2662	2.67	19.16	1.8	12.1	7.81	3598	.	.	.	.
65	441	1422	2.39	16.03	3.31	13.78	8.09	2105	.	.	.	.
65	442	811	3.21	12.82	4.56	12.7	6.54	1160	.	.	.	.
65	443	2006	2.89	17.1	3.49	12.76	8.92	3061	.	.	.	.
65	444	1001	3.1	14.29	2.4	12.89	7.99	1468	.	.	.	.
65	445	1547	1.75	16.29	3.62	13.51	8.66	2792	.	.	.	.
65	446	2327	2.11	20.8	4.56	12.63	11.13	2930	.	.	.	.
65	447	641	2.81	15.29	3.59	14.2	10.45	858	.	.	.	.
65	448	1028	1.75	20.91	3.79	11.77	10.7	1588	.	.	.	.
65	449	1830	2.4	13.22	2.08	12.02	7.38	2807	.	.	.	.
66	450	1160	4.57	13.97	4.31	14.91	9.66	.	.	.	.	.
66	451	924	2.92	13.74	3.57	13.74	7.68	2777	.	.	.	.
66	452	991	2.93	12.31	4.14	14.73	9.18	2344	.	.	.	.
66	453	708	3.95	11.58	4.1	15.82	11.58	.	.	.	.	.
66	454	1215	3.13	12.02	3.21	15.14	11.11	2298	.	.	.	.
66	455	1064	4.42	10.06	3.48	17.48	7.33	2010	.	.	.	.
66	456	863	2.67	11.7	2.78	18.54	7.07	.	.	.	.	.
66	457	705	3.55	12.77	3.83	15.46	9.22	1643	.	.	.	.
66	458	1061	3.96	12.82	3.58	17.81	7.82	2876	.	.	.	.
66	459	669	1.64	14.8	1.64	11.21	9.27	1014	.	.	.	.
67	460	1306	1.38	13.48	3.91	13.32	7.35	2804	.	.	.	.
67	461	1860	2.04	15.59	3.44	14.3	9.19	2985	.	.	.	.
67	462	2079	2.41	12.99	3.46	12.94	8.18	3493	.	.	.	.
67	463	1731	1.44	13.81	1.85	12.54	9.24	3264	.	.	.	.
67	464	2235	2.55	13.74	1.61	13.42	7.83	4163	.	.	.	.
67	465	2495	2.53	14.83	2.61	12.71	8.54	4296	.	.	.	.
67	466	2224	1.93	12.99	2.2	13.44	7.64	3472	.	.	.	.
67	467	2214	1.94	12.29	2.98	13.28	8.22	3779	.	.	.	.
67	468	2466	1.7	13.34	1.82	12.17	8.43	3259	.	.	.	.
67	469	1192	2.68	13.26	2.6	13.59	9.98	3412	.	.	.	.
68	470	3715	2.72	14	3.26	11.76	9.53	5756	.	.	.	.
68	471	4716	2.52	13.76	3.01	12.38	9.9	7305	.	.	.	.
68	472	3816	2.65	12.81	2.57	12.47	8.75	5829	.	.	.	.
68	473	3928	2.57	15.4	3.16	11.58	10.06	8193	.	.	.	.
68	474	1880	2.07	14.04	3.56	11.33	8.19	3686	.	.	.	.
68	475	2357	2.63	13.45	3.99	10.95	7.89	5633	.	.	.	.
68	476	5277	2.77	12.47	2.98	13.91	7.98	9278	.	.	.	.
68	477	3278	3.17	12.63	2.81	12.17	8.57	4806	.	.	.	.
68	478	4366	2.77	11.54	2.61	12.73	7.99	5798	.	.	.	.
69	479	2378	2.35	14.63	1.93	15.14	9.34	4510	.	.	.	.
69	480	1286	2.72	15.55	4.12	12.67	9.02	3167	.	.	.	.
69	481	1936	4.7	15.7	3.87	13.07	11.52	3002	.	.	.	.
69	482	2693	3.27	13.81	2.78	12.18	9.54	4027	.	.	.	.
69	483	2566	1.91	14.69	1.91	15.86	8.34	3864	.	.	.	.
69	484	1826	3.07	13.47	2.3	15.55	10.19	2486	.	.	.	.
69	485	1737	4.38	16	3.4	12.03	9.33	2166	.	.	.	.
69	486	2788	3.62	16.14	2.65	12.37	9.58	4806	.	.	.	.
70	487	1930	3.83	13.26	4.61	12.59	12.69	4149	.	.	.	.
70	488	2415	3.06	13.42	4.02	11.72	11.72	3782	.	.	.	.
70	489	2303	2.39	12.9	4.73	11.68	11.25	3646	.	.	.	.
70	490	2207	3.62	12.28	3.31	11.83	9.42	4173	.	.	.	.
70	491	2078	2.69	12.56	5.49	12.7	10.83	3995	.	.	.	.
70	492	2163	2.4	12.16	4.99	12.44	11.19	3481	.	.	.	.
70	493	2073	2.7	11.72	5.69	13.41	10.85	3914	.	.	.	.
70	494	3299	2.36	15.7	3.43	10.91	11.15	4839	.	.	.	.
70	495	1880	2.18	14.95	3.78	9.95	13.78	3537	.	.	.	.
70	496	1530	2.75	13.79	3.59	9.8	13.73	3944	.	.	.	.
70	497	1889	3.34	13.98	3.65	10.22	12.28	3323	.	.	.	.
71	498	1832	3.88	11.3	3.49	10.97	12.23	2849	.	.	.	.
71	499	1474	3.87	12.69	3.93	12.75	9.91	2078	.	.	.	.
71	500	1591	3.9	14.52	2.83	14.14	11.25	2308	.	.	.	.
71	501	2605	3.3	12.82	3.53	12.48	11.13	3651	.	.	.	.
71	502	1656	3.08	13.41	4.77	11.53	11.05	2504	.	.	.	.
71	503	2424	3.38	14.44	5.94	12.21	11.01	3715	.	.	.	.
71	504	1966	3.1	11.39	3.05	14.45	10.17	2256	.	.	.	.
71	505	1035	2.13	14.59	3.67	10.05	13.62	1615	.	.	.	.
71	506	1433	2.79	15	3.56	10.54	13.61	2197	.	.	.	.
72	507	2045	1.96	15.7	3.13	11.54	9.78	3863	.	.	.	.
72	508	2073	2.65	14.42	3.23	12.83	8.88	2755	.	.	.	.
72	509	2520	2.62	15.67	2.78	11.55	11.19	4106	.	.	.	.
72	510	1950	1.18	16.15	3.38	11.49	7.85	3214	.	.	.	.
72	511	2006	3.34	16.65	3.49	9.92	10.37	4509	.	.	.	.
72	512	1818	3.41	17.27	3.41	13.48	9.13	2856	.	.	.	.
72	513	1970	2.44	14.67	3.45	11.07	9.64	2966	.	.	.	.
73	514	1478	2.64	15.02	3.11	11.84	11.5	2809	.	.	.	.
73	515	1259	2.78	14.22	2.46	10.09	8.66	1784	.	.	.	.
73	516	2204	2.22	18.33	3.49	12.07	12.25	2825	.	.	.	.
73	517	1294	3.71	16.77	3.55	13.91	11.51	2718	.	.	.	.
73	518	942	3.61	12.85	3.4	12.85	9.98	1581	.	.	.	.
73	519	2909	4.43	18.29	3.54	9.93	10.76	4395	.	.	.	.
73	520	830	2.17	16.63	4.94	10.6	8.31	1580	.	.	.	.
73	521	1523	3.15	16.74	4.6	9.91	11.56	3503	.	.	.	.
74	522	2875	1.67	13.74	3.03	13.81	8.35	4088	.	.	.	.
74	523	2801	2.53	17.42	4.07	12.67	9.1	4498	.	.	.	.
74	524	2835	2.19	16.05	3	12.42	11.43	4588	.	.	.	.
74	525	5690	3.29	18.73	2.18	13.74	10.97	7657	.	.	.	.
74	526	2665	1.43	16.29	3.15	16.32	8.59	3386	.	.	.	.
74	527	3025	2.68	16.53	2.98	16.93	8.69	3740	.	.	.	.
74	528	1987	1.91	15.45	2.26	15.8	8.2	3174	.	.	.	.
74	529	3113	2.18	14.84	3.89	14.78	6.75	4516	.	.	.	.
74	530	2140	2.2	13.18	3.79	12.48	11.07	4220	.	.	.	.
74	531	1698	3	17.14	6.3	13.6	9.72	2764	.	.	.	.
74	532	2518	4.13	13.62	4.09	14.46	9.41	4405	.	.	.	.
75	533	1328	2.56	12.42	4.67	14.16	10.02	2622	.	.	.	.
75	534	1344	2.9	11.24	3.42	12.43	11.9	2744	.	.	.	.
75	535	2190	2.6	12.37	3.38	12.65	11.1	6062	.	.	.	.
75	536	2003	2.9	14.48	3.54	9.69	13.68	3051	.	.	.	.
75	537	2439	2.09	15.5	2.46	11.44	11.89	2962	.	.	.	.
75	538	2158	3.15	15.06	3.38	9.5	12.6	3093	.	.	.	.
75	539	1137	2.64	13.19	3.52	11.17	8.8	1870	.	.	.	.
75	540	1170	2.39	10.17	4.87	9.32	8.46	2376	.	.	.	.
75	541	403	4.47	12.16	0.99	15.63	7.69	619	.	.	.	.
75	542	2450	3.55	15.51	3.51	12.57	12.9	3226	.	.	.	.
76	543	932	3.43	15.67	4.51	12.98	8.91	1816	.	.	.	.
76	544	1843	2.12	13.51	2.39	12.64	8.14	4655	.	.	.	.
76	545	1535	3.52	14.85	3.13	13.49	9.06	2750	.	.	.	.
76	546	521	4.41	17.27	3.26	12.09	8.45	1951	.	.	.	.
76	547	686	3.21	12.39	6.85	12.54	7.87	2193	.	.	.	.
76	548	877	2.17	14.94	5.25	15.51	9.01	2084	.	.	.	.
76	549	1207	3.31	13.5	4.64	13.92	9.11	3038	.	.	.	.
76	550	717	3.63	13.39	5.3	13.25	8.37	1197	.	.	.	.
76	551	1287	2.49	14.06	4.82	17.25	8.94	2122	.	.	.	.
76	552	1420	1.55	16.69	2.82	13.24	10.42	3330	.	.	.	.
76	553	1456	4.46	17.17	3.57	14.01	11.54	5011	.	.	.	.
76	554	1612	4.03	14.45	3.04	14.14	9.86	2555	.	.	.	.
77	555	4626	2.92	15.37	3.24	12.15	9.4	5716	.	.	.	.
77	556	1893	2.64	14	2.64	12.73	8.14	2281	.	.	.	.
77	557	1034	4.55	14.02	2.03	15.86	7.64	1273	.	.	.	.
77	558	3563	2.86	16.76	2.89	10.72	9.77	4333	.	.	.	.
77	559	3056	2.52	17.38	3.34	11.62	11.26	3897	.	.	.	.
77	560	3639	2.97	16.68	3.3	14.21	9.37	4591	.	.	.	.
77	561	2890	4.46	16.06	3.18	12.25	9.17	4047	.	.	.	.
77	562	3119	2.5	15.84	3.82	12.6	8.85	3921	.	.	.	.
77	563	2705	3.44	18.85	2.51	12.87	11.05	3505	.	.	.	.
77	564	3553	3.26	15.65	3.94	11.34	9.2	5965	.	.	.	.
77	565	3247	2.62	17	3.7	12.32	7.24	5038	.	.	.	.
78	566	1343	3.95	12.58	4.02	12.88	11.02	2569	.	.	.	.
78	567	2444	3.48	14.2	2.58	13.09	9.98	3165	.	.	.	.
78	568	1406	2.35	13.66	4.13	14.08	9.53	2803	.	.	.	.
78	569	1464	2.73	12.91	4.99	14.41	11.54	2420	.	.	.	.
78	570	3431	2.83	14.08	3.79	11.86	10.52	5402	.	.	.	.
78	571	2667	3.67	15.52	3.22	10.99	11.74	3730	.	.	.	.
78	572	2878	3.51	13.2	2.64	10.67	12.61	3759	.	.	.	.
79	573	1370	2.48	15.18	2.92	11.75	8.83	2723	.	.	.	.
79	574	1095	1.92	14.52	4.38	10.96	7.85	1730	.	.	.	.
79	575	997	2.91	13.14	4.61	12.84	8.63	2127	.	.	.	.
79	576	366	3.01	10.66	3.83	15.03	12.84	565	.	.	.	.
79	577	748	4.14	11.76	2.81	12.03	12.7	1207	.	.	.	.
79	578	977	2.05	13.2	2.56	12.9	8.5	1764	.	.	.	.
79	579	979	2.04	11.54	2.55	11.85	10.62	1686	.	.	.	.
79	580	1710	1.87	13.33	3.04	13.57	7.72	3525	.	.	.	.
79	581	2475	2.67	13.01	2.75	12.44	8	3984	.	.	.	.
79	582	502	2.79	8.37	5.18	16.33	10.56	872	.	.	.	.
79	583	746	4.42	13.27	4.56	12.2	9.79	1096	.	.	.	.
80	584	1178	3.48	15.28	3.48	15.2	11.71	2109	.	.	.	.
80	585	1183	2.54	17.67	2.45	16.23	10.48	2120	.	.	.	.
80	586	1321	1.59	15.75	3.18	10.75	8.86	1774	.	.	.	.
80	587	1573	1.59	14.94	2.48	15.26	10.87	3001	.	.	.	.
80	588	1028	2.53	16.25	2.43	15.86	9.24	1757	.	.	.	.
80	589	2338	2.74	14.37	1.75	11.68	11.93	3088	.	.	.	.
80	590	648	1.23	15.12	0.93	14.51	12.5	1133	.	.	.	.
80	591	689	2.03	13.21	3.34	15.53	11.61	900	.	.	.	.
80	592	606	0.83	15.18	1.65	12.05	10.56	1418	.	.	.	.
81	593	3235	2.6	14.37	2.84	11.28	9.4	4498	.	.	.	.
81	594	1303	2.53	16.42	4.45	15.2	8.83	2429	.	.	.	.
81	595	2054	2.14	13.73	2.97	11.3	7.16	4168	.	.	.	.
81	596	971	3.19	16.58	2.37	13.8	14.21	1166	.	.	.	.
81	597	1094	4.57	13.07	2.74	18.37	9.14	2954	.	.	.	.
81	598	1436	3.55	14.76	2.65	11.7	8.29	2382	.	.	.	.
81	599	898	1.78	13.36	1.22	13.25	11.25	1169	.	.	.	.
81	600	1236	3.88	12.86	2.35	15.21	6.96	1992	.	.	.	.
81	601	534	2.06	11.24	4.49	12.73	7.12	969	.	.	.	.
81	602	1241	2.9	14.99	2.82	12.49	7.41	2596	.	.	.	.
81	603	631	1.9	12.68	2.22	13.31	6.02	1706	.	.	.	.
81	604	1306	1.91	14.4	3.22	10.03	7.5	2739	.	.	.	.
81	605	543	1.47	18.05	1.66	13.26	7.73	1141	.	.	.	.
82	606	853	2.46	12.43	2.46	17.23	11.61	1695	.	.	.	.
82	607	1866	2.52	13.18	2.52	13.08	9.06	2999	.	.	.	.
82	608	1510	2.65	12.52	1.52	15.56	9.47	3274	.	.	.	.
82	610	1444	3.95	15.58	2.91	16.76	8.24	2497	.	.	.	.
82	611	510	3.92	17.65	2.55	14.31	8.82	749	.	.	.	.
82	612	273	1.83	13.19	2.2	18.68	8.06	689	.	.	.	.
82	613	717	3.49	15.62	3.21	13.53	9.9	1648	.	.	.	.
82	614	802	3.37	13.47	2.24	13.72	6.61	1414	.	.	.	.
82	615	803	1.99	15.07	2.37	19.68	6.35	1516	.	.	.	.
82	616	1767	4.58	12.62	2.6	12.45	9.96	2992	.	.	.	.
82	617	1911	2.77	12.87	3.35	15.65	11.67	3452	.	.	.	.
82	618	880	3.07	12.27	1.93	13.07	9.66	1605	.	.	.	.
83	619	2170	3.27	13.04	2.44	12.44	7.51	3635	.	.	.	.
83	620	2966	2.8	16.32	3.3	13.32	8.02	4347	.	.	.	.
83	621	2212	2.08	15.82	1.94	13.79	9.09	3963	.	.	.	.
83	622	2282	2.28	16.43	2.63	9.99	9.82	3659	.	.	.	.
83	623	1052	2.76	12.36	3.9	12.93	9.32	2756	.	.	.	.
83	624	3509	2.19	15.13	3.51	11.46	8.69	5442	.	.	.	.
83	625	2981	2.55	14.26	2.42	13.55	9.43	4075	.	.	.	.
83	626	2289	2.14	16.38	3.1	14.85	8.08	4650	.	.	.	.
83	627	2879	2.81	15.63	3.72	15.01	8.34	5941	.	.	.	.
84	628	702	3.13	12.11	6.41	12.68	9.54	1584	.	.	.	.
84	629	1631	2.64	13.67	4.11	16.49	8.83	3526	.	.	.	.
84	630	844	1.78	12.91	4.62	14.69	9.48	1654	.	.	.	.
84	631	776	2.06	15.59	3.35	14.69	8.51	1453	.	.	.	.
84	632	1282	1.95	15.05	4.91	14.66	10.3	2337	.	.	.	.
84	633	1189	2.86	13.79	2.69	15.05	8.49	2256	.	.	.	.
84	634	774	3.88	13.7	3.88	12.66	9.56	1490	.	.	.	.
84	635	615	1.3	12.85	2.93	11.87	9.92	1372	.	.	.	.
84	636	1194	3.18	13.99	4.44	14.57	9.97	2671	.	.	.	.
84	637	652	2.15	17.33	2.76	11.81	11.5	1435	.	.	.	.
84	638	1416	1.91	17.02	4.52	12.57	11.58	2521	.	.	.	.
85	639	2561	1.72	17.77	2.85	17.45	8.36	4620	.	.	.	.
85	640	1819	1.81	15.34	2.31	17.81	8.3	3155	.	.	.	.
85	641	1722	1.92	14.92	2.96	15.74	6.79	6224	.	.	.	.
85	642	1555	2.51	18.46	1.99	16.53	8.17	3718	.	.	.	.
85	643	2589	1.74	16.8	2.55	14.95	7.53	5850	.	.	.	.
85	644	1090	2.84	11.74	2.84	14.31	8.07	1754	.	.	.	.
85	645	2230	2.24	16.14	1.43	15.02	6.28	3447	.	.	.	.
85	646	2822	2.52	16.73	2.73	14	6.98	5451	.	.	.	.
85	647	2270	2.51	14.23	1.89	13.57	8.28	3356	.	.	.	.
85	648	1605	1.31	16.2	2.8	12.71	8.85	3335	.	.	.	.
85	649	2093	3.06	16.91	3.01	15.67	7.12	3653	.	.	.	.
86	650	1418	3.74	14.88	5.01	12.62	10.08	1781	.	.	.	.
86	651	1076	2.97	18.22	4.74	12.73	9.11	1692	.	.	.	.
86	652	1557	2.12	14.71	3.6	12.78	10.66	2239	.	.	.	.
86	653	1029	1.85	17.1	3.01	10.59	11.66	1497	.	.	.	.
86	654	1056	2.75	15.63	4.45	12.59	9.09	1519	.	.	.	.
86	655	1087	4.14	17.3	3.68	11.87	10.03	1540	.	.	.	.
86	656	1243	1.93	17.38	4.59	14.56	9.09	3298	.	.	.	.
86	657	1841	2.99	19.34	2.88	12.17	12.28	2749	.	.	.	.
86	658	1657	3.92	14.3	3.2	14.79	9.11	2056	.	.	.	.
86	659	1768	2.6	19.23	2.83	12.67	13.69	2401	.	.	.	.
86	660	1609	3.6	16.1	2.73	14.36	10.13	2160	.	.	.	.
86	661	1321	3.03	16.81	4.77	12.64	11.2	2692	.	.	.	.
86	662	1944	2.98	18.52	3.24	13.22	10.34	2720	.	.	.	.
86	663	4038	2.8	17.61	3.15	11.54	12.04	6004	.	.	.	.
87	664	1243	0.88	13.35	2.98	9.98	11.67	2290	.	.	.	.
87	665	1086	1.57	15.01	4.42	12.89	11.14	1646	.	.	.	.
87	666	1220	1.48	15.74	2.7	14.92	10.33	3231	.	.	.	.
87	667	1466	2.46	16.78	2.86	10.37	13.03	2634	.	.	.	.
87	668	1081	1.67	13.23	2.5	11.29	10.55	1496	.	.	.	.
87	669	1528	1.64	15.84	2.88	11.45	8.57	3982	.	.	.	.
87	670	1327	2.56	16.88	1.88	11.45	11.23	1932	.	.	.	.
87	671	736	1.63	14.4	4.08	15.76	9.24	2455	.	.	.	.
87	672	2161	3.15	15.18	2.27	8.98	10.41	3771	.	.	.	.
87	673	734	1.23	13.35	1.5	9.67	13.9	1192	.	.	.	.
87	674	703	2.42	17.64	4.27	13.09	9.53	953	.	.	.	.
87	675	992	2.22	14.52	4.03	10.89	9.68	2422	.	.	.	.
87	676	1302	1.15	15.13	3.07	9.98	8.06	3680	.	.	.	.
87	677	1345	1.86	12.86	2.83	12.86	11	3101	.	.	.	.
87	678	2509	1.55	14.83	3.07	13.47	12.24	5688	.	.	.	.
88	679	1481	5.06	15.06	3.85	12.49	8.78	3591	.	.	.	.
88	680	1312	4.5	13.26	2.82	12.42	9.3	2206	.	.	.	.
88	681	1783	2.8	15.31	3.98	18.06	10.43	4547	.	.	.	.
88	682	1388	1.73	12.61	3.89	12.03	9.44	2417	.	.	.	.
88	683	2363	4.1	12.74	3.55	16.04	8.59	4547	.	.	.	.
88	684	1048	2.86	14.69	2.1	11.16	11.45	2090	.	.	.	.
88	685	1698	5.12	14.19	2.71	15.08	9.31	2978	.	.	.	.
88	686	862	3.36	14.39	2.9	13.11	9.63	1091	.	.	.	.
88	687	1319	3.41	13.34	5.61	14.56	9.17	1964	.	.	.	.
88	688	1509	4.71	16.24	3.64	16.04	7.75	3053	.	.	.	.
88	689	1317	5.09	13.97	2.66	13.82	8.43	3608	.	.	.	.
88	690	1431	3.63	11.88	3.35	13.35	7.97	2165	.	.	.	.
88	691	1000	1.7	11.1	6.2	12.5	8.2	2055	.	.	.	.
95	692	2514	2.59	12.77	6.25	15.23	9.59	4604	1	1	1	1
97	693	1606	1.18	11.64	2.62	9.9	7.6	2820	1	1	1	0
95	694	3060	1.63	14.22	3.59	14.18	10.52	4333	1	1	1	1
95	695	1676	2.15	12.17	4.24	15.33	9.25	4378	1	1	1	1
91	696	3194	2.82	16	2.47	15.4	9.52	5738	1	1	1	1
97	697	1557	2.18	12.01	1.99	13.49	7.26	3718	1	1	1	1
97	698	1703	2.06	13.68	2.06	10.8	10.1	4540	1	1	1	1
91	699	2188	2.1	17.05	2.7	10.33	12.11	5420	1	1	1	1
91	700	2546	1.14	14.93	1.92	8.17	14.14	5957	1	1	1	1
91	701	3413	3.31	13.62	2.08	16.35	9.76	7034	1	1	1	1
94	702	2129	3.15	14	3.05	13.29	10.43	3246	1	1	1	1
96	703	3407	2.88	14.47	4.05	12.91	9.89	5244	1	1	1	1
97	704	1648	2.49	10.62	3.09	14.32	11.29	3144	0	1	1	1
91	705	1805	2.16	13.46	2.11	11.36	11.14	2204	1	1	1	1
91	706	3304	3.21	14.74	1.79	15.22	10.99	5103	1	1	1	1
95	707	1511	4.24	14.16	4.43	18.93	10.13	3073	1	1	1	1
91	708	1731	2.43	15.66	1.39	9.65	11.84	3539	1	1	1	1
91	709	2839	3.42	14.55	1.97	18.35	10.36	5681	1	1	1	1
91	710	2444	2.09	11.82	2.37	17.39	9.37	5093	1	1	1	1
89	711	2594	2.97	12.3	4.28	11.87	9.25	3840	1	1	1	1
89	712	1864	2.9	10.89	3.97	12.45	8.85	4039	1	1	1	1
89	713	3937	2.82	15.54	3.76	12.9	10.21	5191	1	1	1	1
98	714	1612	2.42	11.85	4.03	12.97	8.13	2120	1	1	1	1
90	715	1034	2.51	12.28	5.03	10.64	7.83	2055	1	1	1	1
98	716	1391	2.23	15.24	4.03	14.09	8.77	3949	1	1	1	1
96	717	1970	2.69	13.5	5.38	12.54	12.34	4206	1	1	1	1
96	718	3284	1.55	14.43	3.44	12.67	8.16	5607	1	1	1	1
90	719	2968	2.19	18.94	3.61	15.63	9.06	5703	1	1	1	1
90	720	1286	2.72	14.62	6.84	13.84	10.58	1846	1	1	1	1
90	721	1913	2.82	14.64	4.39	16	7.84	3325	1	1	1	1
89	722	3798	2.61	15.06	4	12.82	8.61	7161	1	1	1	1
89	723	1845	2.33	13.93	2.71	12.47	8.29	2880	1	1	1	1
96	724	3681	2.88	14.97	4.43	13.77	10.43	5846	1	1	1	1
96	725	2184	3.25	15.25	4.53	12.77	10.21	3430	1	1	1	1
91	726	2358	3.48	13.32	1.82	17.13	8.44	3345	.	.	.	.
96	727	3536	2.74	17.25	4.21	12.05	10.29	5213	1	1	1	1
94	728	2408	2.87	16.03	2.82	14	9.63	3774	0	0	1	0
91	729	2616	1.99	12.27	0.96	15.33	9.33	4506	1	0	0	0
90	730	2059	2.09	13.55	2.96	12.58	8.69	3538	1	1	1	1
90	731	1843	2.82	12.1	1.95	13.73	9.88	2221	1	1	1	1
89	732	2046	2.49	12.71	3.47	12.61	8.46	2758	0	1	1	1
90	733	2138	2.99	18.52	4.63	19.46	9.59	4130	1	1	1	1
98	734	1420	2.04	15.77	3.8	15.14	10.92	2681	1	1	1	1
98	735	766	2.09	13.71	3.26	17.49	7.7	1934	1	1	1	1
90	736	1406	2.2	17.35	3.49	12.66	9.17	2558	0	0	0	0
98	737	1011	4.55	19.39	3.66	12.86	9.5	4859	1	1	1	1
90	738	2972	3.03	15.48	4.21	15.21	9.12	4766	1	1	1	1
90	739	1039	3.37	15.69	4.33	12.61	9.43	1852	1	1	1	1
94	740	2106	2.71	15.05	4.75	12.16	10.07	3544	1	1	1	1
97	741	2744	2.62	13.63	3.46	16	9.99	3734	1	1	1	1
93	742	2745	3.53	14.54	3.13	13.48	10.13	6211	1	1	1	1
92	743	3488	2.35	12.73	3.87	11.38	9.66	5271	1	0	1	1
91	744	1884	1.65	17.89	2.44	13.32	10.62	2829	1	1	1	0
96	745	4239	3.14	16.42	3.09	13.16	10.1	7065	.	1	1	1
93	746	2795	3.61	14.13	2.9	14.63	9.62	4122	1	1	1	1
93	747	1674	3.11	15.05	4.3	16.37	9.38	3064	1	1	1	1
94	748	2836	2.96	15.59	3	12.76	10.65	4831	1	1	1	1
91	749	1864	2.63	15.4	2.74	18.35	11.43	2825	1	1	1	1
97	750	1052	2.38	10.65	2	12.07	9.13	2404	1	1	1	1
97	751	1072	1.68	9.61	2.61	11.75	7.46	1878	1	1	1	1
98	752	1352	1.78	13.91	2.96	12.43	10.21	2780	0	0	0	0
98	753	1861	4.35	17.36	5.27	17.03	11.45	3493	1	1	1	1
89	754	3562	2.72	15.27	2.5	12.94	10.53	4698	1	1	1	1
98	755	2671	2.28	14.71	4.53	13.1	7.75	4686	1	1	1	1
90	756	3308	2.87	16.78	2	11.55	10.91	4646	1	1	.	1
93	757	2659	3.16	15.16	4.55	14.44	10	4977	1	1	1	1
91	758	1265	1.26	17.08	2.69	10.83	11.62	3323	0	0	0	0
92	759	3358	1.85	13.25	2.86	12.39	11.38	5666	1	1	1	1
90	760	2334	2.27	15.34	3.3	12.77	9.85	4843	1	1	1	1
90	761	1659	3.32	13.14	3.07	13.68	9.83	1871	1	1	1	1
97	762	1568	1.15	10.91	2.3	9.76	10.14	2928	1	1	1	1
97	763	1303	1.23	11.13	1.15	10.82	6.6	2606	1	1	0	1
94	764	1489	2.55	14.44	3.29	13.57	10.75	2307	1	1	1	1
92	765	4160	1.83	14.23	3.29	12.33	12.43	6124	1	1	1	1
91	766	2045	1.56	15.5	1.37	11.54	9.73	2924	1	1	1	1
91	767	1379	1.74	14.36	1.52	11.24	11.24	3333	1	1	1	1
89	768	2159	2.36	14.87	5.84	13.02	9.63	3817	1	1	1	1
95	769	1180	2.03	13.56	5.42	13.39	9.24	2363	1	1	1	1
95	770	2670	3.71	12.25	3.86	13.45	10.26	4497	0	1	1	1
95	771	1490	3.02	13.76	4.09	18.19	9.46	3073	1	1	1	1
96	772	2205	3.31	14.33	3.13	12.29	9.98	4253	1	1	1	1
95	773	870	2.87	11.95	5.4	15.86	5.98	2652	1	1	0	0
94	774	1978	2.93	13.25	3.54	13.65	10.01	3408	1	1	1	1
90	775	815	2.94	17.18	1.96	16.81	7.73	1574	1	1	1	1
90	776	2917	1.65	15.15	3.15	12.51	8.09	4122	0	0	1	1
92	777	3931	2.16	13.66	2.39	14.42	10.53	6439	1	1	1	1
93	778	3613	2.8	15.64	3.52	13.06	11.15	5514	1	0	1	0
92	779	3315	1.78	11.76	3.11	11.58	11.25	5141	1	1	1	1
93	780	1993	3.51	12.64	5.12	13.85	9.38	3833	1	1	1	1
93	781	1346	2.82	16.94	3.79	14.41	8.77	2467	1	1	1	1
90	782	1794	2.9	12.6	2.79	14.21	10.2	2068	1	1	1	1
91	783	2529	3.72	15.26	2.57	15.78	10.48	4692	1	1	1	1
90	784	1254	3.11	16.35	3.11	12.6	8.45	1828	1	1	1	1
90	785	2253	2.57	15.27	4.35	11.32	9.1	2849	1	1	1	1
90	786	2448	2.7	14.3	3.19	11.03	9.93	3685	0	0	0	0
97	787	1758	1.37	11.6	1.65	12.86	7.79	3442	1	1	1	.
91	788	1921	2.19	17.02	3.64	12.75	14.52	3627	1	1	1	1
90	789	1587	2.21	14.93	2.08	17.45	10.02	3046	1	1	1	1
90	790	1255	3.51	13.71	2.31	13.86	10.68	2198	1	1	1	0
90	791	2230	2.83	16.68	2.78	13.81	8.92	4220	1	1	1	1
90	792	1656	3.2	16.24	2.84	11.53	8.82	2015	1	1	1	1
98	793	2231	3.23	15.42	3.18	12.95	10.04	3231	1	0	1	1
96	794	2564	2.42	15.21	3.08	13.53	11.93	4832	1	1	1	1
92	795	3795	2.4	14.6	3.21	11.96	8.46	5987	1	1	1	1
92	796	3495	1.83	15.19	2.43	10.64	11.7	4259	1	1	1	1
92	797	2716	3.13	15.35	2.98	11.08	8.91	4648	1	1	1	1
91	798	3819	3.48	16.39	2.17	14.22	10.19	7509	1	1	1	1
94	799	2092	2.77	13.24	3.92	14.72	9.99	3970	1	1	1	1
94	800	2067	3.77	14.32	2.13	13.16	8.66	2997	0	1	1	0
91	801	2240	2.5	15.54	2.54	16.12	9.78	4102	1	1	1	1
91	802	2444	2.09	11.82	2.37	17.39	9.37	5093	1	1	1	0
97	803	2033	3.49	11.9	2.16	13.23	9.54	3655	0	1	1	1
98	804	1606	1.81	13.7	2.8	14.01	10.9	3939	1	1	1	1
89	805	1540	2.4	15.06	3.57	12.86	8.31	2879	1	0	1	1
96	806	3354	2.86	13.83	4.59	14.19	10.94	6503	1	1	1	1
90	807	840	3.21	13.81	2.74	14.05	9.76	2226	1	1	1	1
90	808	931	3.65	15.79	3.65	16.22	8.59	1291	0	0	0	0
97	809	1992	2.31	17.47	2.76	13.45	7.13	3685	1	1	1	1
97	810	1009	2.87	12.29	2.87	12.09	8.23	2260	1	1	1	1
89	811	3126	2.53	16.83	4.41	15.71	7.52	4243	1	1	1	1
90	812	1544	1.75	13.15	1.62	14.83	10.23	3400	1	1	1	1
90	813	1099	2.55	12.92	2.73	13.19	9.55	1954	1	1	1	1
92	814	3488	1.81	12.84	2.15	12.82	9.78	4930	1	1	1	1
90	815	1618	2.78	16.13	5.25	16.56	8.22	3496	1	1	1	1
97	816	1049	2	10.87	1.72	12.58	7.82	2357	1	1	1	1
97	817	1134	1.85	11.11	2.29	13.14	7.23	1336	1	1	1	1
91	818	2871	1.64	16.3	2.4	11.63	12.82	4339	1	1	1	1
91	819	2213	2.21	14.91	2.71	10.75	10.3	3525	1	1	1	1
91	820	1846	3.03	14.79	3.68	13.38	10.78	5322	1	1	1	1
91	821	433	3.7	10.62	4.62	17.09	10.39	1826	1	1	1	1
89	822	1763	2.44	13.16	7.66	12.2	10.27	4200	1	1	1	1
98	823	1138	2.2	15.03	5.18	12.92	9.4	2294	1	1	1	1
89	824	2978	3.36	10.64	4.37	12.79	9.3	5064	1	1	1	1
91	825	1195	2.01	15.23	1.92	9.96	12.22	5148	1	1	1	1
91	826	994	2.21	12.47	1.81	10.66	10.66	1415	1	1	1	1
93	827	3712	3.18	14.09	3.15	11.85	11.69	5437	1	.	1	1
90	828	1629	2.58	16.64	4.05	14.61	9.82	2291	1	1	0	0
90	829	2707	2.92	15.59	5.39	14.92	9.64	4846	1	1	1	1
91	830	2414	3.07	14.5	1.74	14	12.18	3921	1	1	1	0
91	831	3458	4.28	16.25	3.18	18.16	10.27	4976	1	1	1	1
92	832	2136	1.92	13.16	3.65	14	12.55	2727	.	.	.	.
93	833	1816	3.52	14.87	2.37	13.66	10.96	2518	.	.	.	.
93	834	2094	3.2	15.38	3.01	14.52	10.36	2835	1	1	1	1
91	835	1452	2.27	13.5	3.24	13.15	12.12	4652	1	1	1	1
92	836	3975	2.59	13.06	3.02	14.94	9.31	10222	1	1	1	1
91	837	1618	2.29	16.5	3.96	13.72	11.99	4560	1	1	1	1
92	838	2777	2.09	12.68	2.27	13.25	9.76	4810	0	1	1	1
92	839	3129	2.27	13.65	3.9	11.86	10.9	6158	1	1	1	1
93	840	2053	2.63	16.85	3.36	15.49	11.25	2719	1	1	1	1
98	841	1096	2.74	12.23	4.01	17.24	10.86	1653	1	1	1	1
94	842	2651	2.34	16.33	2.57	13.92	11.39	4447	1	1	1	1
94	843	1504	2.86	14.16	2.59	12.43	10.64	3139	1	1	1	1
98	844	2386	2.18	14.5	4.32	13.75	8.84	4125	1	1	1	1
91	845	2385	4.36	15.81	2.47	18.7	11.32	5139	1	1	1	1
94	846	2040	2.25	14.02	4.31	12.45	11.52	4301	1	1	1	1
89	847	2769	2.82	13	5.27	14.19	9.21	5252	1	1	1	1
89	848	6349	2.91	16	3.62	14.27	10.08	8532	1	1	1	1
91	849	2169	1.71	13	2.9	11.48	9.73	4248	1	1	1	1
93	850	1427	4.98	15.28	3.15	14.51	8.76	2534	1	1	1	1
91	851	1819	1.54	14.46	2.53	11.87	11.65	4850	1	1	1	1
94	852	1278	2.5	16.28	2.43	12.44	9.78	2494	1	1	1	1
94	853	1340	2.61	13.43	3.06	14.85	11.42	3322	1	1	1	1
91	854	3217	2.27	18.56	2.27	20.42	7.3	6588	1	1	1	1
98	855	2157	2.18	14.51	3.89	15.53	10.01	3903	1	1	1	1
98	856	681	2.35	13.8	2.79	14.54	8.52	2417	1	1	1	1
94	857	1600	2.5	15.56	3.56	12.88	11.56	2930	1	1	1	0
90	858	1650	3.33	14.79	2.67	12.55	9.52	3504	1	1	1	1
90	859	1021	2.55	14.69	3.92	14.4	9.11	2073	0	1	1	0
92	860	2465	1.99	12.98	2.64	11.16	11.89	5933	1	1	1	1
92	861	2445	1.88	15.54	3.31	11.78	10.72	4400	0	1	1	1
91	862	2606	3.03	14.31	2.15	14.2	9.86	4434	1	1	1	1
89	863	1492	3.15	13.34	3.42	11.8	10.25	2597	1	1	1	1
90	864	1786	3.36	15.4	3.3	14.45	10.36	2597	1	1	.	1
91	865	1566	2.17	15.01	3.13	15.84	9.26	2932	1	1	1	1
90	866	2141	2.8	14.57	3.78	14.25	9.2	3379	.	1	1	1
93	867	2790	3.15	14.62	3.01	13.08	10.04	3846	1	1	1	1
91	868	1885	2.49	13.05	2.07	13.58	7.85	3836	0	0	1	0
94	869	1438	2.02	14.46	3.48	13.56	9.53	3058	1	1	1	1
91	870	1909	2.83	14.41	1.89	13.2	10.53	3423	1	1	1	1
91	871	1864	3.86	15.99	2.84	17.65	9.55	4283	1	1	1	1
92	872	2401	1.67	13.24	2.87	12.16	11.95	4111	1	1	1	1
93	873	1811	2.65	13.31	3.26	14.36	6.79	3289	1	0	1	1
93	874	3058	4.22	14.39	3.01	10.92	11.58	5356	1	0	.	0
89	875	1709	2.22	13.87	5.62	14.45	10.01	4958	1	1	1	1
98	876	2429	2.14	14.12	3.58	15.07	10.13	4374	1	1	1	1
91	877	2032	2.31	13.58	2.71	15.11	8.02	3512	1	1	1	1
91	878	1795	2.45	15.26	2.06	13.76	11.53	4438	1	1	1	1
98	879	2177	3.49	11.85	4	14.06	9.32	2701	1	1	1	1
94	880	1076	2.14	14.59	3.44	14.68	7.99	3675	1	1	0	1
93	881	2469	3.4	13.53	4.25	14.82	9.64	4701	1	1	1	1
89	882	3066	2.94	12.65	3.72	13.27	8.51	11961	1	1	1	1
92	883	2673	2.88	14.33	3.29	14.4	10.85	6467	1	1	1	1
91	884	1036	1.64	13.61	2.32	10.14	8.4	3090	1	1	1	1
98	885	1577	2.41	14.2	4.76	15.09	9.13	3418	1	1	1	1
90	886	4561	3.03	16.73	3.46	12.26	11.09	6209	0	1	0	0
98	887	1243	3.22	14.8	2.82	16.17	8.53	2437	1	1	1	1
90	888	1024	3.03	16.6	5.37	13.87	11.62	1618	0	0	1	0
94	889	941	3.61	17.85	3.08	14.13	11.16	1493	1	1	1	1
91	890	1637	1.53	14.29	2.81	14.17	11.12	7136	1	1	1	1
90	891	1374	3.93	17.03	3.35	12.95	11.14	3363	1	1	1	1
92	892	5683	2.16	15.1	3.33	11.02	10.86	9086	1	1	1	1
98	893	1135	2.38	15.59	4.58	14.63	7.93	1435	1	1	1	1
98	894	1135	4.23	11.63	2.56	17.27	7.4	1861	1	1	1	0
89	895	1219	3.2	12.55	6.15	15.09	6.23	1883	1	.	1	1
89	896	2638	2.62	12.13	3.18	11.71	10.27	3312	1	1	1	1
98	897	4569	3.98	12.34	2.36	14.71	10.31	7720	1	1	1	1
91	898	1041	0.96	13.35	4.03	11.82	11.05	2803	1	1	1	1
93	899	1672	2.69	14.77	4.61	14.35	9.93	3788	.	.	.	.
91	900	2025	1.33	14.86	1.78	9.78	11.11	3677	1	1	1	1
93	901	1649	3.21	14.74	2.79	13.83	10.31	4426	1	1	1	1
90	902	2861	3.11	15.55	3.22	15.13	9.02	3868	1	1	1	1
90	903	1153	2.95	13.96	4.42	20.03	8.24	2466	1	1	1	1
91	904	1736	3.51	13.42	3.46	15.96	10.08	4741	1	1	1	1
98	905	1981	2.78	16.41	2.98	14.94	10.8	3380	1	1	1	1
90	906	2059	2.62	13.79	3.16	15.78	8.79	2872	1	1	1	1
90	907	1785	2.69	12.44	2.8	13.22	6.39	2533	1	1	1	1
89	908	2331	4.55	13.56	4.8	16	8.19	4408	1	1	1	1
90	909	2535	2.8	14.64	3.23	12.39	9.47	3596	1	1	1	1
94	910	1659	2.59	12.66	3.8	13.44	8.5	2454	1	1	1	1
94	911	1624	1.85	12.38	3.26	12.68	9.36	2927	1	1	1	1
89	912	4418	2.4	14.21	3.85	12.63	8.58	7562	1	1	1	1
90	913	1487	1.41	13.11	3.5	13.11	10.15	2692	1	1	1	1
92	914	1627	2.77	14.87	2.95	11.62	11.8	3541	1	1	1	1
92	915	1585	3.15	15.77	3.15	9.02	11.55	2661	1	1	1	1
90	916	1445	3.18	16.89	3.94	16.61	7.61	2985	1	1	1	1
91	917	1631	1.78	14.65	2.88	11.1	9.87	8441	1	1	.	1
91	918	1640	1.34	15.49	2.56	10.49	10.91	2858	1	1	1	1
90	919	1948	2.87	12.47	5.54	12.01	10.47	3874	1	1	1	1
90	920	2367	2.87	14.91	2.7	15.12	7.65	4474	1	1	1	1
91	921	2897	1.79	15.15	1.07	10.53	10.01	3640	1	1	1	1
92	922	2625	2.74	13.68	3.58	12.84	9.6	6752	1	1	1	1
89	923	2385	3.19	15.64	4.23	14	9.6	4556	1	1	1	1
94	924	2836	4.58	16.36	2.82	13.26	8.64	5729	0	1	0	0
89	925	2554	2.7	12.96	2.74	12.53	8.81	5455	1	1	1	1
94	926	1658	1.57	13.15	4.22	10.74	7.12	4322	1	1	1	1
93	927	1396	2.44	13.25	3.3	12.97	7.38	2542	1	1	1	1
89	928	2773	2.78	16.91	3.1	11.83	9.56	5112	1	1	1	1
89	929	2174	3.17	15.32	5.29	13.85	8.97	3814	1	1	1	1
93	930	1465	3.75	12.9	4.71	15.63	7.65	3942	1	1	1	1
99	931	1396	1.79	11.96	3.22	12.46	8.38	3538	1	1	1	1
99	932	2241	1.7	15.48	2.54	13.83	8.84	3471	1	1	1	1
99	933	1868	1.93	17.18	2.94	11.08	9.58	3004	.	.	.	.
99	934	3029	2.58	16.57	4.16	10.5	10.07	4908	1	1	1	1
99	935	1143	2.1	14.17	4.99	9.89	10.41	1815	.	.	.	.
99	936	1347	2.6	16.41	4.97	11.21	8.24	2345	1	1	1	1
99	937	1347	3.49	13.21	5.49	12.47	8.09	1970	.	.	.	.
99	938	2891	2.35	17.57	2.77	10.31	10.69	3326	1	1	1	1
99	939	2256	2.57	16.98	3.9	12.68	9.04	3521	.	.	.	.
99	940	2911	2.37	16.52	3.37	10.79	9.52	3995	1	1	1	1
100	941	1765	1.81	16.94	3.57	9.63	9.12	3147	1	1	1	1
100	942	487	1.03	15.2	2.87	10.68	4.93	1869	0	0	0	0
100	943	1274	2.43	13.03	5.02	13.58	9.18	2385	.	.	.	.
100	944	4048	2.72	16.75	2.74	10.45	10.97	6785	1	1	1	1
100	945	1844	1.41	15.67	3.8	11.66	11.61	3858	1	1	1	1
100	946	1695	1.42	11.45	4.6	15.87	8.67	2639	1	1	1	1
100	947	1415	1.2	14.49	3.82	11.59	8.9	1735	.	.	.	.
100	948	1059	3.21	14.54	4.63	13.31	8.03	1879	.	.	.	.
100	949	2276	2.46	14.72	3.08	12.21	8.83	4578	0	0	0	0
100	950	2077	1.93	13.1	3.66	12.61	8.67	3355	1	1	1	1
100	951	1791	2.35	14.35	4.41	11.61	8.54	2091	.	.	.	.
100	952	1036	1.35	13.61	6.66	10.23	7.63	2870	.	.	.	.
100	953	2098	2	15.06	3.48	9.25	10.77	3472	.	.	.	.
100	954	2439	1.85	16.93	3.16	12.18	10.74	4162	.	.	.	.
100	955	2198	1.96	14.6	5.14	12.69	9.74	5505	.	.	.	0
100	956	2190	1.87	15.75	3.61	11.6	9.91	3857	0	0	0	0
100	957	2194	2.37	14.81	3.78	10.71	10.12	4193	0	0	0	0
100	958	583	1.54	13.55	4.46	11.32	10.98	1035	1	1	1	1
100	959	2205	2.81	15.65	3.49	10.29	11.56	3088	1	1	1	1
100	960	1358	1.99	16.57	3.98	11.78	9.5	3180	1	1	1	1
100	961	2193	1.96	15.28	2.87	12.54	7.93	3030	1	1	0	1
100	962	1881	2.66	16.06	3.35	10.63	10.85	4705	1	1	1	1
100	963	711	2.53	12.94	5.06	11.53	7.74	1278	0	0	0	0
100	964	808	2.6	11.76	4.58	13.37	9.53	1043	0	0	0	0
100	965	1587	2.02	13.67	4.6	12.04	9.33	2027	0	0	0	0
100	966	1041	1.73	14.12	4.71	12.3	11.72	1296	1	1	1	1
100	967	1927	2.13	13.91	3.74	13.39	10.17	3904	.	1	1	1
100	968	1222	2.37	13.01	5.48	12.36	8.27	3523	.	.	.	.
100	969	1945	1.39	13.01	3.24	12.19	9.2	4178	0	0	0	0
100	970	1041	2.79	12.3	3.55	11.72	8.84	1982	1	1	1	1
100	971	1434	1.81	12.69	4.46	11.72	9.83	2707	.	.	.	.
100	972	1289	2.09	12.88	2.25	13.03	10.01	3346	.	.	.	.
101	973	2386	2.72	12.87	3.31	13.12	8.76	3718	1	1	1	1
101	974	2187	2.97	12.8	3.02	13.21	8.28	4207	.	.	.	.
101	975	1304	1.92	12.65	4.91	14.42	8.51	2605	1	1	1	1
101	976	3344	2.57	14	2.51	12.5	9.3	8150	0	0	0	0
101	977	2069	2.03	13.97	3.04	12.76	9.67	5788	1	1	0	0
101	978	1476	2.98	11.45	3.59	13.01	10.64	2336	1	1	1	1
101	979	1663	2.53	13.05	4.39	9.74	11	3547	.	.	.	.
101	980	2572	1.79	12.05	2.18	14.35	9.56	5241	.	.	.	.
101	981	2487	2.25	12.51	2.85	15.44	10.74	5431	1	1	1	1
101	982	1876	2.93	12.15	3.09	13.65	11.03	5078	1	1	1	1
101	983	1637	1.83	13.81	2.57	13.32	7.94	3288	.	.	.	.
101	984	1948	2.57	11.45	3.29	14.17	7.85	5591	.	.	.	.
101	985	1767	3.34	13.58	1.98	13.19	7.92	6841	1	1	1	1
101	986	1954	3.02	11.98	4.15	12.54	9.31	2775	.	.	.	.
101	987	1834	2.56	11.94	3.93	12.32	10.41	4197	1	1	1	1
101	988	1185	1.35	11.39	4.14	13.5	9.11	2647	.	.	.	.
101	989	1900	2.37	12.26	3.68	15.21	7.47	3173	.	.	.	.
101	990	1373	2.18	13.11	4.66	11.51	9.61	3474	1	1	1	1
101	991	2079	2.41	12.12	2.93	14.05	9.48	4457	0	0	0	0
101	992	2183	2.52	10.9	4.35	12.05	10.49	3953	.	.	.	.
101	993	1916	2.87	11.85	2.71	11.06	12.27	4167	1	1	1	1
101	994	1399	2.72	12.79	3	13.3	10.15	3611	.	.	.	.
101	995	2066	3	12.15	3.34	13.31	10.21	4531	1	1	1	1
102	996	2009	4.33	18.07	4.83	13.09	10.05	3469	.	.	.	.
102	997	1678	2.21	13.47	3.93	13.35	7.99	3271	1	1	1	1
102	998	3173	2.11	15.76	2.87	14.25	10.05	5616	1	1	1	1
102	999	1620	3.46	13.27	3.33	15.37	7.78	2511	1	1	1	1
102	1000	3301	1.33	16.51	2.33	13.66	8.57	5143	1	1	1	1
103	1001	2970	2.05	12.36	1.82	11.48	11.72	5859	1	1	1	1
103	1002	3407	2.26	12.15	1.85	10.74	10.24	4046	1	1	1	1
103	1003	2327	1.72	15.56	1.12	10.06	13.11	3778	.	.	.	.
103	1004	2141	1.35	14.53	1.82	10.09	8.87	2898	.	.	.	.
103	1005	2431	0.7	13.62	1.48	11.15	11.39	3703	0	0	0	0
103	1006	1692	1.18	12.65	1.71	11.52	8.81	3561	1	1	1	1
103	1007	1737	0.98	12.61	1.32	12.09	14.34	2616	1	1	1	1
103	1008	1830	1.86	17.43	1.37	10.44	12.46	2614	1	1	1	1
103	1009	2494	2.17	13.63	1.84	11.43	11.55	3133	0	0	0	0
103	1010	1582	1.58	14.29	1.64	9.17	12.9	1959	0	0	0	0
103	1011	1292	1.63	12.23	1.7	11.61	11.3	1704	1	1	1	1
103	1012	1500	1.2	13.13	1.93	12.67	11.27	4276	.	.	.	.
103	1013	1747	1.66	15.4	1.49	10.3	16.37	4413	1	1	1	1
103	1014	1634	1.84	15.18	2.39	8.57	10.1	2818	1	1	1	1
104	1015	1292	3.41	13.7	3.17	11.3	9.67	2183	1	1	1	1
104	1016	1533	1.7	12.85	5.22	11.09	9.2	2299	1	1	1	1
104	1017	885	3.39	15.37	4.63	12.54	8.59	1585	1	1	1	1
104	1018	3863	2.72	14.24	2.33	12.37	8.41	5087	1	1	1	1
104	1019	1652	1.76	16.59	3.21	10.96	11.14	2554	1	1	1	1
104	1020	2125	2.54	14.02	3.58	15.48	10.12	3384	1	1	1	1
104	1021	3249	2.43	13.11	2.86	14.62	10.37	3834	.	1	.	.
104	1022	3935	2.74	13.98	1.91	14.33	6.53	5330	1	1	1	0
104	1023	3686	2.28	12.94	2.88	13.89	8.52	5776	.	.	.	.
104	1024	1833	2.35	15.88	3.82	12.44	10.64	3277	1	1	1	1
104	1025	2519	2.82	15.24	3.02	13.7	11.59	3665	0	0	0	0
104	1026	1698	2.36	14.13	2.36	13.37	10.9	3122	0	0	0	0
104	1027	1630	2.64	13.13	3.99	14.42	9.33	3498	0	0	0	0
104	1028	4175	2.54	16.19	3.4	13.34	10.71	5879	1	1	1	1
104	1029	1402	3.21	17.62	3.5	17.12	10.13	1972	.	.	.	.
104	1030	3197	2.28	13.89	4.22	12.92	7.85	6043	1	1	1	1
104	1031	2233	2.24	15.49	4.3	13.57	9.09	6806	0	1	1	1
104	1032	1384	1.37	12.79	2.53	13.87	8.74	3293	1	1	1	1
104	1033	2507	2.91	15.2	3.87	13.6	8.46	4069	.	.	.	.
104	1034	1628	2.46	12.78	2.52	13.51	7.99	3177	0	0	0	0
104	1035	1867	2.14	12.85	2.84	12.32	8.89	3099	1	1	1	1
104	1036	2645	2.68	13.38	3.18	14.97	7.64	3910	.	.	.	.
104	1037	2390	2.05	13.68	3.72	12.89	6.99	6267	.	.	.	.
104	1038	2092	3.63	15.68	5.4	14.53	9.7	3874	.	.	.	.
104	1039	1845	2.87	13.93	3.85	14.42	9.16	4587	1	1	1	1
104	1040	2253	2.89	13.58	3.42	12.29	7.15	5096	0	1	1	0
104	1041	2775	2.63	15.03	2.38	13.62	9.33	4132	1	1	1	1
104	1042	3130	2.65	15.11	3.35	14.35	9.52	6117	1	1	1	1
104	1043	2100	2.29	17.43	4.05	14.14	8.38	3171	.	.	.	.
104	1044	2107	2.37	11.25	2.18	14.14	8.54	4379	.	.	.	.
104	1045	1775	2.2	13.18	4.51	12.39	8.62	3091	.	.	.	.
104	1046	3224	2.95	15.73	2.98	12.97	10.45	4211	1	1	1	1
104	1047	1989	2.66	13.17	3.27	13.02	7.49	2979	.	.	.	.
104	1048	3220	3.66	10.87	2.92	16.43	6.68	3979	.	.	.	.
104	1049	1595	2.76	11.35	2.88	14.36	5.2	2178	.	.	.	.
104	1050	3740	2.03	14.39	3.5	12.33	6.23	10893	.	.	.	.
104	1051	2458	1.46	14.73	2.64	9.36	10.78	3731	1	1	1	1
104	1052	2339	2.78	15.69	2.99	12.23	13.3	4137	1	1	1	1
104	1053	1155	2.08	12.73	3.29	12.38	7.36	2748	.	.	.	.
104	1054	3167	2.75	15.06	2.87	12.06	9.47	7534	1	1	1	1
104	1055	2061	2.47	14.26	3.93	15.82	10.38	3208	1	1	1	1
105	1056	4847	2.41	17.68	3.67	12.07	9.14	6711	.	.	.	.
105	1057	3783	3.6	18.24	3.49	14.8	8.3	6545	.	.	.	.
105	1058	2963	3.27	17.21	4.62	13.26	10.06	4038	1	1	1	1
105	1059	1646	2.25	16.28	5.04	12.52	7.59	2288	1	1	1	1
105	1060	2966	3.24	16.01	3.17	11.67	8.06	4092	0	0	0	0
105	1061	1250	2.48	17.28	2.64	11.12	7.68	1774	0	0	0	0
105	1062	2398	3.92	16.47	4.21	12.72	9.38	3525	.	.	.	.
105	1063	2060	2.96	16.55	3.01	13.93	9.17	2940	.	.	.	.
105	1064	2316	2.2	15.07	4.49	12.26	9.84	2704	1	1	1	1
105	1065	1753	2.11	15.63	4.79	13.12	7.47	2803	.	.	.	.
105	1066	3275	2.38	16.7	3.27	11.66	11.76	5009	1	1	1	1
105	1067	2167	3	19.94	4.57	11.77	9.55	3249	1	1	1	1
105	1068	962	3.95	19.33	3.74	10.81	8.42	1449	.	.	.	.
105	1069	1788	2.96	13.03	3.8	12.7	6.82	2488	1	1	1	1
105	1070	1839	2.5	16.97	3.59	12.62	10.01	2823	1	1	0	0
105	1071	1290	2.48	14.5	5.89	13.95	8.29	2584	.	.	.	.
105	1072	2165	1.89	12.89	4.25	12.56	7.71	3609	.	.	.	.
105	1073	2460	2.11	13.62	4.39	13.21	7.6	4362	1	1	1	1
105	1074	2702	2.26	14.69	4.07	10.36	9.22	2963	1	1	1	0
105	1075	2312	3.07	15.7	3.63	9.78	8.87	3036	1	1	1	1
105	1076	2696	3.26	18.73	3.86	9.31	11.5	3402	1	1	1	1
105	1077	1326	3.39	16.74	3.77	12.44	9.28	1906	1	1	1	1
105	1078	3397	2.56	18.31	3.65	10.36	9.77	5134	1	1	1	1
105	1079	6259	2.67	15.8	3.02	12.14	9.07	9428	.	.	.	.
105	1080	4358	2.52	14.48	2.91	12.23	8.49	5341	1	1	0	0
105	1081	3123	2.98	15.27	4.13	12.42	9.8	3814	.	.	.	.
105	1082	2129	3.29	12.02	4.27	12.78	8.22	2997	.	.	.	.
105	1083	2231	3.05	15.33	3.09	11.65	9.68	2964	1	1	1	1
105	1084	1329	2.86	13.84	5.34	12.79	8.28	1842	.	.	.	.
105	1085	1578	2.98	15.78	3.93	14.45	10.27	3906	1	1	1	1
105	1086	2289	3.06	14.68	3.89	14.55	9.17	3550	.	.	.	.
105	1087	2416	1.66	13.74	4.06	12.13	9.69	4333	1	1	1	1
105	1088	3492	2.66	15.15	3.38	11.57	9.02	6422	1	1	1	1
105	1089	3095	2.26	15.86	3.91	14.18	9.18	4986	0	0	0	0
106	1090	2442	3.15	15.19	2.42	18.22	11.43	4158	.	.	.	.
106	1091	1312	2.36	13.19	3.81	17.15	10.44	3867	1	1	1	1
106	1092	1155	4.16	12.64	3.29	15.06	9.7	1766	1	1	1	1
106	1093	686	0.87	11.08	0.29	13.27	11.81	1501	0	0	0	0
106	1094	2152	4.04	14.08	2.23	17.75	8.74	4430	.	.	.	.
106	1095	1886	4.19	12.99	3.98	16.44	10.92	3059	1	1	1	1
106	1096	358	2.79	15.08	2.51	14.25	10.89	618	0	0	0	0
106	1097	2538	3.11	12.69	2.68	14.34	10.4	4560	1	1	1	1
106	1098	500	3.4	17.2	3.8	18.8	13	1417	1	1	1	1
106	1099	3237	2.66	15.94	2.93	12.64	7.85	4606	1	1	1	1
106	1100	2828	2.97	13.3	4.49	14.36	10.4	4763	.	.	.	.
106	1101	2810	3.02	13.95	4.56	15.48	8.65	5333	.	.	.	.
106	1102	1918	4.85	13.56	4.01	14.13	9.96	3013	.	.	.	.
106	1103	5026	2.81	16.61	1.85	12.67	10.41	12199	1	1	1	1
106	1104	2979	1.75	14.1	1.91	12.15	10.51	4355	1	1	1	1
106	1105	1188	2.78	13.13	2.86	17.26	6.82	2277	1	1	1	1
106	1106	1402	2.78	12.48	3.99	14.76	8.77	2870	1	0	1	0
106	1107	1884	1.8	12.15	2.12	14.76	9.87	3328	1	1	1	1
106	1108	1598	2.63	14.14	2.44	12.33	10.14	3447	.	.	.	.
106	1109	1766	2.49	14.84	2.15	13.7	11.55	2952	1	1	1	1
106	1110	2865	3.14	17.21	2.79	13.65	11.34	6687	.	.	.	.
106	1111	1237	1.62	13.18	2.83	15.93	9.62	1610	1	1	1	1
106	1112	1433	2.65	13.19	2.86	21.07	10.54	4423	.	.	.	.
106	1113	1551	3.74	14.12	1.61	18.96	10.06	3518	0	0	0	0
106	1114	2006	2.09	16.8	2.09	14.36	9.67	4897	.	.	.	.
106	1115	6032	3.98	15.55	2.49	14.51	10.56	10920	.	.	.	.
106	1116	2545	3.18	13.83	2.12	14.03	9.82	4821	1	1	1	1
106	1117	1923	2.6	13.57	2.65	13.05	8.58	3161	1	1	1	1
106	1118	2035	4.42	12.97	2.6	15.09	9.48	4064	.	.	.	.
106	1119	2255	3.06	15.79	3.15	13.7	11	4198	1	1	1	1
106	1120	3091	1.81	15.88	2.07	12.36	10.32	5749	1	1	1	1
106	1121	2298	4.26	15.75	2.09	12.75	8.83	3816	1	0	1	0
106	1122	908	3.08	12.22	2.42	14.54	7.71	1141	0	0	0	0
106	1123	1662	2.95	15.28	3.25	9.69	11.13	2890	.	.	.	.
106	1124	2804	2.28	14.09	4.53	13.55	9.17	6834	.	.	.	.
106	1125	1625	2.77	13.11	2.83	13.11	11.02	3187	1	1	1	1
106	1126	1737	3.17	13.76	2.19	17.79	10.71	3058	.	.	.	.
106	1127	1699	1.82	11.6	1.18	15.13	10.59	3816	.	.	.	.
106	1128	2303	1.56	13.63	1.95	12.68	9.47	5334	.	.	.	.
106	1129	2850	2.28	16.49	2.07	15.16	11.79	6598	.	.	.	.
106	1130	1714	2.8	13.01	2.39	17.21	9.57	2756	.	.	.	.
106	1132	1020	1.67	15.59	1.57	19.71	12.65	2540	0	1	1	1
106	1133	1440	1.81	12.57	1.6	14.17	10.21	2365	0	0	0	0
106	1134	2803	2.5	15.31	3.64	13.45	9.6	7524	1	1	1	1
106	1135	2989	2.51	14.35	3.28	15.72	9.2	7877	1	1	1	1
106	1136	2088	3.4	13.03	2.87	17.86	10.63	3757	1	1	0	0
106	1137	1984	2.32	17.24	3.43	14.82	9.38	3210	.	.	.	.
106	1138	1271	3.46	12.59	2.05	14.48	8.03	4379	1	1	1	1
106	1139	2633	3.08	16.26	2.96	16.26	8.74	4577	1	1	1	1
106	1140	3440	2.59	13.63	2.15	15.29	9.39	6737	1	1	1	1
106	1141	1767	3.06	13.19	2.55	18.17	10.3	2821	0	0	1	0
106	1142	2491	2.57	13.73	1.77	13.37	10.8	4595	.	.	.	.
106	1143	1726	3.82	15.7	3.19	16.16	8.98	3276	1	1	1	1
106	1144	3026	1.55	15.37	1.78	13.98	10.28	4487	.	.	.	.
106	1145	2089	2.82	13.79	2.15	15.65	11.11	3295	.	.	.	.
106	1146	3056	2.32	14.1	2.42	15.45	9.82	6109	.	.	.	.
106	1147	3110	2.77	13.89	1.93	17.65	8.55	5577	.	.	.	.
106	1148	2307	2.73	16.34	1.43	14.56	9.84	4948	1	1	1	1
106	1149	1614	2.54	13.63	3.16	15.61	8.74	2610	1	1	1	1
106	1150	1310	1.91	13.97	3.21	14.35	9.77	1866	1	1	1	1
106	1151	1796	1.5	15.42	2	15.65	7.57	7104	0	0	0	0
106	1152	1515	1.52	17.43	1.58	13.2	11.29	3970	.	0	.	.
106	1153	1714	2.8	15.75	1.75	14.18	9.45	3856	1	1	1	1
106	1154	3188	2.1	12.99	2.23	17.35	10.07	4721	.	.	.	.
106	1155	1689	3.61	14.62	4.09	16.1	9.53	4843	1	1	1	0
106	1156	2123	2.68	13.14	2.36	13.71	12.25	2757	0	0	0	0
106	1157	3247	2.31	12.13	1.57	13.12	10.56	9186	1	1	1	1
106	1158	2276	1.85	12.39	3.91	12.3	10.11	4725	1	1	1	1
106	1159	2241	1.78	16.64	2.23	11.69	9.82	5509	.	.	.	.
106	1160	3008	2.76	18.62	1.83	15.49	9.81	8822	.	.	.	.
106	1161	1928	2.54	13.33	3.11	13.85	9.08	3286	1	1	1	1
106	1162	2301	2.69	14.39	2.3	13.78	10.69	4784	1	1	1	1
106	1163	2055	2.19	13.67	2.58	14.26	7.54	5288	.	.	.	.
106	1164	1885	2.12	11.78	3.13	15.7	10.13	2673	1	1	1	1
106	1165	1667	2.94	13.02	2.52	16.08	8.82	2611	.	.	.	.
106	1166	2526	2.49	15.16	2.49	12.31	8.04	5596	.	.	.	.
106	1167	3221	4.1	14.41	2.05	12.42	9.16	4542	.	.	.	.
106	1168	1383	1.08	17.35	2.24	10.27	8.03	3536	1	1	1	1
106	1169	2926	2.46	17.53	3.55	14.46	11.79	6319	.	.	.	.
106	1170	2265	2.25	15.54	3.8	15.54	9.8	5650	.	.	.	.
106	1171	1870	2.09	11.82	2.25	14.44	9.2	4208	.	.	.	.
106	1172	1195	1.26	13.05	3.6	14.64	9.62	1984	1	1	1	1
106	1173	1460	3.97	11.58	2.33	17.74	8.63	2618	0	0	0	0
106	1174	1693	3.6	12.94	1.95	12.94	8.68	3345	1	1	1	1
106	1175	3668	2.45	15.29	2.13	13.41	9.38	8183	1	0	1	1
106	1176	1839	1.74	13.65	1.79	14.63	9.95	3103	1	1	1	1
106	1177	1168	2.14	10.53	1.88	14.73	11.13	1759	.	.	.	.
106	1178	2677	2.24	11.99	2.35	14.79	10.83	5617	0	0	0	0
106	1179	2358	1.36	13.1	1.95	12.09	7.97	4199	1	1	1	1
106	1180	4790	3.05	14.2	2.21	15.53	9.77	7208	1	1	1	0
106	1181	3168	1.96	15.21	1.48	15.09	9.03	4776	1	1	1	0
106	1182	5386	2.02	14.04	1.69	13.91	10.49	9208	1	1	1	0
106	1183	2567	1.79	14.06	2.96	13.56	8.65	6182	0	0	0	0
106	1184	2466	3.49	13.06	3.08	11.88	10.34	3406	1	1	1	1
106	1185	2126	3.01	11.76	2.3	13.22	9.31	2978	.	.	.	.
106	1186	3087	4.02	14.97	1.72	14.8	11.53	6044	0	1	1	0
106	1187	6274	2.69	14.73	2.42	15.05	10.36	9497	.	.	.	.
106	1188	4661	2.75	16.01	2.53	14.01	12.16	9319	.	.	.	.
106	1189	2810	2.95	15.02	2.81	13.49	10.32	5415	.	.	.	.
106	1190	1983	2.32	14.07	3.43	13.97	9.28	5433	1	1	1	1
106	1191	1922	3.17	12.64	2.34	15.04	8.32	2600	1	1	1	1
106	1192	1239	1.21	11.14	2.26	12.83	10.41	2369	1	1	1	1
106	1193	2400	2.67	15.13	1.21	13.88	10	3406	.	.	.	.
106	1194	1744	2.35	13.42	3.33	12.67	11.87	3216	.	.	.	.
106	1195	2219	3.29	10.82	2.3	15.82	9.19	6634	.	.	.	.
106	1196	2757	2.76	12.33	3.05	12.08	8.16	4433	1	1	1	1
106	1197	2648	2.83	13.29	3.89	12.35	9.71	5142	1	1	1	1
107	1198	3102	2.68	15.99	2.71	13.06	9.41	4765	1	1	1	1
107	1199	3797	1.79	16.28	3.45	11.43	8.93	5309	.	.	.	.
107	1200	3102	2.77	14.51	4.09	13.77	8.99	5632	.	.	.	.
107	1201	3731	2.71	13.62	3.51	12.78	7.26	5976	.	.	.	.
107	1202	3169	1.99	15.18	3.69	12.15	8.77	6624	.	.	.	.
107	1203	2911	3.74	16.39	3.88	12.33	8.28	5486	1	1	1	0
107	1204	3012	3.12	14.71	4.48	12.32	10.92	4434	1	1	1	1
107	1205	2424	2.06	15.64	5.16	12.46	9.12	4487	.	.	.	.
107	1206	2530	2.61	15.42	3.72	13.6	8.54	3525	.	.	.	.
107	1207	3016	1.86	16.35	4.11	12.93	10.64	4200	1	1	1	1
107	1208	3620	2.85	17.32	3.37	12.6	10.22	4362	1	1	1	1
107	1209	4076	2.55	16.44	3.12	13.25	9.81	6071	.	.	.	.
107	1210	1967	3.66	14.9	5.08	12.35	8.95	4885	.	.	.	.
108	1211	1704	2.29	12.09	1.53	12.03	10.92	2253	1	1	1	1
108	1212	2393	1.55	9.74	1.38	12.66	10.11	3533	.	.	.	.
108	1213	1365	3.15	13.11	1.32	14.87	9.67	1928	.	.	.	.
108	1214	3241	2.68	15.61	3.33	11.69	13.7	4695	0	1	1	1
108	1215	2366	2.41	10.95	1.86	14.75	9.85	3013	1	1	1	1
108	1216	1167	3	14.65	2.49	12.34	11.31	1981	.	.	.	.
108	1217	3391	2.06	11.44	2.01	13.74	8.73	5014	0	0	0	1
108	1218	3658	2.21	16.48	2.02	9.68	11.76	6137	.	.	.	.
108	1219	5974	2.68	12.89	2.24	11.9	11.25	7064	.	.	.	.
108	1220	3635	2.92	12.9	1.4	14.14	10.01	4552	.	.	.	.
108	1221	4388	3.21	14.72	1.89	12.35	12.24	6029	1	1	1	1
108	1222	2035	2.95	11.7	1.57	11.35	10.76	2469	.	.	.	.
108	1223	2844	3.55	15.58	1.62	10.23	11.92	3681	.	.	.	.
108	1224	3500	3.54	14.2	2	14.77	12.83	4717	.	.	.	.
108	1225	1877	3.14	13	3.14	10.87	9.22	3509	.	.	.	.
108	1226	3158	3.29	12.13	3.32	12.95	11.21	4554	.	.	.	.
108	1227	2961	2.36	11.65	1.82	12.73	8.04	3577	.	.	.	.
108	1228	2364	3.38	13.54	2.07	15.14	9.73	3136	1	0	1	1
108	1229	1197	3.76	12.28	1.92	16.21	8.1	1575	.	.	.	.
108	1230	5266	1.79	13.1	1.65	11.01	11.72	6670	1	1	1	1
108	1231	2848	2.77	14.61	1.83	9.9	11.52	4660	.	.	.	.
108	1232	4239	2.22	13.09	2.85	11.18	12.69	5659	1	1	1	1
108	1233	1826	1.53	14.68	3.01	11.39	8.43	3297	1	1	1	1
108	1234	4329	1.73	14	3.16	14.48	11.25	6775	.	.	.	.
108	1235	3553	2.62	14.95	2.87	13.79	13.23	4294	.	.	.	.
108	1236	2121	2.83	15.94	3.21	15.94	10.37	2758	.	.	.	.
108	1237	1603	2.31	11.23	2.56	16.84	10.98	2497	.	.	.	.
108	1238	6477	1.84	13.39	2.98	11.52	12.64	8737	.	.	.	.
108	1239	2746	1.38	14.97	3.28	15.4	9.61	4060	.	.	.	.
108	1240	2995	1.9	10.28	1.84	17.56	8.55	3446	.	.	.	.
109	1241	2703	2.4	15.61	2.74	10.17	10.84	5294	0	1	0	1
109	1242	2249	3.11	12.54	4	13.21	10.58	3830	1	1	0	0
109	1243	1339	1.57	12.77	3.58	11.58	7.99	1920	1	1	1	1
109	1244	2458	2.28	13.59	2.69	11.47	9.32	4329	.	.	.	.
109	1245	2900	2.31	13.76	3.21	14.03	9.41	4224	.	.	.	.
109	1246	2537	2.4	13.84	3.78	11.47	9.62	4563	.	.	.	.
109	1247	1769	2.77	14.36	6.9	13.11	10.85	4195	0	0	1	0
109	1248	1131	2.12	12.73	3.71	12.47	11.67	2670	1	1	1	1
109	1249	2707	2.11	14.48	3.03	14.11	10.45	3952	.	.	.	.
109	1250	2008	2.64	14.24	2.24	14.99	10.56	3333	1	1	1	1
109	1251	2117	1.42	11.95	3.02	14.41	9.59	3371	1	1	1	1
109	1252	2627	2.74	12.49	2.44	15.72	8.07	4167	.	.	.	.
109	1253	2387	2.18	12.32	4.52	13.87	7.16	4833	.	.	.	.
109	1254	1797	1.73	13.75	3.73	13.8	11.85	2671	.	.	.	.
109	1255	2875	2.23	14.02	3.97	13.15	11.23	4997	.	.	.	.
109	1256	2176	2.67	12.27	3.63	13.6	12.09	3216	.	.	.	.
109	1257	1925	2.44	13.51	4.26	12.16	10.7	4093	.	.	.	.
109	1258	1577	2.73	13.7	3.23	11.86	9.07	3547	1	1	1	1
109	1259	2160	3.19	15.05	3.7	11.67	10.83	5470	0	0	0	0
109	1260	1009	4.76	11.99	2.38	11.2	11.79	1987	1	1	1	1
109	1261	1754	2.51	13.85	4.39	10.72	11.4	3576	1	1	1	1
109	1262	2245	1.74	12.56	3.56	11.8	10.51	5181	.	.	.	.
109	1263	1862	2.04	13.37	5.69	12.14	10.1	4219	.	.	.	.
109	1264	2469	2.79	13.08	3.65	13.12	10.9	4074	1	1	1	1
109	1265	3445	4.03	12.8	2.7	13.67	9.64	5753	.	.	.	.
109	1266	2510	3.59	15.5	3.98	13.31	11.27	3754	0	1	0	1
109	1267	1880	2.23	13.88	4.84	15.53	9.84	3076	1	1	1	1
109	1268	1244	2.81	13.26	4.5	11.9	13.59	3964	.	.	.	.
109	1269	1264	3.8	14.95	2.06	14.08	10.68	3002	.	.	.	.
109	1270	1702	3.29	12.98	3.11	15.22	9.11	2473	1	1	1	1
109	1271	2531	2.81	14.62	4.03	13.67	10.63	5480	1	1	1	1
109	1272	1296	2.78	13.19	3.09	14.12	9.34	1888	1	1	1	1
109	1273	1371	1.6	14.37	2.84	14.59	8.83	4226	.	.	.	.
109	1274	2034	3.1	12.83	4.92	16.13	10.77	4907	.	.	.	.
109	1275	1402	2.85	14.12	3.78	14.05	9.27	2776	1	1	1	1
109	1276	2080	2.84	13.94	4.04	12.12	9.66	3613	.	.	.	.
109	1277	1968	2.34	11.89	4.52	11.48	8.64	5320	.	.	.	.
109	1278	2328	2.53	12.41	4.17	13.79	11.68	5351	1	1	1	1
109	1279	3983	2.69	15.32	2.94	15.57	9.49	7370	1	1	1	1
109	1280	2151	2.7	12.27	4	13.25	8.88	4022	.	.	.	.
109	1281	2585	3.25	14.24	3.21	13.66	10.99	3860	1	1	1	1
109	1282	2652	2.75	15.2	3.28	16.03	11.12	4138	1	1	1	1
109	1283	2137	3.18	13.29	3.46	15.44	12.82	2997	.	.	.	.
109	1284	1878	3.94	13.95	4.47	14.75	11.93	3093	0	0	1	1
109	1285	1862	3.01	12.62	4.19	13.1	11.17	3196	.	.	.	.
109	1286	2643	2.8	13.66	3.56	10.93	10.56	4618	1	1	1	1
109	1287	3029	3.24	11.42	2.74	13.04	9.74	4254	.	.	.	.
109	1288	3097	2.42	12.37	3.2	15.76	9.53	5657	1	1	1	1
109	1289	2287	2.49	13.51	5.82	12.9	13.64	3504	.	.	.	.
109	1290	2623	2.86	13.92	3.58	12.12	10.56	3959	1	1	1	1
109	1291	1438	1.74	13.84	4.03	13.56	9.11	3509	0	0	0	0
109	1292	1565	2.49	14.06	3.96	13.87	10.67	4106	0	0	0	0
109	1293	2180	2.34	14.31	4.5	13.07	11.01	4729	1	1	1	1
109	1294	1478	2.77	12.99	3.92	11.43	10.69	2345	.	.	.	.
109	1295	2914	2.4	11.7	3.36	12.25	7.86	6506	1	1	1	1
109	1296	2086	2.44	13.23	3.79	11.84	10.31	4768	0	1	1	0
109	1297	1738	2.65	10.47	3.57	10.59	9.09	4106	.	.	.	.
109	1298	3459	1.68	13.21	2.37	12.89	8.47	8217	1	1	1	1
109	1299	2292	2.14	13.09	3.62	12	10.08	3874	1	1	1	1
109	1300	2869	2.2	13.7	2.75	13.52	9.1	4146	.	.	.	.
110	1301	5752	3.2	14.05	2.83	13.49	8.34	11601	.	.	.	.
110	1302	3567	3.78	15.14	2.27	14.63	8.44	6285	.	.	.	.
110	1303	4085	2.28	13	2.37	13.05	8.37	9540	1	1	1	1
110	1304	445	3.82	19.55	1.8	17.53	7.19	870	1	1	1	1
110	1305	3382	3.28	15.02	3.28	18.6	8.07	4911	.	.	.	.
110	1306	4752	2.53	15.8	2.1	12.39	9.87	8160	.	.	.	.
110	1307	1568	2.49	12.63	1.79	14.8	8.1	2298	.	.	.	.
110	1308	4288	2.61	15.44	2.05	16.35	10.54	5556	.	.	.	.
110	1309	5259	3.14	15.33	3.21	17.93	9.55	8427	1	1	1	1
110	1310	2791	2.97	15.08	2.87	13.83	8.28	7035	.	.	.	.
110	1311	4379	2.88	12.74	2.74	13.34	8.5	9220	1	1	1	1
111	1312	1799	2.78	13.62	3.95	15.12	10.12	2649	.	.	.	.
111	1313	3172	1.95	12.52	2.93	15.1	8.98	5859	.	1	.	.
111	1314	690	2.9	10.87	4.64	16.09	8.41	2167	1	1	1	1
111	1315	1596	2.38	13.72	3.82	12.97	8.27	3327	1	1	1	1
111	1316	2690	3.31	15.46	2.12	13.01	10.74	5866	0	0	0	0
111	1317	5737	2.09	14.31	2.77	12.29	10.41	7299	.	.	.	.
111	1318	802	1.25	12.34	1.62	15.96	8.85	1977	1	1	1	1
111	1319	3682	3.48	13.69	1.74	13.01	8.72	5315	.	.	.	.
111	1320	2114	2.98	12.49	2.65	13.91	7.81	3731	.	.	.	.
111	1321	1751	3.83	12.62	2.63	15.19	8.28	2121	.	.	.	.
111	1322	3350	2.81	13.43	2.27	16.3	10.45	5332	.	.	.	.
111	1323	3127	1.85	15.7	2.49	15.03	8.31	6517	.	.	.	.
111	1324	2518	2.22	12.55	2.9	12.99	10.44	4078	1	1	1	1
111	1325	3094	2.36	13.8	2.23	14.06	7.24	4355	.	.	.	.
111	1326	2624	2.67	12.08	3.2	13.61	10.14	4014	1	1	1	1
112	1327	2474	2.06	13.46	1.58	13.18	8.89	3086	1	1	1	1
112	1328	2370	2.11	17.17	1.98	14.6	9.07	3965	1	1	1	1
112	1329	1943	1.85	15.34	2.93	10.55	10.19	4419	.	.	.	.
112	1330	1403	1.71	15.25	3.35	15.32	9.91	2193	.	.	.	.
112	1331	2510	2.35	15.7	3.39	10.32	9.48	5403	1	0	0	0
112	1332	1670	2.46	19.58	3.47	13.65	11.32	3567	1	1	1	1
112	1333	1485	2.69	17.58	3.3	10.57	8.75	2932	.	.	.	.
112	1334	1865	1.93	15.5	2.57	12.12	9.28	2219	.	.	.	.
112	1335	2413	2.61	14.92	2.53	11.85	10.15	4307	1	1	1	1
112	1336	1624	1.54	14.96	1.97	12.68	8.81	2496	.	.	.	.
112	1337	3194	2.82	14.25	1.97	14.84	8.45	4284	1	1	1	1
112	1338	1413	1.98	15.29	1.56	13.45	10.54	2450	1	0	1	1
112	1339	1568	2.49	17.73	3.51	12.12	11.93	3168	1	1	1	1
112	1340	1154	1.73	13.6	3.29	13	9.19	2223	1	1	1	1
112	1341	2194	1.69	13.86	2.23	12.81	10.71	2972	1	1	1	1
113	1342	3350	3.16	11.79	3.67	13.34	7.91	4976	1	1	1	1
113	1343	2792	3.33	11.93	2.83	12.21	9.1	3951	1	1	1	1
113	1344	3858	3.5	12.7	3.29	11.87	8.53	6405	.	.	.	.
113	1345	2389	2.8	12.72	4.86	14.32	8.41	3638	.	.	.	.
113	1346	3274	2.57	16.28	2.78	13.01	9.87	5370	1	1	1	1
113	1347	4029	3.18	13.33	2.73	13.4	7.79	5333	1	1	1	1
113	1348	2836	2.68	15.02	3.14	11.39	9.63	4064	1	1	1	1
113	1349	2366	2.83	12.51	3.38	13.44	9.13	3766	.	.	.	.
113	1350	1601	2.94	11.56	4.43	13.93	9.18	2867	.	.	.	.
113	1351	3165	2.53	15.83	2.65	10.87	9.83	3982	1	1	1	1
113	1352	3522	2.39	13.09	2.84	13.71	7.89	5740	.	.	.	.
113	1353	5094	2.69	14.7	3.04	12.49	9.44	8072	.	.	.	.
113	1354	3329	2.64	14.24	2.94	14.66	9.58	4641	1	1	1	1
113	1355	1893	3.12	11.41	3.96	14.84	7.08	3395	1	1	1	1
113	1356	2533	3.24	16.9	3.51	12.55	9.47	3944	1	1	1	1
113	1357	4707	3.48	15.89	3.19	11.81	10.64	7096	1	1	1	1
113	1358	2772	3.14	15.3	4.69	12.12	9.67	5308	1	1	1	1
113	1359	746	2.01	12.47	4.69	12.87	8.18	1554	1	1	1	1
113	1360	3101	3.06	15.99	3	14.09	8.74	4353	1	1	1	1
113	1361	4086	3.6	14.46	2.59	13.53	9.15	6989	.	.	.	.
113	1362	3499	3.72	14.72	2.89	13.86	8.57	4963	.	.	.	.
113	1363	1926	3.69	10.75	3.12	12.36	7.48	2614	.	.	.	.
113	1364	3141	2.87	14.58	3.37	12.07	9.74	6319	1	1	1	1
113	1365	3196	2.66	13.61	3.69	11.64	8.98	3680	1	1	1	1
114	1366	2112	1.89	15.58	4.17	14.96	6.34	3736	0	0	1	1
114	1367	1893	2.8	14.37	3.43	11.52	9.46	3119	1	1	1	1
114	1368	3574	2.43	15.67	4.39	13.71	8.28	9229	0	0	0	0
114	1369	1911	2.04	16.12	5.18	13.55	10.83	5992	1	1	0	0
114	1370	1962	3.06	14.32	4.43	16.56	8.66	5475	0	0	0	0
114	1371	1289	1.63	12.41	4.81	12.26	7.99	5141	1	1	1	1
114	1372	2633	3.23	15.8	3.27	12.65	9.95	3968	1	1	1	1
114	1373	2643	2.08	12.86	4.01	12.56	8.78	5321	.	.	.	.
114	1374	2144	2.66	13.48	4.57	14.55	6.9	2749	0	0	1	1
114	1375	2881	2.74	15.55	4.34	14.16	10.66	5964	.	.	.	.
114	1376	1407	2.84	14.78	5.05	11.23	9.17	1868	.	.	.	.
114	1377	1739	1.9	15.87	4.72	17.42	9.95	4017	.	.	.	.
114	1378	1658	3.08	16.1	4.64	11.04	9.83	2290	.	.	.	.
114	1379	2237	1.16	16.05	2.37	12.43	8.67	4807	0	0	0	0
114	1380	1295	1.85	15.37	4.86	11.12	8.26	2627	1	1	1	1
114	1381	1168	1.97	15.58	7.53	12.5	9.93	2886	1	1	1	1
114	1382	2267	2.73	15.75	2.87	14.47	8.25	4170	.	.	.	.
114	1383	2504	2.48	14.3	2.84	11.9	7.79	5373	0	0	0	0
114	1384	1337	2.17	16.83	3.44	15.86	9.35	2836	.	.	.	.
114	1385	1429	2.38	12.53	5.81	14.63	8.33	2595	1	1	1	1
114	1386	1586	1.58	11.85	2.59	14.06	9.08	2421	1	1	1	1
114	1387	2078	1.54	14.77	3.42	14.44	8.95	4061	.	.	.	.
114	1388	4118	2.33	17.29	3.64	14.52	8.64	6153	.	.	.	.
115	1389	1134	2.56	14.37	6	11.38	9.17	1999	1	1	1	0
115	1390	2062	2.76	15.91	2.96	16.25	8.29	3497	0	0	0	0
115	1391	4126	3.42	14.08	2.71	13.43	10.16	6238	1	1	1	1
115	1392	2035	3.34	12.87	3.39	11.6	9.39	2979	1	1	1	1
115	1393	1880	2.13	13.14	1.91	16.01	10.37	2720	1	1	0	1
115	1394	2059	3.11	14.62	3.35	14.72	9.76	2552	1	1	1	1
116	1395	516	3.1	11.05	2.13	14.73	4.26	2002	1	1	1	1
116	1396	1336	2.32	12.57	6.89	15.72	7.63	2808	1	1	1	1
116	1397	1847	3.25	12.02	4.11	12.4	7.36	3318	.	.	.	.
116	1398	1835	2.02	13.79	5.12	12.15	7.36	2967	.	.	.	.
116	1399	1586	3.03	13.56	3.91	12.99	7.63	2879	.	.	.	.
116	1400	1998	2.9	12.76	1.9	14.76	8.26	3722	1	1	1	1
116	1401	1932	3.21	14.34	4.92	13.41	9.52	2983	.	.	.	.
116	1402	1431	3.07	15.16	2.45	13.56	8.11	2589	.	.	.	.
116	1403	1376	2.03	11.92	5.81	16.93	8.07	2697	1	1	1	1
116	1404	1268	3	15.38	4.89	14.2	8.91	2237	.	.	.	.
116	1405	1373	2.4	11.58	4.95	12.96	9.25	2991	1	1	1	1
116	1406	1744	2.81	13.19	2.69	12.39	9.17	4426	.	.	.	.
116	1407	1103	3.35	10.61	6.07	15.68	7.25	1527	.	0	.	.
116	1408	931	2.58	11.28	3.54	11.28	10.31	1601	.	.	.	.
116	1409	1273	3.14	12.88	3.93	12.33	8.72	2447	1	1	1	1
117	1410	1929	2.18	12.75	4.1	12.75	9.38	4204	1	1	1	1
117	1411	2042	2.74	13.71	2.01	19.83	8.47	4112	1	1	1	1
117	1412	1594	2.57	11.67	3.95	14.55	8.85	2586	.	.	.	.
117	1413	1988	1.81	13.18	4.18	14.34	9.1	4032	1	1	1	1
117	1414	2574	3.38	11.66	2.99	13.52	8.08	3748	.	.	.	.
117	1415	978	3.37	9.1	2.45	20.14	6.13	2837	1	1	1	1
117	1416	1436	2.09	13.72	2.79	13.23	9.47	2400	.	.	.	.
117	1417	1433	4.12	13.33	3	16.4	9.98	2046	.	.	.	.
117	1418	1700	2.71	14.65	3	14.59	7.35	3817	1	1	1	1
117	1419	2028	3.5	14.25	2.47	17.55	8.04	2442	.	.	.	.
117	1420	1501	1.47	12.59	3.26	16.12	10.06	2980	.	.	.	.
117	1421	1003	3.09	15.45	5.48	15.45	8.97	1464	1	1	1	1
117	1422	1151	2.26	12.68	3.13	13.21	9.9	1550	1	1	1	1
117	1423	1730	2.66	12.43	4.57	14.45	7.4	2971	1	1	1	1
117	1424	1207	1.08	10.6	4.14	13.42	9.03	2011	1	1	1	1
117	1425	777	1.8	11.45	3.47	14.16	9.78	1135	1	1	1	1
117	1426	1823	2.25	14.37	5.16	16.4	11.3	2838	.	.	.	.
117	1427	1101	1.54	12.26	3.54	12.72	6.72	2027	.	.	.	.
117	1428	1239	3.15	14.12	3.95	12.43	8.23	3781	1	1	1	1
117	1429	1500	2.07	12.8	3.93	13.8	6.93	2493	1	1	1	1
117	1430	1243	3.06	13.35	4.83	16.25	7.56	3717	.	.	.	.
117	1431	1570	3.31	13.63	4.01	14.33	7.2	2091	.	.	.	.
117	1432	1927	1.87	13.44	3.27	12.61	10.9	3859	1	0	1	0
117	1433	1810	3.04	13.98	2.6	14.14	9.94	4303	.	.	.	.
117	1434	1968	2.59	12.55	3.46	14.13	11.59	4522	1	1	1	1
117	1435	1196	1.76	10.95	4.43	14.72	8.19	3825	1	1	1	1
117	1436	1697	2.53	12.67	3.3	14.61	8.54	2764	.	.	.	.
117	1437	1010	2.57	11.98	4.36	17.52	7.72	3119	.	.	.	.
117	1438	1340	1.64	12.76	3.58	14.93	8.81	3606	.	.	.	.
117	1439	1324	2.19	12.92	3.4	15.63	7.78	2262	0	0	0	0
117	1440	1350	1.85	10.96	2.89	12.74	8.89	2558	.	.	.	.
117	1441	939	2.02	12.14	2.45	13.95	12.35	1343	1	1	1	1
117	1442	1203	2.16	12.22	3.24	13.55	8.81	2428	1	1	1	1
117	1443	1064	2.63	12.69	4.32	12.78	9.49	2027	.	.	.	.
117	1444	1096	3.19	13.05	4.2	15.15	8.67	1627	.	.	.	.
117	1445	1614	3.35	13.51	2.29	16.73	9.91	3969	1	1	1	1
117	1446	1879	1.6	11.66	4.15	15.01	8.52	4069	0	0	0	0
117	1447	1358	2.65	11.49	3.53	16.13	7.29	3497	1	1	1	1
117	1448	2476	3.59	12.8	4.93	13.25	7.88	5151	1	1	1	1
117	1449	1553	3.03	13.07	3.22	15.84	7.34	1974	0	0	0	0
117	1450	1112	1.89	13.58	4.23	13.22	8.36	4743	0	0	0	0
117	1451	1423	3.16	12.58	3.37	14.13	9.21	2099	1	1	1	1
117	1452	1384	2.6	11.2	3.76	18.42	8.67	2962	.	.	.	.
118	1453	1261	2.62	14.83	4.76	14.04	9.91	2910	.	.	.	.
118	1454	1581	2.4	14.36	2.66	14.93	7.46	2264	1	1	1	1
118	1455	3095	2.58	15.48	3.78	11.76	10.63	7247	1	1	1	1
118	1456	1843	2.55	17.47	4.94	13.84	9.55	3052	1	1	1	1
118	1457	1503	2.06	13.91	5.72	12.84	9.25	4369	.	.	.	.
118	1458	1094	1.83	13.8	4.39	11.33	13.07	1690	1	1	1	1
118	1459	2568	2.69	14.41	3.5	10.44	7.87	3756	.	.	.	.
118	1460	2047	1.66	14.56	4.89	11.63	11.38	2980	1	1	1	0
118	1461	4594	2.44	14.91	4.14	10.62	10.3	9953	1	1	1	1
118	1462	4204	2.45	15.46	3.02	11.77	9.8	7790	.	.	.	.
119	1463	3161	4.4	13.07	2.5	12.15	11.2	4002	1	1	1	1
119	1464	897	3.79	12.37	2.9	14.16	8.25	1447	.	.	.	.
119	1465	1937	3.56	15.69	3.51	10.89	9.55	5639	.	.	.	.
119	1466	2185	3.02	13.46	2.24	12.91	9.75	3133	.	.	.	.
119	1467	2440	2.66	15.29	3.16	13.03	11.07	5606	.	.	.	.
119	1468	1948	2.77	13.71	2.21	13.04	9.45	2743	.	.	.	.
119	1469	1629	4.73	13.51	2.7	13.38	10.44	3517	.	.	.	.
119	1470	1707	3.05	13.24	3.4	12.83	10.25	4013	1	1	1	1
119	1471	1974	3.85	14.74	4.05	13.93	11.45	3058	.	.	.	.
119	1472	2237	3.26	13.46	2.64	13.72	9.83	4805	1	1	1	1
119	1473	2057	3.55	13.51	2.67	13.86	10.06	3937	.	.	.	.
119	1474	2218	3.11	13.93	2.89	13.8	10.23	2621	.	.	.	.
119	1475	2193	2.74	16.42	3.01	9.8	11.17	3586	.	.	.	.
119	1476	2456	2.57	16.98	4.11	10.91	9.85	6197	1	1	1	1
119	1477	3142	2.39	12.13	4.17	11.62	9.36	6786	1	1	1	1
119	1478	4537	2.34	15.08	3.72	10.6	9.61	9922	.	.	.	.
119	1479	4295	2.44	14.11	3.49	13.11	11.08	5263	0	0	1	1
119	1480	1471	3.67	12.3	3.67	14.75	11.83	2354	1	1	1	1
119	1481	1737	2.88	13.3	3.86	13.3	7.43	3687	.	.	.	.
120	1482	2609	2.34	14.41	5.52	13.45	8.55	5892	.	.	.	.
120	1483	3002	2.76	14.82	4.03	10.76	9.29	5413	1	1	1	1
120	1484	4040	2.43	14.53	3.94	11.41	9.68	6133	.	.	.	.
120	1485	3194	2.63	15.28	3.51	11.77	9.33	6819	.	.	.	.
120	1486	5512	2.47	16.51	3.45	11.34	9.8	7688	.	.	.	.
120	1487	2750	2.25	13.82	3.71	11.45	8.98	9246	.	.	.	.
120	1488	3932	2.77	14.04	3.13	13.68	9.41	6285	.	.	.	.
120	1489	3545	2.93	14.33	3.78	13.54	10.66	5830	.	.	.	.
120	1490	3384	3.01	14.04	4.14	13.56	8.1	6921	.	.	.	.
120	1491	2259	2.79	16.25	3.9	11.2	8.54	4426	1	1	1	1
121	1492	1178	3.4	13.07	3.4	13.67	9.59	2069	1	1	1	1
121	1493	2519	2.42	13.1	2.9	13.78	10.56	3698	.	.	.	.
121	1494	1213	2.89	12.2	2.8	14.43	9.32	1846	1	1	1	1
121	1495	1410	2.62	12.98	2.27	13.55	9.29	4025	1	1	1	1
121	1496	2247	4.18	11.97	2.71	16.02	10.1	4078	.	.	.	.
121	1497	2258	2.61	13.64	3.41	12.75	10.45	5237	.	.	.	.
121	1498	2035	2.46	14	3.05	16.86	8.26	4338	.	.	.	.
122	1499	4163	3.65	13.43	2.74	12.61	10.28	5068	.	.	.	.
122	1500	3031	3.04	13.99	2.61	14.81	10.36	3811	.	.	.	.
122	1501	4992	2.9	13.84	2.28	12.92	10.28	8559	1	1	1	1
122	1502	4092	3.64	14	2.83	14.93	9.38	8220	1	1	1	1
122	1503	3233	2.51	14.04	2.72	12.31	9.93	4763	1	1	1	1
122	1504	3664	3.66	12.99	3.33	14.19	8.84	4986	0	0	0	0
122	1505	6179	4.16	14.53	2.56	14.29	14.16	6887	.	.	.	.
122	1506	2409	4.11	13.53	4.44	11.21	10.42	3092	.	.	.	.
122	1507	3827	4.18	12.7	2.67	12.2	9.17	5464	1	1	1	1
122	1508	2982	2.95	13.82	3.22	13.92	9.09	4087	.	.	.	.
122	1509	2516	2.98	12.72	2.78	14.03	9.54	4170	.	.	.	.
122	1510	2352	4.12	13.35	2.98	11.65	10.37	3990	.	.	.	.
122	1511	2576	3.11	13.24	3.92	14.05	8.46	3462	0	0	0	0
123	1512	2647	3.06	14.13	3.89	13.3	9.33	4632	1	1	1	1
123	1513	3796	4.08	17.23	2.37	12.46	9.59	6071	1	1	1	1
123	1514	2895	3.14	15.23	2.63	12.61	8.08	6177	1	1	1	1
123	1515	1650	2.42	16	2.12	10.73	9.03	2169	.	.	.	.
123	1516	2487	2.33	13.15	2.29	12.63	8.28	4386	0	1	0	1
123	1517	2657	2.63	14.79	5.01	12.08	8.69	4409	0	0	0	0
123	1518	4862	2.98	16.45	3.93	12.03	8.6	9627	.	.	.	.
124	1519	1310	3.21	17.1	3.74	15.34	9.31	2153	1	1	1	1
124	1520	1490	3.36	15.3	1.95	11.74	11.61	2383	.	.	.	.
124	1521	1335	3.67	14.23	3.52	11.84	9.96	2539	.	.	.	.
124	1522	1413	2.55	14.37	3.33	14.51	11.89	2640	0	0	0	0
124	1523	1902	2.37	15.09	2.84	11.57	11.93	3734	.	.	.	.
125	1524	2372	3.41	15.64	2.57	13.7	8.9	3717	.	.	.	.
125	1525	2043	3.18	15.32	3.82	16.01	9.4	2944	.	.	.	.
125	1526	2380	3.74	14.66	3.4	15.8	9.45	3116	1	1	1	1
125	1527	1803	1.77	17.19	3.77	13.87	9.48	2682	1	1	1	1
125	1528	2663	3.34	15.32	2.67	16.97	9.31	3994	.	.	.	.
125	1529	2470	3.93	15.38	3.68	18.22	7.49	4017	.	.	.	.
125	1530	1945	3.34	15.94	3.08	13.37	10.33	2119	1	1	1	1
125	1531	3265	2.82	14.46	3.49	13.81	9.25	5415	1	1	1	1
125	1532	1692	4.08	13	4.02	15.01	9.28	2278	.	.	.	.
125	1533	1768	3.56	12.78	2.71	13.91	9.5	2296	0	0	0	0
125	1534	2417	3.52	12.12	3.93	15.43	6.29	3917	.	.	.	.
125	1535	3305	4.63	13.4	2.42	13.65	8.11	4391	.	.	.	.
125	1536	2302	4.13	15.86	3.95	15.07	9.17	2849	.	.	.	.
125	1537	2259	2.57	14.96	3.81	13.37	9.34	3472	.	.	.	.
125	1538	2785	2.37	15.33	3.16	14.58	10.45	4466	0	0	0	1
125	1539	4486	3.57	13.98	2.61	13.62	9.01	6090	.	.	.	.
125	1540	1674	3.88	15.53	4.42	14.1	10.99	2329	1	1	1	1
125	1541	4275	3.84	16.51	3.56	13.92	8.05	6255	1	1	1	1
125	1542	1600	3.56	12.81	4.06	14.69	9.38	1879	1	1	1	1
125	1543	2876	3.41	14.53	3.06	14.46	9.21	3836	.	.	.	.
125	1544	2602	3.92	16.6	3.46	14.6	9.03	3670	.	.	.	.
125	1545	1929	3.47	15.76	2.8	17.26	8.61	2967	.	.	.	.
125	1546	1866	4.29	12.86	3.22	15.86	9.81	2445	0	0	0	0
125	1547	1815	2.42	17.3	4.08	15.1	10.58	2859	.	.	.	.
125	1548	1980	3.59	15.15	3.23	17.63	9.44	2635	1	1	1	1
125	1549	3527	3.6	16.1	2.75	14.72	10.07	4625	1	1	1	1
125	1550	1238	1.86	18.58	4.04	12.28	11.39	1783	1	1	1	1
125	1551	1297	3.78	13.34	6.4	18.97	9.87	2306	.	.	.	.
125	1552	2814	3.48	15.32	3.41	16.2	10.2	3997	.	.	.	.
125	1553	2233	2.64	15.27	2.96	15.54	10.03	4323	1	1	1	0
125	1554	1588	4.72	13.54	3.4	16.06	8.82	2383	1	1	1	1
125	1555	3055	2.85	15.12	4.12	14.27	10.08	4630	1	1	1	1
125	1556	3414	3.57	13.71	3.98	15.08	8.67	6078	1	1	1	1
125	1557	3005	4.39	16.91	3.03	15.77	7.79	5284	.	.	.	.
125	1558	2519	3.57	16.36	3.29	14.93	10.36	3247	1	1	1	1
125	1559	1765	2.78	13.2	3.91	13.2	9.63	2353	.	.	.	.
125	1560	3176	3.37	15.08	2.64	14.01	9.38	3927	0	0	0	0
125	1561	2297	3.48	14.54	4.18	16.11	9.84	3381	.	.	.	.
125	1562	2229	3.32	13.41	4.04	12.29	8.3	3581	.	.	.	.
125	1563	2152	3.44	13.43	4.09	12.45	8.55	3422	1	1	1	1
125	1564	1865	3.54	13.3	4.29	16.57	7.13	3020	.	.	.	.
125	1565	2820	3.76	15.32	4.89	13.72	8.09	3654	1	1	1	1
125	1566	2747	3.09	14.09	2.29	14.82	8.15	3360	1	1	1	1
125	1567	1475	2.71	14.1	5.02	15.39	8.14	2010	.	.	.	.
125	1568	1793	2.4	19.35	4.35	11.82	10.93	2235	1	1	1	0
125	1569	1842	3.31	14.6	5.1	18.08	9.17	2960	1	1	1	1
125	1570	2566	2.3	14.93	4.91	17.34	9.04	4025	1	1	1	1
125	1571	1910	2.77	12.36	3.46	16.96	8.38	3719	.	.	.	.
125	1572	1784	3.25	14.13	4.2	13.9	8.74	2429	0	0	0	0
125	1573	2074	3.91	13.65	3.91	13.93	7.28	2584	1	1	1	1
125	1574	1432	4.26	16.27	4.4	16.62	7.26	2419	1	1	1	1
125	1575	2493	2.65	14.88	2.97	14.92	9.67	3595	.	.	.	.
125	1576	3652	2.63	18.59	4.27	16.92	10.1	4724	1	1	1	1
125	1577	1907	3.57	12.69	2.62	14.37	6.4	2770	1	1	1	1
126	1578	1700	1.12	12.29	2.65	13.35	11.47	3229	1	1	1	1
126	1579	2290	2.66	15.59	3.71	11.88	8.95	3259	1	1	1	1
126	1580	1744	3.04	12.04	4.64	11.81	8.94	2420	1	1	1	1
126	1581	2268	2.34	14.15	4.14	14.9	8.29	5522	.	.	.	.
126	1582	1729	2.6	14.69	2.89	11.28	8.5	5072	0	1	0	0
126	1583	1715	2.68	13.41	3.21	11.14	6.47	4040	.	.	.	.
126	1584	1170	2.56	12.82	5.47	11.79	6.32	2835	.	.	.	.
126	1585	1962	1.83	13.61	4.79	11.37	8.46	4407	1	1	1	1
126	1586	1564	2.62	13.87	5.24	10.1	9.72	2562	1	1	1	1
126	1587	2311	2.08	14.37	3.03	11.68	7.66	4759	1	1	1	1
126	1588	1923	1.61	14.87	3.12	13.88	6.97	3300	1	1	1	1
126	1589	1049	2	12.01	3.62	10.58	8.29	1704	.	.	.	.
126	1590	1762	2.27	14.13	4.2	13.05	7.43	3351	1	1	1	1
126	1591	709	1.13	10.01	3.67	9.87	8.89	1231	1	1	1	1
126	1592	1307	2.75	15.23	1.99	11.32	8.42	2871	0	0	0	0
126	1593	2142	2.66	13.87	2.99	10.32	7.24	3192	1	1	1	1
126	1594	1239	2.02	12.03	4.36	12.99	8.96	1625	1	1	1	1
126	1595	1801	2.67	14.77	3.39	13.1	8.16	3078	1	1	1	1
126	1596	767	1.43	10.69	4.04	11.08	8.47	1006	.	.	.	.
126	1597	2593	3.78	16.66	2.16	10.72	11.42	3915	.	.	.	.
126	1598	1755	3.59	14.13	4.05	12.36	9.69	2881	.	.	.	.
126	1599	1244	2.33	14.95	4.9	11.9	8.2	2938	1	1	1	1
126	1600	1086	3.87	10.77	7	11.05	7.27	1442	.	.	.	.
126	1601	1628	2.33	15.29	4.73	11.24	7.99	5125	.	.	.	.
126	1602	1120	4.38	12.59	3.21	13.3	8.04	2305	1	1	1	1
126	1603	1239	2.58	15.09	3.79	12.35	7.59	2835	.	.	.	.
126	1604	1959	2.4	11.54	5	11.84	6.94	3036	1	1	1	1
126	1605	2086	3.5	13.42	2.78	15.05	9.11	4548	1	1	1	1
126	1606	1245	2.65	10.84	4.34	13.33	8.76	1995	0	0	0	0
127	1607	1393	2.73	15.08	3.8	15.94	7.68	3167	1	1	1	1
127	1608	1975	2.38	15.04	2.89	11.44	7.49	5286	.	.	.	.
127	1609	2158	3.34	14.6	3.48	14.83	8.71	3391	0	0	1	0
127	1610	2729	2.82	16.12	2.75	13.05	8.46	7085	1	1	1	1
127	1611	4565	3.09	14.39	2.91	13.93	9.2	5368	1	1	1	1
127	1612	3152	2.73	12.69	4.47	12.18	6.38	8248	1	0	1	1
127	1613	2320	2.24	13.84	3.92	13.36	10.56	4765	.	.	.	.
127	1614	3642	2.36	16.14	3.16	11.97	9.23	5241	1	1	1	1
127	1615	3070	2.93	13.42	2.83	12.83	8.08	5696	.	.	.	.
127	1616	1647	2.06	13.72	2.31	11.66	8.86	3699	.	.	.	.
127	1617	2086	2.06	16.01	3.6	12.32	6.47	8524	1	1	1	1
127	1618	2410	1.99	14.19	2.78	12.32	10.04	3719	.	.	.	.
128	1619	2439	3.61	17.3	3.69	9.43	8.98	2926	1	1	1	1
128	1620	2192	3.74	15.51	3.6	12.27	8.35	2820	.	.	.	.
128	1621	1934	2.84	13.86	2.59	12.67	9	2762	.	.	.	.
128	1622	1417	2.96	14.04	4.52	12.77	7.83	2442	1	1	1	0
128	1623	3441	2.73	16.13	4.39	12.61	8.46	8893	1	1	1	1
128	1624	2224	3.91	17	3.64	13.62	8.32	3354	.	.	.	.
128	1625	3003	3.33	14.79	3.6	10.89	8.46	3888	1	0	1	1
128	1626	2291	3.32	16.02	2.92	10.61	9.38	3436	.	.	.	.
128	1627	2554	2.86	16.95	3.52	9.79	8.65	5363	.	.	.	.
128	1628	5921	2.63	18.19	2.9	9.78	10.27	9439	.	.	.	.
128	1629	533	1.5	15.2	3.38	12.57	9.76	1498	.	.	.	.
128	1630	3197	4.13	16.8	4.29	14.86	7.32	6371	.	.	.	.
128	1631	2372	2.82	14.04	3.67	11.05	6.87	4725	1	1	1	1
130	1635	2093	3.68	14.33	3.3	12.66	8.17	3363	0	0	0	0
130	1636	4457	2.56	15.66	2.31	11.67	8.3	6467	0	0	0	0
130	1637	1053	2.09	14.72	2.56	16.05	7.98	1625	1	1	1	1
130	1638	2643	3.44	14.53	3.67	9.38	8.59	4761	.	.	.	.
130	1639	3186	2.82	15.44	3.77	10.42	9.57	4828	.	.	.	.
131	1640	4752	1.6	16.06	3.7	10.88	9.62	9311	.	.	.	.
131	1641	5445	3.21	16.25	2.48	11.52	8.96	6532	1	1	1	1
131	1642	6956	3.08	16.73	3.03	12.62	8.94	9902	1	1	1	1
131	1643	4737	1.41	16.36	2.41	10.56	8.97	7564	.	.	.	.
131	1644	6826	2.48	15.68	3.34	10.9	9.1	11031	.	.	.	.
131	1645	6018	2.03	17.23	3.52	11.67	9.5	8887	1	1	1	1
132	1646	4318	2.73	14.94	3.45	12.2	8.31	7084	.	.	.	.
132	1647	7104	3.39	13.23	3.07	11.43	9.36	12468	.	.	.	.
132	1648	3571	3.56	15.91	3.64	12.07	9.83	6388	.	.	.	.
132	1649	1650	2.12	16.55	3.21	10.97	11.39	2373	.	.	.	.
132	1650	1922	2.39	12.49	3.95	10.98	7.34	2669	.	.	.	.
132	1651	1521	2.76	12.95	4.54	13.21	6.77	2496	.	.	.	.
132	1652	1644	2.92	13.63	5.84	12.29	5.9	2330	.	.	.	.
132	1653	2360	2.2	17.5	3.39	11.31	9.49	4936	.	.	.	.
132	1654	2263	2.78	14.54	4.02	11.62	9.41	5409	1	1	1	1
132	1655	2355	2.76	14.82	2.85	10.4	8.41	5810	.	.	.	.
132	1656	1480	1.28	13.72	2.36	14.05	6.35	2783	1	1	1	1
132	1657	1411	3.05	12.26	5.03	15.24	6.95	2613	1	1	1	1
132	1658	2907	2.79	13.42	3.3	13.18	8.12	5499	.	.	.	.
132	1659	4910	2.55	17.13	3.93	11.36	11.38	7763	.	.	.	.
132	1660	6066	3.45	14.03	3.21	12.35	7.73	10583	.	.	.	.
133	1661	2171	4.1	14.51	2.07	13.86	10.73	3240	.	.	.	.
133	1662	2951	3.12	14.3	2.1	12.3	9.66	4184	.	.	.	.
133	1663	2514	3.26	17.66	3.54	11.42	10.38	6107	.	.	.	.
133	1664	2227	3.1	12.21	2.25	15.13	9.12	4382	.	.	.	.
133	1665	3456	2.05	11.2	2.92	12.79	9.52	6706	.	.	.	.
133	1666	3861	1.86	12.59	2.59	12.77	8.44	7923	.	.	.	.
133	1667	5037	1.97	14.99	1.99	14.65	10.46	7534	1	1	1	1
133	1668	2005	2.04	14.31	3.34	9.83	8.88	3112	1	1	1	1
133	1669	1369	3.07	18.26	3.8	10.45	12.2	2143	1	1	1	1
134	1670	3674	2.31	13.88	2.86	12.11	8.74	6852	1	1	1	1
134	1671	2266	1.68	15.84	2.69	11.17	11.12	4160	1	1	1	1
134	1672	3381	2.34	15.53	2.69	15.44	8.4	6626	1	1	1	1
134	1673	3240	2.78	13.21	2.44	13.09	8.92	5874	1	1	1	1
134	1674	2881	2.67	14.44	3.68	14.09	7.91	7773	.	.	.	.
135	1675	1078	2.23	12.62	4.08	15.12	7.51	3788	.	.	.	.
135	1676	2574	2.29	14.57	3.96	17.87	9.01	8449	.	.	.	.
135	1677	2137	1.78	13.38	3.14	13.2	7.49	6260	.	.	.	.
135	1678	859	2.44	11.76	6.52	15.95	8.03	1593	.	.	.	.
135	1679	2487	2.21	15.64	4.26	17.13	7.68	5389	1	1	1	1
135	1680	1971	2.44	14.81	4.36	15.53	8.88	3340	1	1	1	1
135	1681	1845	2.71	15.01	3.04	12.47	9.92	3056	.	.	.	.
135	1682	3548	2.34	14.43	3.41	13.16	8.65	6814	1	1	1	1
139	1691	2647	2.53	11.75	4.42	11.14	9.48	5766	1	1	1	0
139	1692	1695	2.36	9.91	3.6	10.27	9.5	4464	.	.	.	.
139	1693	1186	2.19	10.03	6.07	10.37	9.44	2968	.	.	.	.
139	1694	1355	2.14	14.32	4.8	10.26	10.92	3234	1	1	1	1
139	1695	2418	3.02	13.52	4.22	10.79	10.17	5260	1	1	1	1
139	1696	2761	2.79	14.42	3.51	10.87	12.21	5349	1	1	1	1
139	1697	2559	2.31	13.56	3.56	10.2	10.79	4090	.	.	.	.
139	1698	1511	3.04	12.18	3.64	11.05	9.79	4638	.	.	.	.
140	1699	3702	2.08	22.47	2.57	11.18	11.29	4801	.	.	.	.
140	1700	937	1.17	15.47	4.91	12.81	7.9	1767	.	.	.	.
140	1701	1440	3.33	14.93	3.06	13.19	10.42	2602	.	.	.	.
140	1702	4053	2.91	18.13	2.86	12.46	9.67	7429	.	.	.	.
140	1703	3743	2.91	15.55	2.22	12.96	7.96	6360	.	.	.	.
140	1704	2052	1.66	14.52	3.31	11.5	10.19	5724	1	1	1	1
140	1705	2285	2.49	17.42	2.71	10.94	10.59	3077	.	.	.	.
140	1706	1882	3.45	15.25	2.82	12.06	10.31	2899	.	.	.	.
140	1707	1433	1.95	16.26	3.35	11.79	9.91	2163	1	1	1	1
140	1708	2130	1.17	15.4	4.08	10.05	9.86	4742	.	.	.	.
140	1709	5126	1.97	16.52	2.98	11.39	11.76	7328	.	.	.	.
140	1710	6751	2.07	14.18	2.27	10.03	11.26	12515	.	.	.	.
140	1711	2907	2.89	14.65	3.27	11.25	12.35	3447	0	0	0	0
141	1712	2784	1.83	13.22	3.05	9.81	9.73	3834	.	.	.	.
141	1713	2055	1.85	15.52	2.19	10.75	8.52	2898	.	.	.	.
141	1714	1086	1.66	14.18	3.22	9.12	9.58	2140	1	1	0	1
141	1715	2895	2.66	16.61	2.8	11.02	10.02	5497	.	.	.	.
141	1716	5051	2.34	14.04	2.51	9.88	9.98	8826	.	.	.	.
141	1717	2835	2.68	16.19	2.79	9.42	9.1	4071	.	.	.	.
141	1718	2531	1.82	17.07	1.7	11.42	10.27	5321	0	0	0	1
141	1719	3658	2.6	14.63	1.67	10.8	9.51	4772	.	.	.	.
141	1720	1431	1.33	13.98	3.21	14.54	9.22	5492	0	1	0	1
141	1721	2239	2.5	13.18	3.22	11.17	9.83	4246	.	.	.	.
141	1722	3362	2.56	12.88	2.35	9.55	9.13	6704	1	1	1	1
141	1723	1374	2.04	13.68	2.91	11.57	9.83	2745	.	.	.	.
141	1724	2475	1.62	14.06	1.98	10.34	9.09	5402	.	.	.	.
141	1725	2895	2.18	15.27	2.52	9.64	9.15	4681	.	.	.	.
141	1726	2318	1.38	16.05	2.03	10.27	9.49	4250	.	.	.	.
141	1727	1218	2.13	15.85	3.28	9.28	10.92	2184	.	.	.	.
141	1728	2322	1.38	14.13	3.32	9.47	10.38	5581	.	.	.	.
141	1729	5178	2.18	15.91	2.61	10.53	9.77	7653	.	.	.	.
141	1730	3066	2.25	14.09	2.05	9.17	9.39	9346	1	1	1	1
142	1731	2269	3.04	11.77	3.48	12.43	7.32	2914	.	.	.	.
142	1732	3245	1.76	13.13	3.36	11.37	7.49	6075	.	.	.	.
142	1733	2207	2.9	12.87	3.22	11.24	8.74	4389	.	.	.	.
142	1734	2955	1.76	15.13	1.83	9.24	7.99	4108	.	.	.	.
142	1735	1872	1.87	18.54	3.53	11.22	11	2159	1	1	1	1
142	1736	1876	1.92	18.18	3.57	11.3	11.03	2157	.	.	.	.
142	1737	3051	2.1	14.19	3.05	10.88	9.41	4732	.	.	.	.
