2.05	14.65	3.01	11.25	2293	9.81	2	2
2.44	14.46	4.75	12.36	1473	10.52	2	3
2.22	15.05	2.9	11.03	1894	10.3	2	4
2.17	13.83	2.77	13.04	1012	9.78	2	5
1.7	13.88	3.18	10.64	1354	7.75	2	6
2.69	15.62	2	10.54	1300	9.46	2	7
2.85	15.81	3.69	12.36	2492	13.96	3	8
2.52	10.81	2.7	15.23	1628	9.83	3	9
2.39	14.88	4.03	13.99	1465	9.15	3	10
2.23	13.68	2.88	12.37	1528	11.45	3	11
2.54	13.82	2.72	14.08	2721	11.54	3	12
2.46	13.59	1.77	12.68	2436	10.47	3	13
2.05	12.7	2.87	11.34	1464	13.39	3	14
2.96	13.29	3.86	12.63	3009	11.33	3	15
2.19	12.55	5.09	13.61	1139	9.13	4	16
1.86	14.04	2.69	13.36	2044	10.96	4	17
4.13	12.24	2.77	13.29	1986	12.94	4	18
3.11	16.19	3.2	11.44	2378	13.5	4	19
2.24	13.62	2.9	12.09	2415	15.11	4	20
1.93	15.19	3.92	9.34	1810	14.31	4	21
3.74	17.49	3.74	12.77	1229	12.04	4	22
3.58	14.55	3.36	12.65	1368	12.21	4	23
3.2	15.87	3.79	13.5	1689	11.25	4	24
3.25	16.55	3.53	12.2	3173	16.89	4	25
3.36	12.97	1.84	10.33	1249	7.77	5	26
2.45	11.62	3.09	12.43	1713	10.1	5	27
2.79	8.13	3.03	13.32	1254	11.96	5	28
3.03	11.68	4.69	11.82	1387	9.73	5	29
2.96	10.99	2.12	11.21	2265	12.27	5	30
3.77	10.63	3.77	13.79	1646	10.27	5	31
4.67	11.16	1.75	12.91	1371	10.07	5	32
1.8	13.1	2.29	12.07	2054	7.98	5	33
2.63	10.22	2.67	12.72	2358	10.6	5	34
2.48	11.21	3.08	12.03	2177	9.23	5	35
2.91	13.54	2.73	15.22	1721	12.38	5	36
1.25	12.5	3.59	11.56	640	7.5	6	37
1.6	9.77	2.19	13.41	686	11.95	6	38
2.48	12.1	3.35	13.39	926	8.21	6	39
3.04	14.16	3.96	12.18	657	12.33	6	40
3.25	14.94	1.95	15.58	462	10.61	6	41
1.41	10.83	2.83	14.44	637	11.15	6	42
1.95	13.32	2.13	13.85	563	10.3	6	43
1.78	11.09	2.72	14.44	956	11.4	6	44
2.04	12.02	4.54	13.38	441	10.2	6	45
2.7	12.46	3.32	10.38	963	9.35	6	46
1.74	13.9	3.95	15.17	633	10.11	6	47
2.83	11.3	3.48	11.09	460	10.22	6	48
3.51	13.2	2.45	13.37	1795	10.7	7	49
2.33	12.58	3.68	13.18	2663	11.12	7	50
2.76	12.18	1.95	13.6	2464	10.35	7	51
2.26	12.39	2	14.1	3447	11.05	7	52
2.45	14.79	3.42	13.92	1961	11.68	7	53
2.48	12.38	2.12	15.47	4395	9.15	7	54
1.86	10.7	3.01	12.13	2094	10.46	7	55
2.7	12.15	3.46	13.49	3810	10.16	7	56
3.56	12.89	3.48	14.33	3795	11.17	7	57
1.98	12.84	3.02	15.25	1620	12.84	7	58
1.86	11.16	1.65	13.68	2903	11.51	7	59
2.38	13.05	2.5	12.99	3403	9.64	7	60
2.93	11.82	2.48	15.32	888	11.94	7	61
2.34	15.72	3.7	14.24	1622	12.82	7	62
3.02	15.12	3.26	12.88	2453	9.05	8	63
2.63	12.09	2.63	13.15	2167	8.81	8	64
3.37	12.99	3.51	13.86	2078	9.62	8	65
3.14	14.83	3.05	13.96	1146	10.65	8	66
3.13	12.5	2.91	13.85	1856	9.64	8	67
2.93	16.46	2.45	12.03	1671	9.87	8	68
2.25	12.3	1.66	13.83	2886	9.67	8	69
1.86	11.6	3.17	11.6	914	9.85	8	70
2.72	14.85	4.7	10.52	1616	11.39	11	75
2.16	17.53	2.44	9.65	1067	11.81	11	76
2.72	13.23	2.57	10.36	1361	10.21	11	77
2.94	15.11	4.62	10.7	953	14.48	11	78
1.57	14.89	3.27	11.5	826	11.74	11	79
2.16	16.17	3.24	12.97	2128	9.3	25	108
2.24	16.7	2.96	11.77	2905	10.64	25	109
2.85	17.05	1.98	10.49	2880	8.96	25	110
1.36	15.17	2.56	12.52	4106	10.86	25	111
2.65	12.46	5.41	12.13	1773	6.66	25	112
2.01	13.39	2.16	13.54	2688	11.57	26	113
2.22	13.37	2.82	10.82	3836	9.62	26	114
2.02	13.76	2.51	13.31	2630	11.29	26	115
2.36	14.6	2.77	12.34	2925	11.79	26	116
1.7	13.55	1.99	12.57	3469	11.56	26	117
2.5	12.33	2.35	13.58	4728	11.27	26	118
2.06	13.75	2.93	11.26	2967	11.26	26	119
1.86	12.81	2.03	13.95	4129	11.58	26	120
2.66	12.19	2.79	14.02	2297	13.02	27	121
5.28	14.56	4.51	14.05	776	14.82	27	122
3.05	15.95	3.23	12.94	2226	11.05	27	123
2.74	14.64	3.23	14.75	1858	12.92	27	124
2.1	12.16	4.2	14.02	2525	10.02	27	125
3.38	16.67	3.49	14.65	1836	10.02	27	126
2.16	13.57	3.08	16.74	1201	10.91	27	127
2.77	10.92	2.77	12.82	1154	10.49	28	128
3.07	15.06	4.36	15.06	2018	12.69	28	129
1.93	13.11	3.17	15.3	2647	10.09	28	130
2.58	14.66	3.19	13.09	3759	12.9	28	131
2.48	11.04	4.53	11.91	1612	11.85	28	132
2.47	13.44	3.35	12.95	2834	12.7	28	133
2.32	12.49	2.95	14.23	2369	11.02	28	134
2.63	13.63	2.32	14.64	4188	12.32	28	135
2.81	16.54	2.72	13.65	2279	12.42	28	136
1.41	14.7	2.52	14.6	2980	11.41	28	137
3.11	16.47	3.6	13.61	2859	11.61	28	138
2.92	14.22	3.06	15	4247	10.62	30	143
2.83	14.45	4.1	11.62	2366	11.12	30	144
3.89	17.85	3.8	11.71	3210	11	30	145
3.54	15.19	3.91	14.78	2659	10.53	30	146
2.78	14.4	3.53	13.13	2916	10.56	30	147
3.1	15.34	2.28	12.89	3553	11.23	30	148
1.04	14.26	3.76	13.16	1543	11.6	31	149
4.16	13.76	4.86	12.49	865	7.86	31	150
3.06	14.24	4.15	11.51	1833	9.27	31	151
3.54	12.2	5.25	11.15	762	7.35	31	152
2.5	13.71	3.37	12.19	919	6.96	31	153
2.77	13.9	4.24	11.13	1770	9.49	31	154
2.11	12.69	3.42	13.75	1986	9.87	31	155
3.39	15.91	4.77	12.93	1446	8.3	31	156
3.24	15.66	4.04	12.06	1360	7.72	31	157
3.05	14.07	2.33	11.72	4847	11.68	32	158
3.06	16.75	2.91	11.79	4019	12.09	32	159
2.44	14.44	2.65	13.22	1884	10.88	32	160
1.66	13.95	1.87	11.62	5232	10.11	32	161
3.07	18.03	2.64	10.5	3295	12.38	32	162
2.12	15.64	2.85	14.81	1087	11.5	32	163
3.02	14.22	2.03	12.42	3051	10.72	32	164
1.42	15.52	3.07	10.72	2668	11.69	32	165
2.62	14.5	3.44	10.84	1338	12.71	33	166
3.67	12.82	5.2	11.92	1443	10.46	33	167
3.09	15.94	3.48	11.3	1035	14.78	33	168
4.12	13.92	4.38	9.63	1142	12.43	33	169
1.54	16.51	4.41	12.67	521	13.63	33	170
3.12	15.32	3.53	10.94	2467	14.55	33	171
3.21	15.9	3.28	11.58	1434	12.06	33	172
3.32	14.01	3.02	12.03	2320	11.08	33	173
2.26	10.16	3.69	10.76	1329	9.41	33	174
2.23	12.18	2.28	12.57	2020	9.65	33	175
1.9	16.17	2.73	9.93	1793	10.88	34	176
2.04	12.54	2.85	10.49	2106	8.55	34	177
2.26	14.72	3.05	11.29	3145	11.45	34	178
1.85	13.55	1.85	13.35	487	5.34	34	179
4.38	13.25	3.43	8.64	845	6.15	34	180
3.64	14.93	3.02	12.57	3348	10.51	34	181
2.41	13.47	3.42	10.75	995	7.44	34	182
2.46	14.76	2.69	13.71	1707	11.66	35	183
1.86	14.42	3.28	14.33	2101	12.85	35	184
2.77	13.57	3.44	14.45	1481	10.67	35	185
1.7	13.85	3.25	14.28	1415	7.42	35	186
1.44	14.66	2.92	12.92	2298	9.88	35	187
1.64	12.06	1.6	13.75	2189	10.23	35	188
2.12	12.52	2.89	15.27	2213	11.52	36	189
3.81	11.53	2.74	16	1206	10.45	36	190
2.95	13.88	2.31	17.24	1729	10.58	36	191
2.84	13.18	3.62	13.39	2322	12.14	36	192
1.77	13.3	1.62	15.41	2038	9.91	36	193
1.51	11.55	2.82	15.74	1455	12.44	36	194
2	15.07	2.33	13.28	2402	11.74	36	195
2.47	12.37	2.56	14.93	1132	13.78	36	196
3.51	11.33	3.01	16.19	1995	12.03	36	197
1.67	10.37	2.69	16.33	2749	9.09	36	198
2.33	15.57	3.04	15.97	1972	12.58	36	199
2.8	13.07	3.91	13.83	1967	12.96	36	200
2.25	12.42	2.67	16.08	2400	10.5	36	201
1.97	14.77	3.57	14.34	1374	10.33	37	202
1.82	12.69	2.13	14.98	1923	10.5	37	203
3.47	12.48	2.81	15.2	1066	9.01	37	204
2.2	11.73	3.1	14.99	1321	9.24	37	205
3.74	9.27	5.2	15.93	615	7.97	37	206
2.83	13.66	3.73	12.35	1449	10.97	37	207
2.78	14.44	4.81	19.63	540	11.11	37	208
3.88	13.51	4.82	16.45	1495	9.23	37	209
2.94	13.94	3.84	15.41	1564	11.57	37	210
1.68	16.56	4.54	10.69	1431	11.95	38	211
1.71	14.19	3.65	15.1	1755	10.31	38	212
2.4	15.18	3.91	12.21	1917	10.95	38	213
2	14.69	4.08	14.09	1348	10.24	38	214
3.45	14.52	2.71	13.22	1770	12.37	38	215
2.18	14.71	2.99	13.42	1237	10.35	38	216
3.01	13.01	3.7	14	1729	11.16	38	217
2.88	15.87	3.56	10.29	1040	10.29	38	218
2.79	13.92	4.64	13.45	2112	11.41	38	219
2.41	10.94	2.84	15.5	1161	8.79	40	224
2.83	8.7	2.69	14.15	1449	10.77	40	225
1.44	11.16	2.2	15.76	2087	8.62	40	226
2.16	9.3	3.71	15.23	1484	13.61	40	227
2.9	14.92	2.71	15.58	1515	11.29	40	228
2.28	12.11	1.96	15.15	3723	9.8	40	229
2.68	10.33	1.28	12.9	1791	11.61	40	230
2.53	10.99	2.44	14.33	2093	10.94	40	231
2.5	12.33	2.55	15.83	1882	12.01	40	232
2.74	10.12	3.97	14.23	731	10.81	40	233
2.71	14.2	1.81	14.51	2654	10.7	41	234
1.61	15.65	1.8	15.28	1054	6.55	41	235
2.43	12.19	3.25	15.86	1690	7.46	41	236
1.51	14.15	2.58	13.81	2057	12.15	41	237
2.77	11.16	1.65	15.98	1514	9.05	41	238
3.19	13.4	1.91	15	940	10.74	41	239
2.2	13.31	2.2	13.67	1412	13.17	41	240
3.39	13.56	3.23	12.82	4743	9.59	41	241
2.24	13.06	1.49	13.31	1608	12.81	41	242
2.45	14.77	1.09	14.5	1835	10.03	41	243
1.71	12.2	1.41	16.23	992	11.59	41	244
2.11	10.04	3.49	13.53	946	11.63	43	249
4.44	10.66	3.06	14.18	1960	12.4	43	250
1.56	14.86	2.2	14.91	1864	9.66	43	251
2.4	10.67	2.79	15.16	2296	9.93	43	252
3.27	11.5	3.5	11.73	2140	10.75	43	253
3.81	12.29	4.05	13.76	814	9.95	43	254
3.38	12.35	4.69	12.63	1449	7.66	43	255
1.94	11.48	3.58	13.11	671	9.39	43	256
1.96	12.41	2.04	15.73	1176	7.14	44	257
2.13	12.28	2.38	16.92	798	11.53	44	258
2.91	13.77	2.83	13.93	2541	9.05	44	259
1.51	13.2	2.94	14.71	1258	9.54	44	260
1.81	12.35	3.68	13.57	1385	9.89	44	261
1.95	14.66	2.7	14.05	2149	10.28	44	262
3.27	12.97	2.16	15.23	2081	10	44	263
2.38	13.28	6.02	15.35	1596	8.52	44	264
3.12	12.61	3.87	13.02	1990	9.1	44	265
2.92	13.57	4.06	14.75	2291	11.26	44	266
2.77	15.17	3.33	15.43	2676	8.74	44	267
1.42	14.05	3.57	12.63	1765	9.24	44	268
2.33	16.63	2.58	14.09	2015	9.58	44	269
2.25	11.96	2.07	15.81	1689	8.58	44	270
3.83	12.64	3.83	19.54	261	11.88	45	272
3.55	15.6	4.43	13.83	564	10.82	45	273
2.88	10.82	4.57	11.54	416	11.54	45	274
3.77	10.04	6.69	12.13	239	12.97	45	275
3.05	11.61	1.83	11.41	491	8.96	45	276
4.21	12.45	2.11	11.69	522	11.3	45	277
3.28	10.75	4.78	12.84	335	9.55	45	278
2.48	11.63	2.58	15.82	929	13.13	46	279
2.6	12.26	3.35	11.43	2774	11.32	46	280
2.6	12.86	2.09	15.54	2349	12.13	46	281
2.94	13.14	2.64	12.61	2276	11.12	46	282
2.45	12.56	2.16	13.19	2691	12.6	46	283
3.08	14.28	1.95	16.11	1688	10.13	46	284
3.13	12.39	2.87	12.48	2300	10.13	46	285
2.92	12.48	3.05	11.73	2396	10.43	46	286
3.18	13.57	2.6	12.53	1540	11.36	46	287
1.69	13.41	1.25	14.46	2006	9.12	48	289
1.29	12.95	3.05	18.13	1313	9.82	48	290
1.77	12.06	1.96	13.95	1634	10.22	48	291
3.6	15.18	1.76	16.56	1304	10.81	48	292
1.6	16.61	4.47	12.78	313	11.5	48	293
1.91	13.15	1.65	15.76	1574	11.5	48	294
1.6	13.21	2.88	13.16	1877	9.54	48	295
2.08	15.44	2.74	13.47	913	10.51	48	296
2.23	12.84	3.35	14.51	1075	10.88	48	297
2.09	10.9	2.44	15.17	1147	8.72	48	298
1.91	15.9	2.53	13.79	1465	9.28	48	299
3.31	12.05	3.01	17.92	664	8.58	49	300
2.56	11.11	2.08	16.12	819	10.01	49	301
2.25	10.96	5.06	11.24	356	8.71	49	302
1.31	12.03	2.05	12.68	1222	13.91	49	303
2.07	11.7	2.07	11.88	581	9.47	49	304
3.32	12.12	2.63	13.98	1295	9.96	49	305
3.61	10.56	2.54	13.64	748	8.42	49	306
2.06	13.07	2.41	15.6	872	10.89	49	307
3.7	9.76	5.92	15.68	676	10.21	49	308
3.07	10.32	3.49	17.99	717	10.18	49	309
1.99	11.12	3.09	10.69	2366	10.02	50	310
3.43	10.89	3.79	14.32	817	12.48	50	311
1.79	11.24	1.91	13.4	836	12.08	50	312
3.78	12.08	2.67	12.82	1349	8.3	50	313
2.14	13.66	2.17	14.57	3178	11.45	50	314
3.48	14.01	3.48	12.54	1435	12.06	50	315
3.28	13.7	3.97	12.46	2014	11.22	51	316
2.42	11.36	5.2	11.58	1365	8.06	51	317
3.6	13.03	5.13	12.75	1443	7.48	51	318
3.65	11.76	3.65	16.16	1479	9.26	51	319
2.86	11.73	4.26	11.45	1432	9.92	51	320
2.71	9.92	4.27	12.63	1805	9.31	51	321
3.1	12.69	3.64	10.89	2609	10.16	51	322
3.14	13.41	3.41	11.15	2960	11.25	51	323
2.31	11.86	3.73	9.32	1341	10.14	51	324
3.35	10.73	4.44	12.53	2953	8.43	51	325
2.75	10	3.93	12.6	2111	7.11	51	326
2.01	12.16	4.6	12.26	1044	8.91	51	327
3.24	10.49	3.89	13.12	1669	8.99	51	328
3.37	9.67	3.3	14.62	1334	7.95	51	329
3.79	10.11	2.98	12.55	1108	11.1	51	330
3.04	12.84	3.5	14.53	4143	10.11	53	334
4.37	14.88	2.94	13.77	3064	11.68	53	335
3.81	14.12	2.47	12.46	2833	11.44	53	336
2.62	13.73	3.64	13.93	2061	10.33	53	337
1.96	15.4	2.99	11.19	2546	12.14	53	338
3.38	14.94	2.4	12.19	1747	11.45	53	339
3.37	12.23	3.99	12.41	3231	13.18	53	340
2.54	11.84	4.14	12.23	2559	9.57	53	341
1.89	13.74	3.27	11.47	3122	10.79	53	342
2.91	15.51	3.19	15.82	3887	10.01	53	343
3.34	12.81	3.91	12.56	2428	11.08	53	344
2.71	14.28	5.16	11.07	1842	12.81	54	345
2.1	14.82	2.38	11.67	1808	10.84	54	346
2.19	11.33	3.18	11.06	2921	10.3	54	347
2.3	11.71	3.1	10.95	2127	10.3	54	348
3.35	13.08	3.68	14.14	1521	12.1	54	349
2.13	16.34	2.31	9.24	563	9.24	54	350
0.81	13.85	5.01	9.55	1718	13.15	54	351
2.44	12.46	4.26	11.63	1926	11.47	54	352
3.75	15.78	2.5	9.22	640	9.06	54	353
4.27	10.54	3.32	13.86	1594	9.85	54	354
2.15	10.49	3.34	14.24	1678	10.01	54	355
1.49	12.71	6.64	13.63	873	10.19	54	356
2.66	9.76	2.59	11.69	1506	10.56	54	357
2.49	13.19	3.84	16.15	1486	12.31	54	358
2.68	12.52	3.75	12.67	2052	8.87	56	362
3.13	10.88	3.63	14.67	1820	8.85	56	363
3.18	11.03	3.58	14.8	2013	7.7	56	364
2.95	13.11	4.57	12.15	1358	12.08	56	365
3.56	14.24	2.98	12.08	1714	12.19	56	366
2.65	12.3	3.37	15.1	1927	10.59	56	367
1.41	14.22	4.69	15	640	8.28	56	368
1.94	10	3.82	12.15	1440	11.74	56	369
3.3	14.01	3.13	13.19	1820	12.2	56	370
2.63	16.4	4.99	10.79	3226	10.2	57	371
2.6	16.42	3.11	11.86	1577	10.08	57	372
3.58	16.15	5.07	11.96	1480	9.93	57	373
5.21	16.4	6.78	15.93	634	8.99	57	374
2.38	15.06	4.87	11.63	1806	9.14	57	375
2.72	14.72	3.43	12.7	992	7.56	57	376
2.69	12.53	6.32	14.29	854	6.79	57	377
2.16	15.3	4.38	11.8	1712	8.76	57	378
2.84	14.62	7.07	12.84	1231	10.8	57	379
2.22	16.98	6.58	11.56	1125	10.49	57	380
2.56	12.91	4.21	17.01	1875	9.28	58	381
2.44	14.38	3.84	13.48	2211	8.68	58	382
2.38	14.82	6.95	14.55	1093	9.88	58	383
2.52	15.14	7.81	13.82	832	10.58	58	384
3.03	14.89	5.07	14.98	1222	9.66	58	385
2.29	14.94	6.39	12.02	1439	9.17	58	386
1.32	15.9	5.35	13.01	1214	7.41	58	387
4.17	15.55	2.92	13.74	2875	11.48	58	388
1.44	13.23	4.09	16.52	1247	9.7	58	389
1.66	10.06	2.96	15.98	845	9.11	58	390
2.36	12.13	3.94	12.39	1905	8.56	59	391
2.6	13.89	4.72	12.72	1462	11.42	59	392
2.02	14.81	3.03	11.6	3362	10.02	59	393
2.16	15.05	3.72	11.94	1156	8.74	59	394
3.48	16.05	2.51	15.6	3302	10.24	59	395
2.93	13.36	3.4	12.48	2148	8.71	59	396
1.67	15.79	3.26	12.53	2514	7.8	59	397
3.59	14.14	3.11	14.65	3317	9.74	59	398
2.98	14.12	4.08	12.59	1374	11.5	59	399
2.27	18.16	2.21	12.29	3034	9.33	60	400
2.19	17.97	3.49	13.59	2237	8.81	60	401
2.48	17.48	1.94	11.95	4427	8.38	60	402
2.91	13.48	2.99	13.81	2441	9.14	60	403
1.92	15.74	2.98	14.08	1982	6.96	60	404
2.04	16.1	2.88	12.25	1665	10.87	60	405
3.05	15.32	3.42	13.6	2161	7.96	60	406
2.1	16.97	2.24	11.33	2233	9.05	60	407
2.49	14.36	3.18	12.23	2012	9.84	60	408
2.29	20.69	1.94	12.11	875	8.8	61	409
3.13	16.23	1.94	13.32	4288	9.91	61	410
3.08	15.06	2.82	12.13	3373	10.08	61	411
2.16	17.4	2.94	17.23	1155	7.88	61	412
3.06	18.87	2.52	13.16	1664	9.31	61	413
2.43	17.21	2.08	13.41	3416	9.78	61	414
2.54	15.8	3.59	12.33	1614	7.74	61	415
2.33	17.93	2.2	13.16	1634	9.79	61	416
1.6	17.8	3.2	12.67	3685	9.12	61	417
2.1	14.1	3.62	17.14	525	8.76	62	418
3.08	15.69	4.92	15.54	650	7.54	62	419
1.84	17.75	3.03	14.02	2175	9.1	62	420
2.99	13.73	3.51	12.44	1938	6.14	62	421
3.25	15.77	2.79	16.69	1756	7.63	62	422
2.14	14.63	3.42	13.38	2803	8.03	62	423
2.56	13.83	3.67	11.31	2422	11.93	63	424
2	14.18	3.33	11.98	1954	8.34	63	425
3.57	14.52	2.86	11.99	3112	11.34	63	426
3.07	13.58	4.75	9.81	3261	13.34	63	427
2.39	12.85	4.73	10.41	2218	11.9	63	428
2.63	12.08	4.3	15.28	2094	9.26	63	429
3.22	16.63	3.99	9.92	1804	13.03	63	430
3.54	14.92	3.74	13.76	2514	11.46	63	432
2.82	13.27	3.29	13.62	2585	11.95	63	433
2.73	12.42	4.6	16.71	1610	9.81	64	434
3.38	12.8	2.21	15.2	1539	8.97	64	435
3.39	12.39	3.72	15.95	1856	9.32	64	436
4.01	15.85	4.97	15.57	1047	11.27	64	437
2.57	14.79	5.03	13.27	1711	11.46	64	438
3.52	12.33	5.46	14.71	1135	8.81	64	439
2.67	19.16	1.8	12.1	2662	7.81	65	440
2.39	16.03	3.31	13.78	1422	8.09	65	441
3.21	12.82	4.56	12.7	811	6.54	65	442
2.89	17.1	3.49	12.76	2006	8.92	65	443
3.1	14.29	2.4	12.89	1001	7.99	65	444
1.75	16.29	3.62	13.51	1547	8.66	65	445
2.11	20.8	4.56	12.63	2327	11.13	65	446
2.81	15.29	3.59	14.2	641	10.45	65	447
1.75	20.91	3.79	11.77	1028	10.7	65	448
2.4	13.22	2.08	12.02	1830	7.38	65	449
4.57	13.97	4.31	14.91	1160	9.66	66	450
2.92	13.74	3.57	13.74	924	7.68	66	451
2.93	12.31	4.14	14.73	991	9.18	66	452
3.95	11.58	4.1	15.82	708	11.58	66	453
3.13	12.02	3.21	15.14	1215	11.11	66	454
4.42	10.06	3.48	17.48	1064	7.33	66	455
2.67	11.7	2.78	18.54	863	7.07	66	456
3.55	12.77	3.83	15.46	705	9.22	66	457
3.96	12.82	3.58	17.81	1061	7.82	66	458
1.64	14.8	1.64	11.21	669	9.27	66	459
1.38	13.48	3.91	13.32	1306	7.35	67	460
2.04	15.59	3.44	14.3	1860	9.19	67	461
2.41	12.99	3.46	12.94	2079	8.18	67	462
1.44	13.81	1.85	12.54	1731	9.24	67	463
2.55	13.74	1.61	13.42	2235	7.83	67	464
2.53	14.83	2.61	12.71	2495	8.54	67	465
1.93	12.99	2.2	13.44	2224	7.64	67	466
1.94	12.29	2.98	13.28	2214	8.22	67	467
1.7	13.34	1.82	12.17	2466	8.43	67	468
2.68	13.26	2.6	13.59	1192	9.98	67	469
2.72	14	3.26	11.76	3715	9.53	68	470
2.52	13.76	3.01	12.38	4716	9.9	68	471
2.65	12.81	2.57	12.47	3816	8.75	68	472
2.57	15.4	3.16	11.58	3928	10.06	68	473
2.07	14.04	3.56	11.33	1880	8.19	68	474
2.63	13.45	3.99	10.95	2357	7.89	68	475
2.77	12.47	2.98	13.91	5277	7.98	68	476
3.17	12.63	2.81	12.17	3278	8.57	68	477
2.77	11.54	2.61	12.73	4366	7.99	68	478
2.35	14.63	1.93	15.14	2378	9.34	69	479
2.72	15.55	4.12	12.67	1286	9.02	69	480
4.7	15.7	3.87	13.07	1936	11.52	69	481
3.27	13.81	2.78	12.18	2693	9.54	69	482
1.91	14.69	1.91	15.86	2566	8.34	69	483
3.07	13.47	2.3	15.55	1826	10.19	69	484
4.38	16	3.4	12.03	1737	9.33	69	485
3.62	16.14	2.65	12.37	2788	9.58	69	486
3.83	13.26	4.61	12.59	1930	12.69	70	487
3.06	13.42	4.02	11.72	2415	11.72	70	488
2.39	12.9	4.73	11.68	2303	11.25	70	489
3.62	12.28	3.31	11.83	2207	9.42	70	490
2.69	12.56	5.49	12.7	2078	10.83	70	491
2.4	12.16	4.99	12.44	2163	11.19	70	492
2.7	11.72	5.69	13.41	2073	10.85	70	493
2.36	15.7	3.43	10.91	3299	11.15	70	494
2.18	14.95	3.78	9.95	1880	13.78	70	495
2.75	13.79	3.59	9.8	1530	13.73	70	496
3.34	13.98	3.65	10.22	1889	12.28	70	497
3.88	11.3	3.49	10.97	1832	12.23	71	498
3.87	12.69	3.93	12.75	1474	9.91	71	499
3.9	14.52	2.83	14.14	1591	11.25	71	500
3.3	12.82	3.53	12.48	2605	11.13	71	501
3.08	13.41	4.77	11.53	1656	11.05	71	502
3.38	14.44	5.94	12.21	2424	11.01	71	503
3.1	11.39	3.05	14.45	1966	10.17	71	504
2.13	14.59	3.67	10.05	1035	13.62	71	505
2.79	15	3.56	10.54	1433	13.61	71	506
1.96	15.7	3.13	11.54	2045	9.78	72	507
2.65	14.42	3.23	12.83	2073	8.88	72	508
2.62	15.67	2.78	11.55	2520	11.19	72	509
1.18	16.15	3.38	11.49	1950	7.85	72	510
3.34	16.65	3.49	9.92	2006	10.37	72	511
3.41	17.27	3.41	13.48	1818	9.13	72	512
2.44	14.67	3.45	11.07	1970	9.64	72	513
2.64	15.02	3.11	11.84	1478	11.5	73	514
2.78	14.22	2.46	10.09	1259	8.66	73	515
2.22	18.33	3.49	12.07	2204	12.25	73	516
3.71	16.77	3.55	13.91	1294	11.51	73	517
3.61	12.85	3.4	12.85	942	9.98	73	518
4.43	18.29	3.54	9.93	2909	10.76	73	519
2.17	16.63	4.94	10.6	830	8.31	73	520
3.15	16.74	4.6	9.91	1523	11.56	73	521
1.67	13.74	3.03	13.81	2875	8.35	74	522
2.53	17.42	4.07	12.67	2801	9.1	74	523
2.19	16.05	3	12.42	2835	11.43	74	524
3.29	18.73	2.18	13.74	5690	10.97	74	525
1.43	16.29	3.15	16.32	2665	8.59	74	526
2.68	16.53	2.98	16.93	3025	8.69	74	527
1.91	15.45	2.26	15.8	1987	8.2	74	528
2.18	14.84	3.89	14.78	3113	6.75	74	529
2.2	13.18	3.79	12.48	2140	11.07	74	530
3	17.14	6.3	13.6	1698	9.72	74	531
4.13	13.62	4.09	14.46	2518	9.41	74	532
2.56	12.42	4.67	14.16	1328	10.02	75	533
2.9	11.24	3.42	12.43	1344	11.9	75	534
2.6	12.37	3.38	12.65	2190	11.1	75	535
2.9	14.48	3.54	9.69	2003	13.68	75	536
2.09	15.5	2.46	11.44	2439	11.89	75	537
3.15	15.06	3.38	9.5	2158	12.6	75	538
2.64	13.19	3.52	11.17	1137	8.8	75	539
2.39	10.17	4.87	9.32	1170	8.46	75	540
4.47	12.16	0.99	15.63	403	7.69	75	541
3.55	15.51	3.51	12.57	2450	12.9	75	542
3.43	15.67	4.51	12.98	932	8.91	76	543
2.12	13.51	2.39	12.64	1843	8.14	76	544
3.52	14.85	3.13	13.49	1535	9.06	76	545
4.41	17.27	3.26	12.09	521	8.45	76	546
3.21	12.39	6.85	12.54	686	7.87	76	547
2.17	14.94	5.25	15.51	877	9.01	76	548
3.31	13.5	4.64	13.92	1207	9.11	76	549
3.63	13.39	5.3	13.25	717	8.37	76	550
2.49	14.06	4.82	17.25	1287	8.94	76	551
1.55	16.69	2.82	13.24	1420	10.42	76	552
4.46	17.17	3.57	14.01	1456	11.54	76	553
4.03	14.45	3.04	14.14	1612	9.86	76	554
2.92	15.37	3.24	12.15	4626	9.4	77	555
2.64	14	2.64	12.73	1893	8.14	77	556
4.55	14.02	2.03	15.86	1034	7.64	77	557
2.86	16.76	2.89	10.72	3563	9.77	77	558
2.52	17.38	3.34	11.62	3056	11.26	77	559
2.97	16.68	3.3	14.21	3639	9.37	77	560
4.46	16.06	3.18	12.25	2890	9.17	77	561
2.5	15.84	3.82	12.6	3119	8.85	77	562
3.44	18.85	2.51	12.87	2705	11.05	77	563
3.26	15.65	3.94	11.34	3553	9.2	77	564
2.62	17	3.7	12.32	3247	7.24	77	565
3.95	12.58	4.02	12.88	1343	11.02	78	566
3.48	14.2	2.58	13.09	2444	9.98	78	567
2.35	13.66	4.13	14.08	1406	9.53	78	568
2.73	12.91	4.99	14.41	1464	11.54	78	569
2.83	14.08	3.79	11.86	3431	10.52	78	570
3.67	15.52	3.22	10.99	2667	11.74	78	571
3.51	13.2	2.64	10.67	2878	12.61	78	572
2.48	15.18	2.92	11.75	1370	8.83	79	573
1.92	14.52	4.38	10.96	1095	7.85	79	574
2.91	13.14	4.61	12.84	997	8.63	79	575
3.01	10.66	3.83	15.03	366	12.84	79	576
4.14	11.76	2.81	12.03	748	12.7	79	577
2.05	13.2	2.56	12.9	977	8.5	79	578
2.04	11.54	2.55	11.85	979	10.62	79	579
1.87	13.33	3.04	13.57	1710	7.72	79	580
2.67	13.01	2.75	12.44	2475	8	79	581
2.79	8.37	5.18	16.33	502	10.56	79	582
4.42	13.27	4.56	12.2	746	9.79	79	583
3.48	15.28	3.48	15.2	1178	11.71	80	584
2.54	17.67	2.45	16.23	1183	10.48	80	585
1.59	15.75	3.18	10.75	1321	8.86	80	586
1.59	14.94	2.48	15.26	1573	10.87	80	587
2.53	16.25	2.43	15.86	1028	9.24	80	588
2.74	14.37	1.75	11.68	2338	11.93	80	589
1.23	15.12	0.93	14.51	648	12.5	80	590
2.03	13.21	3.34	15.53	689	11.61	80	591
0.83	15.18	1.65	12.05	606	10.56	80	592
2.6	14.37	2.84	11.28	3235	9.4	81	593
2.53	16.42	4.45	15.2	1303	8.83	81	594
2.14	13.73	2.97	11.3	2054	7.16	81	595
3.19	16.58	2.37	13.8	971	14.21	81	596
4.57	13.07	2.74	18.37	1094	9.14	81	597
3.55	14.76	2.65	11.7	1436	8.29	81	598
1.78	13.36	1.22	13.25	898	11.25	81	599
3.88	12.86	2.35	15.21	1236	6.96	81	600
2.06	11.24	4.49	12.73	534	7.12	81	601
2.9	14.99	2.82	12.49	1241	7.41	81	602
1.9	12.68	2.22	13.31	631	6.02	81	603
1.91	14.4	3.22	10.03	1306	7.5	81	604
1.47	18.05	1.66	13.26	543	7.73	81	605
2.46	12.43	2.46	17.23	853	11.61	82	606
2.52	13.18	2.52	13.08	1866	9.06	82	607
2.65	12.52	1.52	15.56	1510	9.47	82	608
3.95	15.58	2.91	16.76	1444	8.24	82	610
3.92	17.65	2.55	14.31	510	8.82	82	611
1.83	13.19	2.2	18.68	273	8.06	82	612
3.49	15.62	3.21	13.53	717	9.9	82	613
3.37	13.47	2.24	13.72	802	6.61	82	614
1.99	15.07	2.37	19.68	803	6.35	82	615
4.58	12.62	2.6	12.45	1767	9.96	82	616
2.77	12.87	3.35	15.65	1911	11.67	82	617
3.07	12.27	1.93	13.07	880	9.66	82	618
3.27	13.04	2.44	12.44	2170	7.51	83	619
2.8	16.32	3.3	13.32	2966	8.02	83	620
2.08	15.82	1.94	13.79	2212	9.09	83	621
2.28	16.43	2.63	9.99	2282	9.82	83	622
2.76	12.36	3.9	12.93	1052	9.32	83	623
2.19	15.13	3.51	11.46	3509	8.69	83	624
2.55	14.26	2.42	13.55	2981	9.43	83	625
2.14	16.38	3.1	14.85	2289	8.08	83	626
2.81	15.63	3.72	15.01	2879	8.34	83	627
3.13	12.11	6.41	12.68	702	9.54	84	628
2.64	13.67	4.11	16.49	1631	8.83	84	629
1.78	12.91	4.62	14.69	844	9.48	84	630
2.06	15.59	3.35	14.69	776	8.51	84	631
1.95	15.05	4.91	14.66	1282	10.3	84	632
2.86	13.79	2.69	15.05	1189	8.49	84	633
3.88	13.7	3.88	12.66	774	9.56	84	634
1.3	12.85	2.93	11.87	615	9.92	84	635
3.18	13.99	4.44	14.57	1194	9.97	84	636
2.15	17.33	2.76	11.81	652	11.5	84	637
1.91	17.02	4.52	12.57	1416	11.58	84	638
1.72	17.77	2.85	17.45	2561	8.36	85	639
1.81	15.34	2.31	17.81	1819	8.3	85	640
1.92	14.92	2.96	15.74	1722	6.79	85	641
2.51	18.46	1.99	16.53	1555	8.17	85	642
1.74	16.8	2.55	14.95	2589	7.53	85	643
2.84	11.74	2.84	14.31	1090	8.07	85	644
2.24	16.14	1.43	15.02	2230	6.28	85	645
2.52	16.73	2.73	14	2822	6.98	85	646
2.51	14.23	1.89	13.57	2270	8.28	85	647
1.31	16.2	2.8	12.71	1605	8.85	85	648
3.06	16.91	3.01	15.67	2093	7.12	85	649
3.74	14.88	5.01	12.62	1418	10.08	86	650
2.97	18.22	4.74	12.73	1076	9.11	86	651
2.12	14.71	3.6	12.78	1557	10.66	86	652
1.85	17.1	3.01	10.59	1029	11.66	86	653
2.75	15.63	4.45	12.59	1056	9.09	86	654
4.14	17.3	3.68	11.87	1087	10.03	86	655
1.93	17.38	4.59	14.56	1243	9.09	86	656
2.99	19.34	2.88	12.17	1841	12.28	86	657
3.92	14.3	3.2	14.79	1657	9.11	86	658
2.6	19.23	2.83	12.67	1768	13.69	86	659
3.6	16.1	2.73	14.36	1609	10.13	86	660
3.03	16.81	4.77	12.64	1321	11.2	86	661
2.98	18.52	3.24	13.22	1944	10.34	86	662
2.8	17.61	3.15	11.54	4038	12.04	86	663
0.88	13.35	2.98	9.98	1243	11.67	87	664
1.57	15.01	4.42	12.89	1086	11.14	87	665
1.48	15.74	2.7	14.92	1220	10.33	87	666
2.46	16.78	2.86	10.37	1466	13.03	87	667
1.67	13.23	2.5	11.29	1081	10.55	87	668
1.64	15.84	2.88	11.45	1528	8.57	87	669
2.56	16.88	1.88	11.45	1327	11.23	87	670
1.63	14.4	4.08	15.76	736	9.24	87	671
3.15	15.18	2.27	8.98	2161	10.41	87	672
1.23	13.35	1.5	9.67	734	13.9	87	673
2.42	17.64	4.27	13.09	703	9.53	87	674
2.22	14.52	4.03	10.89	992	9.68	87	675
1.15	15.13	3.07	9.98	1302	8.06	87	676
1.86	12.86	2.83	12.86	1345	11	87	677
1.55	14.83	3.07	13.47	2509	12.24	87	678
5.06	15.06	3.85	12.49	1481	8.78	88	679
4.5	13.26	2.82	12.42	1312	9.3	88	680
2.8	15.31	3.98	18.06	1783	10.43	88	681
1.73	12.61	3.89	12.03	1388	9.44	88	682
4.1	12.74	3.55	16.04	2363	8.59	88	683
2.86	14.69	2.1	11.16	1048	11.45	88	684
5.12	14.19	2.71	15.08	1698	9.31	88	685
3.36	14.39	2.9	13.11	862	9.63	88	686
3.41	13.34	5.61	14.56	1319	9.17	88	687
4.71	16.24	3.64	16.04	1509	7.75	88	688
5.09	13.97	2.66	13.82	1317	8.43	88	689
3.63	11.88	3.35	13.35	1431	7.97	88	690
1.7	11.1	6.2	12.5	1000	8.2	88	691
2.59	12.77	6.25	15.23	2514	9.59	95	692
1.18	11.64	2.62	9.9	1606	7.6	97	693
1.63	14.22	3.59	14.18	3060	10.52	95	694
2.15	12.17	4.24	15.33	1676	9.25	95	695
2.82	16	2.47	15.4	3194	9.52	91	696
2.18	12.01	1.99	13.49	1557	7.26	97	697
2.06	13.68	2.06	10.8	1703	10.1	97	698
2.1	17.05	2.7	10.33	2188	12.11	91	699
1.14	14.93	1.92	8.17	2546	14.14	91	700
3.31	13.62	2.08	16.35	3413	9.76	91	701
3.15	14	3.05	13.29	2129	10.43	94	702
2.88	14.47	4.05	12.91	3407	9.89	96	703
2.49	10.62	3.09	14.32	1648	11.29	97	704
2.16	13.46	2.11	11.36	1805	11.14	91	705
3.21	14.74	1.79	15.22	3304	10.99	91	706
4.24	14.16	4.43	18.93	1511	10.13	95	707
2.43	15.66	1.39	9.65	1731	11.84	91	708
3.42	14.55	1.97	18.35	2839	10.36	91	709
2.09	11.82	2.37	17.39	2444	9.37	91	710
2.97	12.3	4.28	11.87	2594	9.25	89	711
2.9	10.89	3.97	12.45	1864	8.85	89	712
2.82	15.54	3.76	12.9	3937	10.21	89	713
2.42	11.85	4.03	12.97	1612	8.13	98	714
2.51	12.28	5.03	10.64	1034	7.83	90	715
2.23	15.24	4.03	14.09	1391	8.77	98	716
2.69	13.5	5.38	12.54	1970	12.34	96	717
1.55	14.43	3.44	12.67	3284	8.16	96	718
2.19	18.94	3.61	15.63	2968	9.06	90	719
2.72	14.62	6.84	13.84	1286	10.58	90	720
2.82	14.64	4.39	16	1913	7.84	90	721
2.61	15.06	4	12.82	3798	8.61	89	722
2.33	13.93	2.71	12.47	1845	8.29	89	723
2.88	14.97	4.43	13.77	3681	10.43	96	724
3.25	15.25	4.53	12.77	2184	10.21	96	725
3.48	13.32	1.82	17.13	2358	8.44	91	726
2.74	17.25	4.21	12.05	3536	10.29	96	727
2.87	16.03	2.82	14	2408	9.63	94	728
1.99	12.27	0.96	15.33	2616	9.33	91	729
2.09	13.55	2.96	12.58	2059	8.69	90	730
2.82	12.1	1.95	13.73	1843	9.88	90	731
2.49	12.71	3.47	12.61	2046	8.46	89	732
2.99	18.52	4.63	19.46	2138	9.59	90	733
2.04	15.77	3.8	15.14	1420	10.92	98	734
2.09	13.71	3.26	17.49	766	7.7	98	735
2.2	17.35	3.49	12.66	1406	9.17	90	736
4.55	19.39	3.66	12.86	1011	9.5	98	737
3.03	15.48	4.21	15.21	2972	9.12	90	738
3.37	15.69	4.33	12.61	1039	9.43	90	739
2.71	15.05	4.75	12.16	2106	10.07	94	740
2.62	13.63	3.46	16	2744	9.99	97	741
3.53	14.54	3.13	13.48	2745	10.13	93	742
2.35	12.73	3.87	11.38	3488	9.66	92	743
1.65	17.89	2.44	13.32	1884	10.62	91	744
3.14	16.42	3.09	13.16	4239	10.1	96	745
3.61	14.13	2.9	14.63	2795	9.62	93	746
3.11	15.05	4.3	16.37	1674	9.38	93	747
2.96	15.59	3	12.76	2836	10.65	94	748
2.63	15.4	2.74	18.35	1864	11.43	91	749
2.38	10.65	2	12.07	1052	9.13	97	750
1.68	9.61	2.61	11.75	1072	7.46	97	751
1.78	13.91	2.96	12.43	1352	10.21	98	752
4.35	17.36	5.27	17.03	1861	11.45	98	753
2.72	15.27	2.5	12.94	3562	10.53	89	754
2.28	14.71	4.53	13.1	2671	7.75	98	755
2.87	16.78	2	11.55	3308	10.91	90	756
3.16	15.16	4.55	14.44	2659	10	93	757
1.26	17.08	2.69	10.83	1265	11.62	91	758
1.85	13.25	2.86	12.39	3358	11.38	92	759
2.27	15.34	3.3	12.77	2334	9.85	90	760
3.32	13.14	3.07	13.68	1659	9.83	90	761
1.15	10.91	2.3	9.76	1568	10.14	97	762
1.23	11.13	1.15	10.82	1303	6.6	97	763
2.55	14.44	3.29	13.57	1489	10.75	94	764
1.83	14.23	3.29	12.33	4160	12.43	92	765
1.56	15.5	1.37	11.54	2045	9.73	91	766
1.74	14.36	1.52	11.24	1379	11.24	91	767
2.36	14.87	5.84	13.02	2159	9.63	89	768
2.03	13.56	5.42	13.39	1180	9.24	95	769
3.71	12.25	3.86	13.45	2670	10.26	95	770
3.02	13.76	4.09	18.19	1490	9.46	95	771
3.31	14.33	3.13	12.29	2205	9.98	96	772
2.87	11.95	5.4	15.86	870	5.98	95	773
2.93	13.25	3.54	13.65	1978	10.01	94	774
2.94	17.18	1.96	16.81	815	7.73	90	775
1.65	15.15	3.15	12.51	2917	8.09	90	776
2.16	13.66	2.39	14.42	3931	10.53	92	777
2.8	15.64	3.52	13.06	3613	11.15	93	778
1.78	11.76	3.11	11.58	3315	11.25	92	779
3.51	12.64	5.12	13.85	1993	9.38	93	780
2.82	16.94	3.79	14.41	1346	8.77	93	781
2.9	12.6	2.79	14.21	1794	10.2	90	782
3.72	15.26	2.57	15.78	2529	10.48	91	783
3.11	16.35	3.11	12.6	1254	8.45	90	784
2.57	15.27	4.35	11.32	2253	9.1	90	785
2.7	14.3	3.19	11.03	2448	9.93	90	786
1.37	11.6	1.65	12.86	1758	7.79	97	787
2.19	17.02	3.64	12.75	1921	14.52	91	788
2.21	14.93	2.08	17.45	1587	10.02	90	789
3.51	13.71	2.31	13.86	1255	10.68	90	790
2.83	16.68	2.78	13.81	2230	8.92	90	791
3.2	16.24	2.84	11.53	1656	8.82	90	792
3.23	15.42	3.18	12.95	2231	10.04	98	793
2.42	15.21	3.08	13.53	2564	11.93	96	794
2.4	14.6	3.21	11.96	3795	8.46	92	795
1.83	15.19	2.43	10.64	3495	11.7	92	796
3.13	15.35	2.98	11.08	2716	8.91	92	797
3.48	16.39	2.17	14.22	3819	10.19	91	798
2.77	13.24	3.92	14.72	2092	9.99	94	799
3.77	14.32	2.13	13.16	2067	8.66	94	800
2.5	15.54	2.54	16.12	2240	9.78	91	801
2.09	11.82	2.37	17.39	2444	9.37	91	802
3.49	11.9	2.16	13.23	2033	9.54	97	803
1.81	13.7	2.8	14.01	1606	10.9	98	804
2.4	15.06	3.57	12.86	1540	8.31	89	805
2.86	13.83	4.59	14.19	3354	10.94	96	806
3.21	13.81	2.74	14.05	840	9.76	90	807
3.65	15.79	3.65	16.22	931	8.59	90	808
2.31	17.47	2.76	13.45	1992	7.13	97	809
2.87	12.29	2.87	12.09	1009	8.23	97	810
2.53	16.83	4.41	15.71	3126	7.52	89	811
1.75	13.15	1.62	14.83	1544	10.23	90	812
2.55	12.92	2.73	13.19	1099	9.55	90	813
1.81	12.84	2.15	12.82	3488	9.78	92	814
2.78	16.13	5.25	16.56	1618	8.22	90	815
2	10.87	1.72	12.58	1049	7.82	97	816
1.85	11.11	2.29	13.14	1134	7.23	97	817
1.64	16.3	2.4	11.63	2871	12.82	91	818
2.21	14.91	2.71	10.75	2213	10.3	91	819
3.03	14.79	3.68	13.38	1846	10.78	91	820
3.7	10.62	4.62	17.09	433	10.39	91	821
2.44	13.16	7.66	12.2	1763	10.27	89	822
2.2	15.03	5.18	12.92	1138	9.4	98	823
3.36	10.64	4.37	12.79	2978	9.3	89	824
2.01	15.23	1.92	9.96	1195	12.22	91	825
2.21	12.47	1.81	10.66	994	10.66	91	826
3.18	14.09	3.15	11.85	3712	11.69	93	827
2.58	16.64	4.05	14.61	1629	9.82	90	828
2.92	15.59	5.39	14.92	2707	9.64	90	829
3.07	14.5	1.74	14	2414	12.18	91	830
4.28	16.25	3.18	18.16	3458	10.27	91	831
1.92	13.16	3.65	14	2136	12.55	92	832
3.52	14.87	2.37	13.66	1816	10.96	93	833
3.2	15.38	3.01	14.52	2094	10.36	93	834
2.27	13.5	3.24	13.15	1452	12.12	91	835
2.59	13.06	3.02	14.94	3975	9.31	92	836
2.29	16.5	3.96	13.72	1618	11.99	91	837
2.09	12.68	2.27	13.25	2777	9.76	92	838
2.27	13.65	3.9	11.86	3129	10.9	92	839
2.63	16.85	3.36	15.49	2053	11.25	93	840
2.74	12.23	4.01	17.24	1096	10.86	98	841
2.34	16.33	2.57	13.92	2651	11.39	94	842
2.86	14.16	2.59	12.43	1504	10.64	94	843
2.18	14.5	4.32	13.75	2386	8.84	98	844
4.36	15.81	2.47	18.7	2385	11.32	91	845
2.25	14.02	4.31	12.45	2040	11.52	94	846
2.82	13	5.27	14.19	2769	9.21	89	847
2.91	16	3.62	14.27	6349	10.08	89	848
1.71	13	2.9	11.48	2169	9.73	91	849
4.98	15.28	3.15	14.51	1427	8.76	93	850
1.54	14.46	2.53	11.87	1819	11.65	91	851
2.5	16.28	2.43	12.44	1278	9.78	94	852
2.61	13.43	3.06	14.85	1340	11.42	94	853
2.27	18.56	2.27	20.42	3217	7.3	91	854
2.18	14.51	3.89	15.53	2157	10.01	98	855
2.35	13.8	2.79	14.54	681	8.52	98	856
2.5	15.56	3.56	12.88	1600	11.56	94	857
3.33	14.79	2.67	12.55	1650	9.52	90	858
2.55	14.69	3.92	14.4	1021	9.11	90	859
1.99	12.98	2.64	11.16	2465	11.89	92	860
1.88	15.54	3.31	11.78	2445	10.72	92	861
3.03	14.31	2.15	14.2	2606	9.86	91	862
3.15	13.34	3.42	11.8	1492	10.25	89	863
3.36	15.4	3.3	14.45	1786	10.36	90	864
2.17	15.01	3.13	15.84	1566	9.26	91	865
2.8	14.57	3.78	14.25	2141	9.2	90	866
3.15	14.62	3.01	13.08	2790	10.04	93	867
2.49	13.05	2.07	13.58	1885	7.85	91	868
2.02	14.46	3.48	13.56	1438	9.53	94	869
2.83	14.41	1.89	13.2	1909	10.53	91	870
3.86	15.99	2.84	17.65	1864	9.55	91	871
1.67	13.24	2.87	12.16	2401	11.95	92	872
2.65	13.31	3.26	14.36	1811	6.79	93	873
4.22	14.39	3.01	10.92	3058	11.58	93	874
2.22	13.87	5.62	14.45	1709	10.01	89	875
2.14	14.12	3.58	15.07	2429	10.13	98	876
2.31	13.58	2.71	15.11	2032	8.02	91	877
2.45	15.26	2.06	13.76	1795	11.53	91	878
3.49	11.85	4	14.06	2177	9.32	98	879
2.14	14.59	3.44	14.68	1076	7.99	94	880
3.4	13.53	4.25	14.82	2469	9.64	93	881
2.94	12.65	3.72	13.27	3066	8.51	89	882
2.88	14.33	3.29	14.4	2673	10.85	92	883
1.64	13.61	2.32	10.14	1036	8.4	91	884
2.41	14.2	4.76	15.09	1577	9.13	98	885
3.03	16.73	3.46	12.26	4561	11.09	90	886
3.22	14.8	2.82	16.17	1243	8.53	98	887
3.03	16.6	5.37	13.87	1024	11.62	90	888
3.61	17.85	3.08	14.13	941	11.16	94	889
1.53	14.29	2.81	14.17	1637	11.12	91	890
3.93	17.03	3.35	12.95	1374	11.14	90	891
2.16	15.1	3.33	11.02	5683	10.86	92	892
2.38	15.59	4.58	14.63	1135	7.93	98	893
4.23	11.63	2.56	17.27	1135	7.4	98	894
3.2	12.55	6.15	15.09	1219	6.23	89	895
2.62	12.13	3.18	11.71	2638	10.27	89	896
3.98	12.34	2.36	14.71	4569	10.31	98	897
0.96	13.35	4.03	11.82	1041	11.05	91	898
2.69	14.77	4.61	14.35	1672	9.93	93	899
1.33	14.86	1.78	9.78	2025	11.11	91	900
3.21	14.74	2.79	13.83	1649	10.31	93	901
3.11	15.55	3.22	15.13	2861	9.02	90	902
2.95	13.96	4.42	20.03	1153	8.24	90	903
3.51	13.42	3.46	15.96	1736	10.08	91	904
2.78	16.41	2.98	14.94	1981	10.8	98	905
2.62	13.79	3.16	15.78	2059	8.79	90	906
2.69	12.44	2.8	13.22	1785	6.39	90	907
4.55	13.56	4.8	16	2331	8.19	89	908
2.8	14.64	3.23	12.39	2535	9.47	90	909
2.59	12.66	3.8	13.44	1659	8.5	94	910
1.85	12.38	3.26	12.68	1624	9.36	94	911
2.4	14.21	3.85	12.63	4418	8.58	89	912
1.41	13.11	3.5	13.11	1487	10.15	90	913
2.77	14.87	2.95	11.62	1627	11.8	92	914
3.15	15.77	3.15	9.02	1585	11.55	92	915
3.18	16.89	3.94	16.61	1445	7.61	90	916
1.78	14.65	2.88	11.1	1631	9.87	91	917
1.34	15.49	2.56	10.49	1640	10.91	91	918
2.87	12.47	5.54	12.01	1948	10.47	90	919
2.87	14.91	2.7	15.12	2367	7.65	90	920
1.79	15.15	1.07	10.53	2897	10.01	91	921
2.74	13.68	3.58	12.84	2625	9.6	92	922
3.19	15.64	4.23	14	2385	9.6	89	923
4.58	16.36	2.82	13.26	2836	8.64	94	924
2.7	12.96	2.74	12.53	2554	8.81	89	925
1.57	13.15	4.22	10.74	1658	7.12	94	926
2.44	13.25	3.3	12.97	1396	7.38	93	927
2.78	16.91	3.1	11.83	2773	9.56	89	928
3.17	15.32	5.29	13.85	2174	8.97	89	929
3.75	12.9	4.71	15.63	1465	7.65	93	930
1.79	11.96	3.22	12.46	1396	8.38	99	931
1.7	15.48	2.54	13.83	2241	8.84	99	932
1.93	17.18	2.94	11.08	1868	9.58	99	933
2.58	16.57	4.16	10.5	3029	10.07	99	934
2.1	14.17	4.99	9.89	1143	10.41	99	935
2.6	16.41	4.97	11.21	1347	8.24	99	936
3.49	13.21	5.49	12.47	1347	8.09	99	937
2.35	17.57	2.77	10.31	2891	10.69	99	938
2.57	16.98	3.9	12.68	2256	9.04	99	939
2.37	16.52	3.37	10.79	2911	9.52	99	940
1.81	16.94	3.57	9.63	1765	9.12	100	941
1.03	15.2	2.87	10.68	487	4.93	100	942
2.43	13.03	5.02	13.58	1274	9.18	100	943
2.72	16.75	2.74	10.45	4048	10.97	100	944
1.41	15.67	3.8	11.66	1844	11.61	100	945
1.42	11.45	4.6	15.87	1695	8.67	100	946
1.2	14.49	3.82	11.59	1415	8.9	100	947
3.21	14.54	4.63	13.31	1059	8.03	100	948
2.46	14.72	3.08	12.21	2276	8.83	100	949
1.93	13.1	3.66	12.61	2077	8.67	100	950
2.35	14.35	4.41	11.61	1791	8.54	100	951
1.35	13.61	6.66	10.23	1036	7.63	100	952
2	15.06	3.48	9.25	2098	10.77	100	953
1.85	16.93	3.16	12.18	2439	10.74	100	954
1.96	14.6	5.14	12.69	2198	9.74	100	955
1.87	15.75	3.61	11.6	2190	9.91	100	956
2.37	14.81	3.78	10.71	2194	10.12	100	957
1.54	13.55	4.46	11.32	583	10.98	100	958
2.81	15.65	3.49	10.29	2205	11.56	100	959
1.99	16.57	3.98	11.78	1358	9.5	100	960
1.96	15.28	2.87	12.54	2193	7.93	100	961
2.66	16.06	3.35	10.63	1881	10.85	100	962
2.53	12.94	5.06	11.53	711	7.74	100	963
2.6	11.76	4.58	13.37	808	9.53	100	964
2.02	13.67	4.6	12.04	1587	9.33	100	965
1.73	14.12	4.71	12.3	1041	11.72	100	966
2.13	13.91	3.74	13.39	1927	10.17	100	967
2.37	13.01	5.48	12.36	1222	8.27	100	968
1.39	13.01	3.24	12.19	1945	9.2	100	969
2.79	12.3	3.55	11.72	1041	8.84	100	970
1.81	12.69	4.46	11.72	1434	9.83	100	971
2.09	12.88	2.25	13.03	1289	10.01	100	972
2.72	12.87	3.31	13.12	2386	8.76	101	973
2.97	12.8	3.02	13.21	2187	8.28	101	974
1.92	12.65	4.91	14.42	1304	8.51	101	975
2.57	14	2.51	12.5	3344	9.3	101	976
2.03	13.97	3.04	12.76	2069	9.67	101	977
2.98	11.45	3.59	13.01	1476	10.64	101	978
2.53	13.05	4.39	9.74	1663	11	101	979
1.79	12.05	2.18	14.35	2572	9.56	101	980
2.25	12.51	2.85	15.44	2487	10.74	101	981
2.93	12.15	3.09	13.65	1876	11.03	101	982
1.83	13.81	2.57	13.32	1637	7.94	101	983
2.57	11.45	3.29	14.17	1948	7.85	101	984
3.34	13.58	1.98	13.19	1767	7.92	101	985
3.02	11.98	4.15	12.54	1954	9.31	101	986
2.56	11.94	3.93	12.32	1834	10.41	101	987
1.35	11.39	4.14	13.5	1185	9.11	101	988
2.37	12.26	3.68	15.21	1900	7.47	101	989
2.18	13.11	4.66	11.51	1373	9.61	101	990
2.41	12.12	2.93	14.05	2079	9.48	101	991
2.52	10.9	4.35	12.05	2183	10.49	101	992
2.87	11.85	2.71	11.06	1916	12.27	101	993
2.72	12.79	3	13.3	1399	10.15	101	994
3	12.15	3.34	13.31	2066	10.21	101	995
4.33	18.07	4.83	13.09	2009	10.05	102	996
2.21	13.47	3.93	13.35	1678	7.99	102	997
2.11	15.76	2.87	14.25	3173	10.05	102	998
3.46	13.27	3.33	15.37	1620	7.78	102	999
1.33	16.51	2.33	13.66	3301	8.57	102	1000
2.05	12.36	1.82	11.48	2970	11.72	103	1001
2.26	12.15	1.85	10.74	3407	10.24	103	1002
1.72	15.56	1.12	10.06	2327	13.11	103	1003
1.35	14.53	1.82	10.09	2141	8.87	103	1004
0.7	13.62	1.48	11.15	2431	11.39	103	1005
1.18	12.65	1.71	11.52	1692	8.81	103	1006
0.98	12.61	1.32	12.09	1737	14.34	103	1007
1.86	17.43	1.37	10.44	1830	12.46	103	1008
2.17	13.63	1.84	11.43	2494	11.55	103	1009
1.58	14.29	1.64	9.17	1582	12.9	103	1010
1.63	12.23	1.7	11.61	1292	11.3	103	1011
1.2	13.13	1.93	12.67	1500	11.27	103	1012
1.66	15.4	1.49	10.3	1747	16.37	103	1013
1.84	15.18	2.39	8.57	1634	10.1	103	1014
3.41	13.7	3.17	11.3	1292	9.67	104	1015
1.7	12.85	5.22	11.09	1533	9.2	104	1016
3.39	15.37	4.63	12.54	885	8.59	104	1017
2.72	14.24	2.33	12.37	3863	8.41	104	1018
1.76	16.59	3.21	10.96	1652	11.14	104	1019
2.54	14.02	3.58	15.48	2125	10.12	104	1020
2.43	13.11	2.86	14.62	3249	10.37	104	1021
2.74	13.98	1.91	14.33	3935	6.53	104	1022
2.28	12.94	2.88	13.89	3686	8.52	104	1023
2.35	15.88	3.82	12.44	1833	10.64	104	1024
2.82	15.24	3.02	13.7	2519	11.59	104	1025
2.36	14.13	2.36	13.37	1698	10.9	104	1026
2.64	13.13	3.99	14.42	1630	9.33	104	1027
2.54	16.19	3.4	13.34	4175	10.71	104	1028
3.21	17.62	3.5	17.12	1402	10.13	104	1029
2.28	13.89	4.22	12.92	3197	7.85	104	1030
2.24	15.49	4.3	13.57	2233	9.09	104	1031
1.37	12.79	2.53	13.87	1384	8.74	104	1032
2.91	15.2	3.87	13.6	2507	8.46	104	1033
2.46	12.78	2.52	13.51	1628	7.99	104	1034
2.14	12.85	2.84	12.32	1867	8.89	104	1035
2.68	13.38	3.18	14.97	2645	7.64	104	1036
2.05	13.68	3.72	12.89	2390	6.99	104	1037
3.63	15.68	5.4	14.53	2092	9.7	104	1038
2.87	13.93	3.85	14.42	1845	9.16	104	1039
2.89	13.58	3.42	12.29	2253	7.15	104	1040
2.63	15.03	2.38	13.62	2775	9.33	104	1041
2.65	15.11	3.35	14.35	3130	9.52	104	1042
2.29	17.43	4.05	14.14	2100	8.38	104	1043
2.37	11.25	2.18	14.14	2107	8.54	104	1044
2.2	13.18	4.51	12.39	1775	8.62	104	1045
2.95	15.73	2.98	12.97	3224	10.45	104	1046
2.66	13.17	3.27	13.02	1989	7.49	104	1047
3.66	10.87	2.92	16.43	3220	6.68	104	1048
2.76	11.35	2.88	14.36	1595	5.2	104	1049
2.03	14.39	3.5	12.33	3740	6.23	104	1050
1.46	14.73	2.64	9.36	2458	10.78	104	1051
2.78	15.69	2.99	12.23	2339	13.3	104	1052
2.08	12.73	3.29	12.38	1155	7.36	104	1053
2.75	15.06	2.87	12.06	3167	9.47	104	1054
2.47	14.26	3.93	15.82	2061	10.38	104	1055
2.41	17.68	3.67	12.07	4847	9.14	105	1056
3.6	18.24	3.49	14.8	3783	8.3	105	1057
3.27	17.21	4.62	13.26	2963	10.06	105	1058
2.25	16.28	5.04	12.52	1646	7.59	105	1059
3.24	16.01	3.17	11.67	2966	8.06	105	1060
2.48	17.28	2.64	11.12	1250	7.68	105	1061
3.92	16.47	4.21	12.72	2398	9.38	105	1062
2.96	16.55	3.01	13.93	2060	9.17	105	1063
2.2	15.07	4.49	12.26	2316	9.84	105	1064
2.11	15.63	4.79	13.12	1753	7.47	105	1065
2.38	16.7	3.27	11.66	3275	11.76	105	1066
3	19.94	4.57	11.77	2167	9.55	105	1067
3.95	19.33	3.74	10.81	962	8.42	105	1068
2.96	13.03	3.8	12.7	1788	6.82	105	1069
2.5	16.97	3.59	12.62	1839	10.01	105	1070
2.48	14.5	5.89	13.95	1290	8.29	105	1071
1.89	12.89	4.25	12.56	2165	7.71	105	1072
2.11	13.62	4.39	13.21	2460	7.6	105	1073
2.26	14.69	4.07	10.36	2702	9.22	105	1074
3.07	15.7	3.63	9.78	2312	8.87	105	1075
3.26	18.73	3.86	9.31	2696	11.5	105	1076
3.39	16.74	3.77	12.44	1326	9.28	105	1077
2.56	18.31	3.65	10.36	3397	9.77	105	1078
2.67	15.8	3.02	12.14	6259	9.07	105	1079
2.52	14.48	2.91	12.23	4358	8.49	105	1080
2.98	15.27	4.13	12.42	3123	9.8	105	1081
3.29	12.02	4.27	12.78	2129	8.22	105	1082
3.05	15.33	3.09	11.65	2231	9.68	105	1083
2.86	13.84	5.34	12.79	1329	8.28	105	1084
2.98	15.78	3.93	14.45	1578	10.27	105	1085
3.06	14.68	3.89	14.55	2289	9.17	105	1086
1.66	13.74	4.06	12.13	2416	9.69	105	1087
2.66	15.15	3.38	11.57	3492	9.02	105	1088
2.26	15.86	3.91	14.18	3095	9.18	105	1089
3.15	15.19	2.42	18.22	2442	11.43	106	1090
2.36	13.19	3.81	17.15	1312	10.44	106	1091
4.16	12.64	3.29	15.06	1155	9.7	106	1092
0.87	11.08	0.29	13.27	686	11.81	106	1093
4.04	14.08	2.23	17.75	2152	8.74	106	1094
4.19	12.99	3.98	16.44	1886	10.92	106	1095
2.79	15.08	2.51	14.25	358	10.89	106	1096
3.11	12.69	2.68	14.34	2538	10.4	106	1097
3.4	17.2	3.8	18.8	500	13	106	1098
2.66	15.94	2.93	12.64	3237	7.85	106	1099
2.97	13.3	4.49	14.36	2828	10.4	106	1100
3.02	13.95	4.56	15.48	2810	8.65	106	1101
4.85	13.56	4.01	14.13	1918	9.96	106	1102
2.81	16.61	1.85	12.67	5026	10.41	106	1103
1.75	14.1	1.91	12.15	2979	10.51	106	1104
2.78	13.13	2.86	17.26	1188	6.82	106	1105
2.78	12.48	3.99	14.76	1402	8.77	106	1106
1.8	12.15	2.12	14.76	1884	9.87	106	1107
2.63	14.14	2.44	12.33	1598	10.14	106	1108
2.49	14.84	2.15	13.7	1766	11.55	106	1109
3.14	17.21	2.79	13.65	2865	11.34	106	1110
1.62	13.18	2.83	15.93	1237	9.62	106	1111
2.65	13.19	2.86	21.07	1433	10.54	106	1112
3.74	14.12	1.61	18.96	1551	10.06	106	1113
2.09	16.8	2.09	14.36	2006	9.67	106	1114
3.98	15.55	2.49	14.51	6032	10.56	106	1115
3.18	13.83	2.12	14.03	2545	9.82	106	1116
2.6	13.57	2.65	13.05	1923	8.58	106	1117
4.42	12.97	2.6	15.09	2035	9.48	106	1118
3.06	15.79	3.15	13.7	2255	11	106	1119
1.81	15.88	2.07	12.36	3091	10.32	106	1120
4.26	15.75	2.09	12.75	2298	8.83	106	1121
3.08	12.22	2.42	14.54	908	7.71	106	1122
2.95	15.28	3.25	9.69	1662	11.13	106	1123
2.28	14.09	4.53	13.55	2804	9.17	106	1124
2.77	13.11	2.83	13.11	1625	11.02	106	1125
3.17	13.76	2.19	17.79	1737	10.71	106	1126
1.82	11.6	1.18	15.13	1699	10.59	106	1127
1.56	13.63	1.95	12.68	2303	9.47	106	1128
2.28	16.49	2.07	15.16	2850	11.79	106	1129
2.8	13.01	2.39	17.21	1714	9.57	106	1130
1.67	15.59	1.57	19.71	1020	12.65	106	1132
1.81	12.57	1.6	14.17	1440	10.21	106	1133
2.5	15.31	3.64	13.45	2803	9.6	106	1134
2.51	14.35	3.28	15.72	2989	9.2	106	1135
3.4	13.03	2.87	17.86	2088	10.63	106	1136
2.32	17.24	3.43	14.82	1984	9.38	106	1137
3.46	12.59	2.05	14.48	1271	8.03	106	1138
3.08	16.26	2.96	16.26	2633	8.74	106	1139
2.59	13.63	2.15	15.29	3440	9.39	106	1140
3.06	13.19	2.55	18.17	1767	10.3	106	1141
2.57	13.73	1.77	13.37	2491	10.8	106	1142
3.82	15.7	3.19	16.16	1726	8.98	106	1143
1.55	15.37	1.78	13.98	3026	10.28	106	1144
2.82	13.79	2.15	15.65	2089	11.11	106	1145
2.32	14.1	2.42	15.45	3056	9.82	106	1146
2.77	13.89	1.93	17.65	3110	8.55	106	1147
2.73	16.34	1.43	14.56	2307	9.84	106	1148
2.54	13.63	3.16	15.61	1614	8.74	106	1149
1.91	13.97	3.21	14.35	1310	9.77	106	1150
1.5	15.42	2	15.65	1796	7.57	106	1151
1.52	17.43	1.58	13.2	1515	11.29	106	1152
2.8	15.75	1.75	14.18	1714	9.45	106	1153
2.1	12.99	2.23	17.35	3188	10.07	106	1154
3.61	14.62	4.09	16.1	1689	9.53	106	1155
2.68	13.14	2.36	13.71	2123	12.25	106	1156
2.31	12.13	1.57	13.12	3247	10.56	106	1157
1.85	12.39	3.91	12.3	2276	10.11	106	1158
1.78	16.64	2.23	11.69	2241	9.82	106	1159
2.76	18.62	1.83	15.49	3008	9.81	106	1160
2.54	13.33	3.11	13.85	1928	9.08	106	1161
2.69	14.39	2.3	13.78	2301	10.69	106	1162
2.19	13.67	2.58	14.26	2055	7.54	106	1163
2.12	11.78	3.13	15.7	1885	10.13	106	1164
2.94	13.02	2.52	16.08	1667	8.82	106	1165
2.49	15.16	2.49	12.31	2526	8.04	106	1166
4.1	14.41	2.05	12.42	3221	9.16	106	1167
1.08	17.35	2.24	10.27	1383	8.03	106	1168
2.46	17.53	3.55	14.46	2926	11.79	106	1169
2.25	15.54	3.8	15.54	2265	9.8	106	1170
2.09	11.82	2.25	14.44	1870	9.2	106	1171
1.26	13.05	3.6	14.64	1195	9.62	106	1172
3.97	11.58	2.33	17.74	1460	8.63	106	1173
3.6	12.94	1.95	12.94	1693	8.68	106	1174
2.45	15.29	2.13	13.41	3668	9.38	106	1175
1.74	13.65	1.79	14.63	1839	9.95	106	1176
2.14	10.53	1.88	14.73	1168	11.13	106	1177
2.24	11.99	2.35	14.79	2677	10.83	106	1178
1.36	13.1	1.95	12.09	2358	7.97	106	1179
3.05	14.2	2.21	15.53	4790	9.77	106	1180
1.96	15.21	1.48	15.09	3168	9.03	106	1181
2.02	14.04	1.69	13.91	5386	10.49	106	1182
1.79	14.06	2.96	13.56	2567	8.65	106	1183
3.49	13.06	3.08	11.88	2466	10.34	106	1184
3.01	11.76	2.3	13.22	2126	9.31	106	1185
4.02	14.97	1.72	14.8	3087	11.53	106	1186
2.69	14.73	2.42	15.05	6274	10.36	106	1187
2.75	16.01	2.53	14.01	4661	12.16	106	1188
2.95	15.02	2.81	13.49	2810	10.32	106	1189
2.32	14.07	3.43	13.97	1983	9.28	106	1190
3.17	12.64	2.34	15.04	1922	8.32	106	1191
1.21	11.14	2.26	12.83	1239	10.41	106	1192
2.67	15.13	1.21	13.88	2400	10	106	1193
2.35	13.42	3.33	12.67	1744	11.87	106	1194
3.29	10.82	2.3	15.82	2219	9.19	106	1195
2.76	12.33	3.05	12.08	2757	8.16	106	1196
2.83	13.29	3.89	12.35	2648	9.71	106	1197
2.68	15.99	2.71	13.06	3102	9.41	107	1198
1.79	16.28	3.45	11.43	3797	8.93	107	1199
2.77	14.51	4.09	13.77	3102	8.99	107	1200
2.71	13.62	3.51	12.78	3731	7.26	107	1201
1.99	15.18	3.69	12.15	3169	8.77	107	1202
3.74	16.39	3.88	12.33	2911	8.28	107	1203
3.12	14.71	4.48	12.32	3012	10.92	107	1204
2.06	15.64	5.16	12.46	2424	9.12	107	1205
2.61	15.42	3.72	13.6	2530	8.54	107	1206
1.86	16.35	4.11	12.93	3016	10.64	107	1207
2.85	17.32	3.37	12.6	3620	10.22	107	1208
2.55	16.44	3.12	13.25	4076	9.81	107	1209
3.66	14.9	5.08	12.35	1967	8.95	107	1210
2.29	12.09	1.53	12.03	1704	10.92	108	1211
1.55	9.74	1.38	12.66	2393	10.11	108	1212
3.15	13.11	1.32	14.87	1365	9.67	108	1213
2.68	15.61	3.33	11.69	3241	13.7	108	1214
2.41	10.95	1.86	14.75	2366	9.85	108	1215
3	14.65	2.49	12.34	1167	11.31	108	1216
2.06	11.44	2.01	13.74	3391	8.73	108	1217
2.21	16.48	2.02	9.68	3658	11.76	108	1218
2.68	12.89	2.24	11.9	5974	11.25	108	1219
2.92	12.9	1.4	14.14	3635	10.01	108	1220
3.21	14.72	1.89	12.35	4388	12.24	108	1221
2.95	11.7	1.57	11.35	2035	10.76	108	1222
3.55	15.58	1.62	10.23	2844	11.92	108	1223
3.54	14.2	2	14.77	3500	12.83	108	1224
3.14	13	3.14	10.87	1877	9.22	108	1225
3.29	12.13	3.32	12.95	3158	11.21	108	1226
2.36	11.65	1.82	12.73	2961	8.04	108	1227
3.38	13.54	2.07	15.14	2364	9.73	108	1228
3.76	12.28	1.92	16.21	1197	8.1	108	1229
1.79	13.1	1.65	11.01	5266	11.72	108	1230
2.77	14.61	1.83	9.9	2848	11.52	108	1231
2.22	13.09	2.85	11.18	4239	12.69	108	1232
1.53	14.68	3.01	11.39	1826	8.43	108	1233
1.73	14	3.16	14.48	4329	11.25	108	1234
2.62	14.95	2.87	13.79	3553	13.23	108	1235
2.83	15.94	3.21	15.94	2121	10.37	108	1236
2.31	11.23	2.56	16.84	1603	10.98	108	1237
1.84	13.39	2.98	11.52	6477	12.64	108	1238
1.38	14.97	3.28	15.4	2746	9.61	108	1239
1.9	10.28	1.84	17.56	2995	8.55	108	1240
2.4	15.61	2.74	10.17	2703	10.84	109	1241
3.11	12.54	4	13.21	2249	10.58	109	1242
1.57	12.77	3.58	11.58	1339	7.99	109	1243
2.28	13.59	2.69	11.47	2458	9.32	109	1244
2.31	13.76	3.21	14.03	2900	9.41	109	1245
2.4	13.84	3.78	11.47	2537	9.62	109	1246
2.77	14.36	6.9	13.11	1769	10.85	109	1247
2.12	12.73	3.71	12.47	1131	11.67	109	1248
2.11	14.48	3.03	14.11	2707	10.45	109	1249
2.64	14.24	2.24	14.99	2008	10.56	109	1250
1.42	11.95	3.02	14.41	2117	9.59	109	1251
2.74	12.49	2.44	15.72	2627	8.07	109	1252
2.18	12.32	4.52	13.87	2387	7.16	109	1253
1.73	13.75	3.73	13.8	1797	11.85	109	1254
2.23	14.02	3.97	13.15	2875	11.23	109	1255
2.67	12.27	3.63	13.6	2176	12.09	109	1256
2.44	13.51	4.26	12.16	1925	10.7	109	1257
2.73	13.7	3.23	11.86	1577	9.07	109	1258
3.19	15.05	3.7	11.67	2160	10.83	109	1259
4.76	11.99	2.38	11.2	1009	11.79	109	1260
2.51	13.85	4.39	10.72	1754	11.4	109	1261
1.74	12.56	3.56	11.8	2245	10.51	109	1262
2.04	13.37	5.69	12.14	1862	10.1	109	1263
2.79	13.08	3.65	13.12	2469	10.9	109	1264
4.03	12.8	2.7	13.67	3445	9.64	109	1265
3.59	15.5	3.98	13.31	2510	11.27	109	1266
2.23	13.88	4.84	15.53	1880	9.84	109	1267
2.81	13.26	4.5	11.9	1244	13.59	109	1268
3.8	14.95	2.06	14.08	1264	10.68	109	1269
3.29	12.98	3.11	15.22	1702	9.11	109	1270
2.81	14.62	4.03	13.67	2531	10.63	109	1271
2.78	13.19	3.09	14.12	1296	9.34	109	1272
1.6	14.37	2.84	14.59	1371	8.83	109	1273
3.1	12.83	4.92	16.13	2034	10.77	109	1274
2.85	14.12	3.78	14.05	1402	9.27	109	1275
2.84	13.94	4.04	12.12	2080	9.66	109	1276
2.34	11.89	4.52	11.48	1968	8.64	109	1277
2.53	12.41	4.17	13.79	2328	11.68	109	1278
2.69	15.32	2.94	15.57	3983	9.49	109	1279
2.7	12.27	4	13.25	2151	8.88	109	1280
3.25	14.24	3.21	13.66	2585	10.99	109	1281
2.75	15.2	3.28	16.03	2652	11.12	109	1282
3.18	13.29	3.46	15.44	2137	12.82	109	1283
3.94	13.95	4.47	14.75	1878	11.93	109	1284
3.01	12.62	4.19	13.1	1862	11.17	109	1285
2.8	13.66	3.56	10.93	2643	10.56	109	1286
3.24	11.42	2.74	13.04	3029	9.74	109	1287
2.42	12.37	3.2	15.76	3097	9.53	109	1288
2.49	13.51	5.82	12.9	2287	13.64	109	1289
2.86	13.92	3.58	12.12	2623	10.56	109	1290
1.74	13.84	4.03	13.56	1438	9.11	109	1291
2.49	14.06	3.96	13.87	1565	10.67	109	1292
2.34	14.31	4.5	13.07	2180	11.01	109	1293
2.77	12.99	3.92	11.43	1478	10.69	109	1294
2.4	11.7	3.36	12.25	2914	7.86	109	1295
2.44	13.23	3.79	11.84	2086	10.31	109	1296
2.65	10.47	3.57	10.59	1738	9.09	109	1297
1.68	13.21	2.37	12.89	3459	8.47	109	1298
2.14	13.09	3.62	12	2292	10.08	109	1299
2.2	13.7	2.75	13.52	2869	9.1	109	1300
3.2	14.05	2.83	13.49	5752	8.34	110	1301
3.78	15.14	2.27	14.63	3567	8.44	110	1302
2.28	13	2.37	13.05	4085	8.37	110	1303
3.82	19.55	1.8	17.53	445	7.19	110	1304
3.28	15.02	3.28	18.6	3382	8.07	110	1305
2.53	15.8	2.1	12.39	4752	9.87	110	1306
2.49	12.63	1.79	14.8	1568	8.1	110	1307
2.61	15.44	2.05	16.35	4288	10.54	110	1308
3.14	15.33	3.21	17.93	5259	9.55	110	1309
2.97	15.08	2.87	13.83	2791	8.28	110	1310
2.88	12.74	2.74	13.34	4379	8.5	110	1311
2.78	13.62	3.95	15.12	1799	10.12	111	1312
1.95	12.52	2.93	15.1	3172	8.98	111	1313
2.9	10.87	4.64	16.09	690	8.41	111	1314
2.38	13.72	3.82	12.97	1596	8.27	111	1315
3.31	15.46	2.12	13.01	2690	10.74	111	1316
2.09	14.31	2.77	12.29	5737	10.41	111	1317
1.25	12.34	1.62	15.96	802	8.85	111	1318
3.48	13.69	1.74	13.01	3682	8.72	111	1319
2.98	12.49	2.65	13.91	2114	7.81	111	1320
3.83	12.62	2.63	15.19	1751	8.28	111	1321
2.81	13.43	2.27	16.3	3350	10.45	111	1322
1.85	15.7	2.49	15.03	3127	8.31	111	1323
2.22	12.55	2.9	12.99	2518	10.44	111	1324
2.36	13.8	2.23	14.06	3094	7.24	111	1325
2.67	12.08	3.2	13.61	2624	10.14	111	1326
2.06	13.46	1.58	13.18	2474	8.89	112	1327
2.11	17.17	1.98	14.6	2370	9.07	112	1328
1.85	15.34	2.93	10.55	1943	10.19	112	1329
1.71	15.25	3.35	15.32	1403	9.91	112	1330
2.35	15.7	3.39	10.32	2510	9.48	112	1331
2.46	19.58	3.47	13.65	1670	11.32	112	1332
2.69	17.58	3.3	10.57	1485	8.75	112	1333
1.93	15.5	2.57	12.12	1865	9.28	112	1334
2.61	14.92	2.53	11.85	2413	10.15	112	1335
1.54	14.96	1.97	12.68	1624	8.81	112	1336
2.82	14.25	1.97	14.84	3194	8.45	112	1337
1.98	15.29	1.56	13.45	1413	10.54	112	1338
2.49	17.73	3.51	12.12	1568	11.93	112	1339
1.73	13.6	3.29	13	1154	9.19	112	1340
1.69	13.86	2.23	12.81	2194	10.71	112	1341
3.16	11.79	3.67	13.34	3350	7.91	113	1342
3.33	11.93	2.83	12.21	2792	9.1	113	1343
3.5	12.7	3.29	11.87	3858	8.53	113	1344
2.8	12.72	4.86	14.32	2389	8.41	113	1345
2.57	16.28	2.78	13.01	3274	9.87	113	1346
3.18	13.33	2.73	13.4	4029	7.79	113	1347
2.68	15.02	3.14	11.39	2836	9.63	113	1348
2.83	12.51	3.38	13.44	2366	9.13	113	1349
2.94	11.56	4.43	13.93	1601	9.18	113	1350
2.53	15.83	2.65	10.87	3165	9.83	113	1351
2.39	13.09	2.84	13.71	3522	7.89	113	1352
2.69	14.7	3.04	12.49	5094	9.44	113	1353
2.64	14.24	2.94	14.66	3329	9.58	113	1354
3.12	11.41	3.96	14.84	1893	7.08	113	1355
3.24	16.9	3.51	12.55	2533	9.47	113	1356
3.48	15.89	3.19	11.81	4707	10.64	113	1357
3.14	15.3	4.69	12.12	2772	9.67	113	1358
2.01	12.47	4.69	12.87	746	8.18	113	1359
3.06	15.99	3	14.09	3101	8.74	113	1360
3.6	14.46	2.59	13.53	4086	9.15	113	1361
3.72	14.72	2.89	13.86	3499	8.57	113	1362
3.69	10.75	3.12	12.36	1926	7.48	113	1363
2.87	14.58	3.37	12.07	3141	9.74	113	1364
2.66	13.61	3.69	11.64	3196	8.98	113	1365
1.89	15.58	4.17	14.96	2112	6.34	114	1366
2.8	14.37	3.43	11.52	1893	9.46	114	1367
2.43	15.67	4.39	13.71	3574	8.28	114	1368
2.04	16.12	5.18	13.55	1911	10.83	114	1369
3.06	14.32	4.43	16.56	1962	8.66	114	1370
1.63	12.41	4.81	12.26	1289	7.99	114	1371
3.23	15.8	3.27	12.65	2633	9.95	114	1372
2.08	12.86	4.01	12.56	2643	8.78	114	1373
2.66	13.48	4.57	14.55	2144	6.9	114	1374
2.74	15.55	4.34	14.16	2881	10.66	114	1375
2.84	14.78	5.05	11.23	1407	9.17	114	1376
1.9	15.87	4.72	17.42	1739	9.95	114	1377
3.08	16.1	4.64	11.04	1658	9.83	114	1378
1.16	16.05	2.37	12.43	2237	8.67	114	1379
1.85	15.37	4.86	11.12	1295	8.26	114	1380
1.97	15.58	7.53	12.5	1168	9.93	114	1381
2.73	15.75	2.87	14.47	2267	8.25	114	1382
2.48	14.3	2.84	11.9	2504	7.79	114	1383
2.17	16.83	3.44	15.86	1337	9.35	114	1384
2.38	12.53	5.81	14.63	1429	8.33	114	1385
1.58	11.85	2.59	14.06	1586	9.08	114	1386
1.54	14.77	3.42	14.44	2078	8.95	114	1387
2.33	17.29	3.64	14.52	4118	8.64	114	1388
2.56	14.37	6	11.38	1134	9.17	115	1389
2.76	15.91	2.96	16.25	2062	8.29	115	1390
3.42	14.08	2.71	13.43	4126	10.16	115	1391
3.34	12.87	3.39	11.6	2035	9.39	115	1392
2.13	13.14	1.91	16.01	1880	10.37	115	1393
3.11	14.62	3.35	14.72	2059	9.76	115	1394
3.1	11.05	2.13	14.73	516	4.26	116	1395
2.32	12.57	6.89	15.72	1336	7.63	116	1396
3.25	12.02	4.11	12.4	1847	7.36	116	1397
2.02	13.79	5.12	12.15	1835	7.36	116	1398
3.03	13.56	3.91	12.99	1586	7.63	116	1399
2.9	12.76	1.9	14.76	1998	8.26	116	1400
3.21	14.34	4.92	13.41	1932	9.52	116	1401
3.07	15.16	2.45	13.56	1431	8.11	116	1402
2.03	11.92	5.81	16.93	1376	8.07	116	1403
3	15.38	4.89	14.2	1268	8.91	116	1404
2.4	11.58	4.95	12.96	1373	9.25	116	1405
2.81	13.19	2.69	12.39	1744	9.17	116	1406
3.35	10.61	6.07	15.68	1103	7.25	116	1407
2.58	11.28	3.54	11.28	931	10.31	116	1408
3.14	12.88	3.93	12.33	1273	8.72	116	1409
2.18	12.75	4.1	12.75	1929	9.38	117	1410
2.74	13.71	2.01	19.83	2042	8.47	117	1411
2.57	11.67	3.95	14.55	1594	8.85	117	1412
1.81	13.18	4.18	14.34	1988	9.1	117	1413
3.38	11.66	2.99	13.52	2574	8.08	117	1414
3.37	9.1	2.45	20.14	978	6.13	117	1415
2.09	13.72	2.79	13.23	1436	9.47	117	1416
4.12	13.33	3	16.4	1433	9.98	117	1417
2.71	14.65	3	14.59	1700	7.35	117	1418
3.5	14.25	2.47	17.55	2028	8.04	117	1419
1.47	12.59	3.26	16.12	1501	10.06	117	1420
3.09	15.45	5.48	15.45	1003	8.97	117	1421
2.26	12.68	3.13	13.21	1151	9.9	117	1422
2.66	12.43	4.57	14.45	1730	7.4	117	1423
1.08	10.6	4.14	13.42	1207	9.03	117	1424
1.8	11.45	3.47	14.16	777	9.78	117	1425
2.25	14.37	5.16	16.4	1823	11.3	117	1426
1.54	12.26	3.54	12.72	1101	6.72	117	1427
3.15	14.12	3.95	12.43	1239	8.23	117	1428
2.07	12.8	3.93	13.8	1500	6.93	117	1429
3.06	13.35	4.83	16.25	1243	7.56	117	1430
3.31	13.63	4.01	14.33	1570	7.2	117	1431
1.87	13.44	3.27	12.61	1927	10.9	117	1432
3.04	13.98	2.6	14.14	1810	9.94	117	1433
2.59	12.55	3.46	14.13	1968	11.59	117	1434
1.76	10.95	4.43	14.72	1196	8.19	117	1435
2.53	12.67	3.3	14.61	1697	8.54	117	1436
2.57	11.98	4.36	17.52	1010	7.72	117	1437
1.64	12.76	3.58	14.93	1340	8.81	117	1438
2.19	12.92	3.4	15.63	1324	7.78	117	1439
1.85	10.96	2.89	12.74	1350	8.89	117	1440
2.02	12.14	2.45	13.95	939	12.35	117	1441
2.16	12.22	3.24	13.55	1203	8.81	117	1442
2.63	12.69	4.32	12.78	1064	9.49	117	1443
3.19	13.05	4.2	15.15	1096	8.67	117	1444
3.35	13.51	2.29	16.73	1614	9.91	117	1445
1.6	11.66	4.15	15.01	1879	8.52	117	1446
2.65	11.49	3.53	16.13	1358	7.29	117	1447
3.59	12.8	4.93	13.25	2476	7.88	117	1448
3.03	13.07	3.22	15.84	1553	7.34	117	1449
1.89	13.58	4.23	13.22	1112	8.36	117	1450
3.16	12.58	3.37	14.13	1423	9.21	117	1451
2.6	11.2	3.76	18.42	1384	8.67	117	1452
2.62	14.83	4.76	14.04	1261	9.91	118	1453
2.4	14.36	2.66	14.93	1581	7.46	118	1454
2.58	15.48	3.78	11.76	3095	10.63	118	1455
2.55	17.47	4.94	13.84	1843	9.55	118	1456
2.06	13.91	5.72	12.84	1503	9.25	118	1457
1.83	13.8	4.39	11.33	1094	13.07	118	1458
2.69	14.41	3.5	10.44	2568	7.87	118	1459
1.66	14.56	4.89	11.63	2047	11.38	118	1460
2.44	14.91	4.14	10.62	4594	10.3	118	1461
2.45	15.46	3.02	11.77	4204	9.8	118	1462
4.4	13.07	2.5	12.15	3161	11.2	119	1463
3.79	12.37	2.9	14.16	897	8.25	119	1464
3.56	15.69	3.51	10.89	1937	9.55	119	1465
3.02	13.46	2.24	12.91	2185	9.75	119	1466
2.66	15.29	3.16	13.03	2440	11.07	119	1467
2.77	13.71	2.21	13.04	1948	9.45	119	1468
4.73	13.51	2.7	13.38	1629	10.44	119	1469
3.05	13.24	3.4	12.83	1707	10.25	119	1470
3.85	14.74	4.05	13.93	1974	11.45	119	1471
3.26	13.46	2.64	13.72	2237	9.83	119	1472
3.55	13.51	2.67	13.86	2057	10.06	119	1473
3.11	13.93	2.89	13.8	2218	10.23	119	1474
2.74	16.42	3.01	9.8	2193	11.17	119	1475
2.57	16.98	4.11	10.91	2456	9.85	119	1476
2.39	12.13	4.17	11.62	3142	9.36	119	1477
2.34	15.08	3.72	10.6	4537	9.61	119	1478
2.44	14.11	3.49	13.11	4295	11.08	119	1479
3.67	12.3	3.67	14.75	1471	11.83	119	1480
2.88	13.3	3.86	13.3	1737	7.43	119	1481
2.34	14.41	5.52	13.45	2609	8.55	120	1482
2.76	14.82	4.03	10.76	3002	9.29	120	1483
2.43	14.53	3.94	11.41	4040	9.68	120	1484
2.63	15.28	3.51	11.77	3194	9.33	120	1485
2.47	16.51	3.45	11.34	5512	9.8	120	1486
2.25	13.82	3.71	11.45	2750	8.98	120	1487
2.77	14.04	3.13	13.68	3932	9.41	120	1488
2.93	14.33	3.78	13.54	3545	10.66	120	1489
3.01	14.04	4.14	13.56	3384	8.1	120	1490
2.79	16.25	3.9	11.2	2259	8.54	120	1491
3.4	13.07	3.4	13.67	1178	9.59	121	1492
2.42	13.1	2.9	13.78	2519	10.56	121	1493
2.89	12.2	2.8	14.43	1213	9.32	121	1494
2.62	12.98	2.27	13.55	1410	9.29	121	1495
4.18	11.97	2.71	16.02	2247	10.1	121	1496
2.61	13.64	3.41	12.75	2258	10.45	121	1497
2.46	14	3.05	16.86	2035	8.26	121	1498
3.65	13.43	2.74	12.61	4163	10.28	122	1499
3.04	13.99	2.61	14.81	3031	10.36	122	1500
2.9	13.84	2.28	12.92	4992	10.28	122	1501
3.64	14	2.83	14.93	4092	9.38	122	1502
2.51	14.04	2.72	12.31	3233	9.93	122	1503
3.66	12.99	3.33	14.19	3664	8.84	122	1504
4.16	14.53	2.56	14.29	6179	14.16	122	1505
4.11	13.53	4.44	11.21	2409	10.42	122	1506
4.18	12.7	2.67	12.2	3827	9.17	122	1507
2.95	13.82	3.22	13.92	2982	9.09	122	1508
2.98	12.72	2.78	14.03	2516	9.54	122	1509
4.12	13.35	2.98	11.65	2352	10.37	122	1510
3.11	13.24	3.92	14.05	2576	8.46	122	1511
3.06	14.13	3.89	13.3	2647	9.33	123	1512
4.08	17.23	2.37	12.46	3796	9.59	123	1513
3.14	15.23	2.63	12.61	2895	8.08	123	1514
2.42	16	2.12	10.73	1650	9.03	123	1515
2.33	13.15	2.29	12.63	2487	8.28	123	1516
2.63	14.79	5.01	12.08	2657	8.69	123	1517
2.98	16.45	3.93	12.03	4862	8.6	123	1518
3.21	17.1	3.74	15.34	1310	9.31	124	1519
3.36	15.3	1.95	11.74	1490	11.61	124	1520
3.67	14.23	3.52	11.84	1335	9.96	124	1521
2.55	14.37	3.33	14.51	1413	11.89	124	1522
2.37	15.09	2.84	11.57	1902	11.93	124	1523
3.41	15.64	2.57	13.7	2372	8.9	125	1524
3.18	15.32	3.82	16.01	2043	9.4	125	1525
3.74	14.66	3.4	15.8	2380	9.45	125	1526
1.77	17.19	3.77	13.87	1803	9.48	125	1527
3.34	15.32	2.67	16.97	2663	9.31	125	1528
3.93	15.38	3.68	18.22	2470	7.49	125	1529
3.34	15.94	3.08	13.37	1945	10.33	125	1530
2.82	14.46	3.49	13.81	3265	9.25	125	1531
4.08	13	4.02	15.01	1692	9.28	125	1532
3.56	12.78	2.71	13.91	1768	9.5	125	1533
3.52	12.12	3.93	15.43	2417	6.29	125	1534
4.63	13.4	2.42	13.65	3305	8.11	125	1535
4.13	15.86	3.95	15.07	2302	9.17	125	1536
2.57	14.96	3.81	13.37	2259	9.34	125	1537
2.37	15.33	3.16	14.58	2785	10.45	125	1538
3.57	13.98	2.61	13.62	4486	9.01	125	1539
3.88	15.53	4.42	14.1	1674	10.99	125	1540
3.84	16.51	3.56	13.92	4275	8.05	125	1541
3.56	12.81	4.06	14.69	1600	9.38	125	1542
3.41	14.53	3.06	14.46	2876	9.21	125	1543
3.92	16.6	3.46	14.6	2602	9.03	125	1544
3.47	15.76	2.8	17.26	1929	8.61	125	1545
4.29	12.86	3.22	15.86	1866	9.81	125	1546
2.42	17.3	4.08	15.1	1815	10.58	125	1547
3.59	15.15	3.23	17.63	1980	9.44	125	1548
3.6	16.1	2.75	14.72	3527	10.07	125	1549
1.86	18.58	4.04	12.28	1238	11.39	125	1550
3.78	13.34	6.4	18.97	1297	9.87	125	1551
3.48	15.32	3.41	16.2	2814	10.2	125	1552
2.64	15.27	2.96	15.54	2233	10.03	125	1553
4.72	13.54	3.4	16.06	1588	8.82	125	1554
2.85	15.12	4.12	14.27	3055	10.08	125	1555
3.57	13.71	3.98	15.08	3414	8.67	125	1556
4.39	16.91	3.03	15.77	3005	7.79	125	1557
3.57	16.36	3.29	14.93	2519	10.36	125	1558
2.78	13.2	3.91	13.2	1765	9.63	125	1559
3.37	15.08	2.64	14.01	3176	9.38	125	1560
3.48	14.54	4.18	16.11	2297	9.84	125	1561
3.32	13.41	4.04	12.29	2229	8.3	125	1562
3.44	13.43	4.09	12.45	2152	8.55	125	1563
3.54	13.3	4.29	16.57	1865	7.13	125	1564
3.76	15.32	4.89	13.72	2820	8.09	125	1565
3.09	14.09	2.29	14.82	2747	8.15	125	1566
2.71	14.1	5.02	15.39	1475	8.14	125	1567
2.4	19.35	4.35	11.82	1793	10.93	125	1568
3.31	14.6	5.1	18.08	1842	9.17	125	1569
2.3	14.93	4.91	17.34	2566	9.04	125	1570
2.77	12.36	3.46	16.96	1910	8.38	125	1571
3.25	14.13	4.2	13.9	1784	8.74	125	1572
3.91	13.65	3.91	13.93	2074	7.28	125	1573
4.26	16.27	4.4	16.62	1432	7.26	125	1574
2.65	14.88	2.97	14.92	2493	9.67	125	1575
2.63	18.59	4.27	16.92	3652	10.1	125	1576
3.57	12.69	2.62	14.37	1907	6.4	125	1577
1.12	12.29	2.65	13.35	1700	11.47	126	1578
2.66	15.59	3.71	11.88	2290	8.95	126	1579
3.04	12.04	4.64	11.81	1744	8.94	126	1580
2.34	14.15	4.14	14.9	2268	8.29	126	1581
2.6	14.69	2.89	11.28	1729	8.5	126	1582
2.68	13.41	3.21	11.14	1715	6.47	126	1583
2.56	12.82	5.47	11.79	1170	6.32	126	1584
1.83	13.61	4.79	11.37	1962	8.46	126	1585
2.62	13.87	5.24	10.1	1564	9.72	126	1586
2.08	14.37	3.03	11.68	2311	7.66	126	1587
1.61	14.87	3.12	13.88	1923	6.97	126	1588
2	12.01	3.62	10.58	1049	8.29	126	1589
2.27	14.13	4.2	13.05	1762	7.43	126	1590
1.13	10.01	3.67	9.87	709	8.89	126	1591
2.75	15.23	1.99	11.32	1307	8.42	126	1592
2.66	13.87	2.99	10.32	2142	7.24	126	1593
2.02	12.03	4.36	12.99	1239	8.96	126	1594
2.67	14.77	3.39	13.1	1801	8.16	126	1595
1.43	10.69	4.04	11.08	767	8.47	126	1596
3.78	16.66	2.16	10.72	2593	11.42	126	1597
3.59	14.13	4.05	12.36	1755	9.69	126	1598
2.33	14.95	4.9	11.9	1244	8.2	126	1599
3.87	10.77	7	11.05	1086	7.27	126	1600
2.33	15.29	4.73	11.24	1628	7.99	126	1601
4.38	12.59	3.21	13.3	1120	8.04	126	1602
2.58	15.09	3.79	12.35	1239	7.59	126	1603
2.4	11.54	5	11.84	1959	6.94	126	1604
3.5	13.42	2.78	15.05	2086	9.11	126	1605
2.65	10.84	4.34	13.33	1245	8.76	126	1606
2.73	15.08	3.8	15.94	1393	7.68	127	1607
2.38	15.04	2.89	11.44	1975	7.49	127	1608
3.34	14.6	3.48	14.83	2158	8.71	127	1609
2.82	16.12	2.75	13.05	2729	8.46	127	1610
3.09	14.39	2.91	13.93	4565	9.2	127	1611
2.73	12.69	4.47	12.18	3152	6.38	127	1612
2.24	13.84	3.92	13.36	2320	10.56	127	1613
2.36	16.14	3.16	11.97	3642	9.23	127	1614
2.93	13.42	2.83	12.83	3070	8.08	127	1615
2.06	13.72	2.31	11.66	1647	8.86	127	1616
2.06	16.01	3.6	12.32	2086	6.47	127	1617
1.99	14.19	2.78	12.32	2410	10.04	127	1618
3.61	17.3	3.69	9.43	2439	8.98	128	1619
3.74	15.51	3.6	12.27	2192	8.35	128	1620
2.84	13.86	2.59	12.67	1934	9	128	1621
2.96	14.04	4.52	12.77	1417	7.83	128	1622
2.73	16.13	4.39	12.61	3441	8.46	128	1623
3.91	17	3.64	13.62	2224	8.32	128	1624
3.33	14.79	3.6	10.89	3003	8.46	128	1625
3.32	16.02	2.92	10.61	2291	9.38	128	1626
2.86	16.95	3.52	9.79	2554	8.65	128	1627
2.63	18.19	2.9	9.78	5921	10.27	128	1628
1.5	15.2	3.38	12.57	533	9.76	128	1629
4.13	16.8	4.29	14.86	3197	7.32	128	1630
2.82	14.04	3.67	11.05	2372	6.87	128	1631
3.68	14.33	3.3	12.66	2093	8.17	130	1635
2.56	15.66	2.31	11.67	4457	8.3	130	1636
2.09	14.72	2.56	16.05	1053	7.98	130	1637
3.44	14.53	3.67	9.38	2643	8.59	130	1638
2.82	15.44	3.77	10.42	3186	9.57	130	1639
1.6	16.06	3.7	10.88	4752	9.62	131	1640
3.21	16.25	2.48	11.52	5445	8.96	131	1641
3.08	16.73	3.03	12.62	6956	8.94	131	1642
1.41	16.36	2.41	10.56	4737	8.97	131	1643
2.48	15.68	3.34	10.9	6826	9.1	131	1644
2.03	17.23	3.52	11.67	6018	9.5	131	1645
2.73	14.94	3.45	12.2	4318	8.31	132	1646
3.39	13.23	3.07	11.43	7104	9.36	132	1647
3.56	15.91	3.64	12.07	3571	9.83	132	1648
2.12	16.55	3.21	10.97	1650	11.39	132	1649
2.39	12.49	3.95	10.98	1922	7.34	132	1650
2.76	12.95	4.54	13.21	1521	6.77	132	1651
2.92	13.63	5.84	12.29	1644	5.9	132	1652
2.2	17.5	3.39	11.31	2360	9.49	132	1653
2.78	14.54	4.02	11.62	2263	9.41	132	1654
2.76	14.82	2.85	10.4	2355	8.41	132	1655
1.28	13.72	2.36	14.05	1480	6.35	132	1656
3.05	12.26	5.03	15.24	1411	6.95	132	1657
2.79	13.42	3.3	13.18	2907	8.12	132	1658
2.55	17.13	3.93	11.36	4910	11.38	132	1659
3.45	14.03	3.21	12.35	6066	7.73	132	1660
4.1	14.51	2.07	13.86	2171	10.73	133	1661
3.12	14.3	2.1	12.3	2951	9.66	133	1662
3.26	17.66	3.54	11.42	2514	10.38	133	1663
3.1	12.21	2.25	15.13	2227	9.12	133	1664
2.05	11.2	2.92	12.79	3456	9.52	133	1665
1.86	12.59	2.59	12.77	3861	8.44	133	1666
1.97	14.99	1.99	14.65	5037	10.46	133	1667
2.04	14.31	3.34	9.83	2005	8.88	133	1668
3.07	18.26	3.8	10.45	1369	12.2	133	1669
2.31	13.88	2.86	12.11	3674	8.74	134	1670
1.68	15.84	2.69	11.17	2266	11.12	134	1671
2.34	15.53	2.69	15.44	3381	8.4	134	1672
2.78	13.21	2.44	13.09	3240	8.92	134	1673
2.67	14.44	3.68	14.09	2881	7.91	134	1674
2.23	12.62	4.08	15.12	1078	7.51	135	1675
2.29	14.57	3.96	17.87	2574	9.01	135	1676
1.78	13.38	3.14	13.2	2137	7.49	135	1677
2.44	11.76	6.52	15.95	859	8.03	135	1678
2.21	15.64	4.26	17.13	2487	7.68	135	1679
2.44	14.81	4.36	15.53	1971	8.88	135	1680
2.71	15.01	3.04	12.47	1845	9.92	135	1681
2.34	14.43	3.41	13.16	3548	8.65	135	1682
2.53	11.75	4.42	11.14	2647	9.48	139	1691
2.36	9.91	3.6	10.27	1695	9.5	139	1692
2.19	10.03	6.07	10.37	1186	9.44	139	1693
2.14	14.32	4.8	10.26	1355	10.92	139	1694
3.02	13.52	4.22	10.79	2418	10.17	139	1695
2.79	14.42	3.51	10.87	2761	12.21	139	1696
2.31	13.56	3.56	10.2	2559	10.79	139	1697
3.04	12.18	3.64	11.05	1511	9.79	139	1698
2.08	22.47	2.57	11.18	3702	11.29	140	1699
1.17	15.47	4.91	12.81	937	7.9	140	1700
3.33	14.93	3.06	13.19	1440	10.42	140	1701
2.91	18.13	2.86	12.46	4053	9.67	140	1702
2.91	15.55	2.22	12.96	3743	7.96	140	1703
1.66	14.52	3.31	11.5	2052	10.19	140	1704
2.49	17.42	2.71	10.94	2285	10.59	140	1705
3.45	15.25	2.82	12.06	1882	10.31	140	1706
1.95	16.26	3.35	11.79	1433	9.91	140	1707
1.17	15.4	4.08	10.05	2130	9.86	140	1708
1.97	16.52	2.98	11.39	5126	11.76	140	1709
2.07	14.18	2.27	10.03	6751	11.26	140	1710
2.89	14.65	3.27	11.25	2907	12.35	140	1711
1.83	13.22	3.05	9.81	2784	9.73	141	1712
1.85	15.52	2.19	10.75	2055	8.52	141	1713
1.66	14.18	3.22	9.12	1086	9.58	141	1714
2.66	16.61	2.8	11.02	2895	10.02	141	1715
2.34	14.04	2.51	9.88	5051	9.98	141	1716
2.68	16.19	2.79	9.42	2835	9.1	141	1717
1.82	17.07	1.7	11.42	2531	10.27	141	1718
2.6	14.63	1.67	10.8	3658	9.51	141	1719
1.33	13.98	3.21	14.54	1431	9.22	141	1720
2.5	13.18	3.22	11.17	2239	9.83	141	1721
2.56	12.88	2.35	9.55	3362	9.13	141	1722
2.04	13.68	2.91	11.57	1374	9.83	141	1723
1.62	14.06	1.98	10.34	2475	9.09	141	1724
2.18	15.27	2.52	9.64	2895	9.15	141	1725
1.38	16.05	2.03	10.27	2318	9.49	141	1726
2.13	15.85	3.28	9.28	1218	10.92	141	1727
1.38	14.13	3.32	9.47	2322	10.38	141	1728
2.18	15.91	2.61	10.53	5178	9.77	141	1729
2.25	14.09	2.05	9.17	3066	9.39	141	1730
3.04	11.77	3.48	12.43	2269	7.32	142	1731
1.76	13.13	3.36	11.37	3245	7.49	142	1732
2.9	12.87	3.22	11.24	2207	8.74	142	1733
1.76	15.13	1.83	9.24	2955	7.99	142	1734
1.87	18.54	3.53	11.22	1872	11	142	1735
1.92	18.18	3.57	11.3	1876	11.03	142	1736
2.1	14.19	3.05	10.88	3051	9.41	142	1737
