1.76	12.12	3.16	12.34	8.45	1361	78	2
2.04	14.71	3.01	11.3	9.7	2257	1	3
2.52	14.83	4.9	12.53	10.58	1389	1	4
2.24	15.09	2.79	10.88	10.5	1829	1	5
2.57	12.77	6.18	15.21	9.67	2491	74	6
2.18	13.9	2.78	13.11	9.83	1007	1	7
1.67	15.51	2.53	13.84	8.86	2211	78	8
1.74	18.44	3.11	10.63	10.77	1383	78	9
1.73	13.74	3.15	10.51	7.81	1332	1	10
2.91	15.93	4.6	10.62	10.01	1958	78	11
1.33	13.88	2.24	11.63	8.55	1427	1	12
2.69	15.6	1.98	10.53	9.5	1263	1	13
1.98	14.35	5.51	10.19	10.6	962	78	14
2.6	16.58	4.97	11.15	8.1	1309	78	15
3.46	13	5.46	12.23	8.23	1300	78	16
2.31	17.42	2.84	10.32	10.68	2819	78	17
2.53	17.28	3.87	12.12	9.12	2095	78	18
2.41	16.58	3.4	10.95	9.43	2822	78	19
1.19	11.67	2.62	9.93	7.62	1602	76	20
1.47	14.43	3.62	13.96	10.41	2987	74	21
2.86	15.77	3.68	12.38	13.97	2448	2	22
2.7	14.77	2.4	11	11.09	2336	2	23
2.54	10.7	2.6	15.15	9.77	1617	2	24
2.43	14.91	3.95	14.22	9.22	1442	2	25
2.15	12.21	4.19	15.38	9.28	1671	74	26
2.56	14.34	3.21	12.74	10.98	1248	2	27
2.56	13.74	2.52	14.14	11.81	2497	2	28
2.35	13.75	1.77	12.83	10.72	2378	2	29
2.05	12.56	2.89	11.5	13.48	1417	2	30
2.97	13.26	3.83	12.63	11.33	3001	2	31
2.03	12.19	5.26	13.39	9.05	1083	3	32
2.8	16.03	2.39	15.37	9.53	3181	70	33
1.9	14.12	2.57	12.99	11.15	1947	3	34
4.07	12.11	2.73	13.14	13.09	1940	3	35
3.27	16.43	4.46	11.63	11.86	1771	3	36
3.1	16.16	3.05	11.24	13.53	2357	3	37
2.29	13.84	2.84	11.98	15.33	2362	3	38
1.57	13.68	4.07	8.69	13.96	1082	3	39
3.82	17.66	3.82	12.04	11.81	889	3	40
3.68	14.05	3	12.34	12.34	1167	3	41
3.31	16.18	3.8	13.42	11.34	1632	3	42
3.29	16.57	3.55	12.25	17.05	3126	3	43
3.9	12.89	1.76	10.85	6.96	1078	4	44
2.44	11.77	3.15	12.43	10.11	1682	4	45
2.8	8.08	3.04	13.28	11.92	1250	4	46
2.9	11.6	4.61	11.67	9.81	1345	4	47
2.96	10.91	2.07	11.52	12.61	2126	4	48
3.71	10.75	3.71	13.72	10.14	1618	4	49
4.68	11.22	1.71	12.7	10.25	1346	4	50
1.82	12.91	2.32	12.12	7.83	2030	4	51
3.93	10.28	3.27	11.59	8.41	1070	4	52
2.57	10.26	2.69	12.7	10.69	2339	4	53
2.48	11.11	3.09	11.81	9.37	2134	4	54
2.27	14.51	2.83	12.68	9.79	3177	73	55
2.91	13.5	2.79	15.16	12.6	1682	4	56
1.32	12.03	3.79	11.7	7.74	607	5	57
1.66	9.97	2.27	13.29	12.08	662	5	58
2.54	12.04	3.43	13.15	8.07	905	5	59
3.11	14.31	4.04	12.29	12.6	643	5	60
3.42	15.26	2.05	15.72	11.16	439	5	61
1.5	11.13	2.99	14.62	11.13	602	5	62
1.96	13.35	2.14	13.88	10.32	562	5	63
1.61	11.19	2.8	14.42	11.41	929	5	64
2.1	12.12	4.66	13.29	10.49	429	5	65
2.7	12.46	3.32	10.38	9.35	963	5	66
1.75	13.99	3.97	15.26	10.17	629	5	67
2.89	11.11	3.56	11.11	10.22	450	5	68
2.2	12.03	2.01	13.52	7.24	1546	76	69
3.44	13.09	2.48	13.37	10.67	1772	6	70
2.26	12.62	3.76	13.31	11.09	2607	6	71
2.68	11.87	1.94	13.51	10.75	2317	6	72
2.23	12.38	2.02	14.11	11.09	3409	6	73
2.54	14.32	3.52	13.86	11.78	1732	6	74
2.46	12.31	2	15.06	9.03	4143	6	75
1.84	10.83	2.91	12.09	10.34	2060	6	76
2.68	12.09	3.51	13.38	10.13	3730	6	77
3.41	12.61	3.47	13.93	11.02	3719	6	78
2	12.77	3.21	14.41	13.05	1402	6	79
2.07	13.7	2.07	10.74	10.15	1694	76	80
1.83	11.08	1.58	13.72	11.47	2842	6	81
2.29	12.66	2.38	12.92	9.37	3190	6	82
3.01	11.81	2.55	15.39	12.04	864	6	83
2.57	15.29	3.79	14.34	12.86	1478	6	84
3.03	15.16	3.28	12.83	9.1	2440	7	85
2.67	11.79	2.67	13.15	8.7	2137	7	86
3.37	13.01	3.52	13.88	9.59	2075	7	87
3.14	14.85	3.06	13.97	10.66	1145	7	88
3.09	12.45	2.87	13.88	9.64	1815	7	89
2.95	16.44	2.47	12.1	9.87	1661	7	90
3.26	14.01	3.58	12.82	8.36	1256	7	91
2.26	12.28	1.67	13.81	9.68	2882	7	92
2.11	17.1	2.62	10.34	12.18	2176	70	93
1.9	11.31	3.25	11.53	10.08	893	7	94
1.15	14.94	1.94	8.24	14.26	2524	70	98
3.32	13.6	2.09	16.36	9.78	3404	70	100
1.89	17.05	3.54	9.34	9.22	1584	79	101
0.99	15.14	3.47	9.68	5.21	403	79	102
2.31	13.14	4.88	13.77	8.53	1126	79	103
2.73	16.69	2.76	10.5	10.84	3811	79	104
1.46	15.91	3.84	11.46	11.83	1640	79	105
1.44	11.3	4.24	15.92	8.68	1602	79	106
1.3	14.74	3.74	11.23	8.94	1309	79	107
3.17	14.52	4.71	13.27	8.17	1040	79	108
2.41	14.85	3.03	12.04	8.87	2243	79	109
1.86	13.45	3.67	12.71	8.77	1881	79	110
2.25	15.14	4.23	11.46	9.21	1466	79	111
1.61	14.48	3.23	13.67	8.82	1734	79	112
1.3	13.83	6.61	10.32	7.62	998	79	113
1.93	14.99	3.47	9.2	10.75	2075	79	114
1.93	16.83	3.13	12.28	10.95	2329	79	115
1.9	14.71	5.03	12.67	9.72	2108	79	116
1.69	15.8	3.64	11.19	10.21	1949	79	117
2.4	15.12	3.91	10.71	10.03	2044	79	118
1.51	13.58	4.72	10.94	10.19	530	79	119
2.88	15.31	3.36	10.32	11.33	2083	79	120
2.15	16.95	3.7	10.84	10.24	1162	79	121
2.03	15.38	2.83	12.55	8.02	2120	79	122
2.71	16.17	3.36	10.47	10.85	1843	79	123
2.57	13.62	5.3	11.04	7.72	661	79	124
2.36	12.37	4.42	12.96	10.31	679	79	125
1.88	13.96	4.58	11.74	9.58	1440	79	126
1.38	14.47	5.05	12.86	11.83	871	79	127
2.11	13.9	3.68	13.52	10.11	1849	79	128
2.38	13.02	5.49	12.37	8.35	1221	79	129
1.37	13.15	3.22	12.2	9.4	1893	79	130
2.51	12.2	3.65	10.95	7.75	877	79	131
1.86	12.87	4.29	11.72	10.01	1399	79	132
2.33	13.26	2.41	12.75	10.34	1161	79	133
3.16	13.99	3.06	13.33	10.46	2123	73	134
2.81	14.48	3.99	12.69	9.88	3309	75	135
2.42	10.45	3.06	13.83	11.41	1569	76	136
2.13	13.42	2.07	11.3	11.07	1788	70	137
3.19	14.73	1.79	15.19	11.03	3292	70	138
4.18	14.14	4.45	18.79	10.16	1506	74	139
2.43	15.75	1.36	9.59	12.08	1689	70	140
3.43	14.61	2	18.25	10.5	2800	70	141
2.81	13.05	3.28	13.17	8.86	2315	80	142
2.91	12.98	3.15	13.37	8.33	2065	80	143
1.94	12.72	4.78	14.02	8.67	1234	80	144
2.63	14.09	2.6	12.75	9.36	3152	80	145
2.02	13.94	3.05	12.81	9.61	2030	80	146
2.91	12.01	3.65	12.98	10.66	1341	80	147
2.45	13.11	4.35	9.8	11.09	1632	80	148
1.87	12.93	2.1	14.33	9.47	2143	80	149
2.3	12.55	2.8	15.6	10.7	2430	80	150
2.93	12.09	3.09	13.55	11.11	1845	80	151
1.82	13.94	2.4	13.29	7.91	1542	80	152
3.03	12.06	3.27	13.46	7.35	2081	80	153
2.66	11.45	3.2	14.22	7.87	1842	80	154
3.37	13.24	2.03	13.41	7.84	1722	80	155
3.07	11.97	4.06	12.54	9.47	1922	80	156
2.41	12.03	3.81	12.27	10.33	1704	80	157
1.36	11.38	4.07	13.41	9.08	1178	80	158
2.05	12.99	3.32	15.68	7.42	1416	80	159
2.3	13.21	4.76	11.52	9.45	1302	80	160
2.47	12.25	3.08	13.92	9.73	1983	80	161
2.49	10.77	4.55	11.96	10.57	2090	80	162
2.96	12.18	2.52	11.03	12.51	1822	80	163
2.72	12.84	3.17	13.29	10.2	1324	80	164
3.08	12.32	3.43	13.43	10.15	1981	80	165
2.07	11.68	2.36	17.55	9.36	2371	70	166
2.98	12.3	4.22	11.84	9.28	2585	68	167
2.9	10.93	3.99	12.46	8.58	1830	68	168
2.82	15.53	3.76	12.91	10.22	3935	68	169
2.5	11.84	4.03	12.68	8	1562	77	170
2.45	12.16	5.1	10.49	7.94	1020	69	171
2.18	15.21	4.08	14.19	8.66	1374	77	172
2.66	13.43	5.33	12.23	12.28	1914	75	173
1.5	14.47	3.44	12.65	8.17	3256	75	174
2.15	19.13	3.59	15.76	9.18	2843	69	175
4.46	18.32	4.99	13.33	10.09	1883	81	176
2.25	16.08	7.72	13.83	5.14	311	81	177
2.27	13.4	3.93	13.34	8.17	1627	81	178
2.02	15.71	2.89	14.2	9.93	3113	81	179
3.35	13.35	3.35	15.27	7.82	1611	81	180
1.25	16.59	2.32	13.81	8.52	3194	81	181
2.73	14.61	6.72	13.67	10.63	1280	69	182
2.85	14.49	4.37	15.96	7.85	1898	69	183
2.61	14.94	4.01	12.74	8.67	3761	68	184
2.33	14.02	2.55	12.36	8.31	1804	68	185
2.85	14.9	4.45	13.67	10.48	3644	75	186
3.23	15.07	4.52	12.69	10.31	2104	75	187
3.46	13.5	1.82	16.96	8.57	2311	70	188
2.65	17.7	6.19	13.27	9.73	113	75	189
2.75	17.29	4.2	12.06	10.3	3523	75	190
2.03	12.26	1.79	11.5	11.64	2913	82	191
2.9	16.19	2.86	13.96	9.71	2378	73	192
2.21	12.33	1.98	11.21	10.42	2936	82	193
1.61	16.03	1.03	10.34	12.64	1741	82	194
1.33	14.27	1.76	10.33	9.11	1878	82	195
0.71	13.28	1.52	10.96	11.5	2244	82	196
1.15	12.68	1.75	11.65	8.76	1656	82	197
1.1	13.17	1.61	12.22	14.63	1367	82	198
1.97	17.95	1.39	10.71	12.8	1727	82	199
1.98	14	1.88	11.83	11.78	2071	82	200
1.59	14.28	1.59	9.36	13.44	1443	82	201
1.61	12.5	1.77	11.45	11.61	1240	82	202
1.2	13.17	1.94	12.7	11.3	1496	82	203
1.42	15.84	1.14	10.25	11.72	2185	82	204
1.65	15.63	1.53	10.4	16.45	1702	82	205
1.95	14.5	2.16	8.23	10.46	1386	82	206
1.96	12.31	0.92	15.23	9.35	2600	70	207
2.03	13.64	2.92	12.55	8.6	2024	69	208
2.86	12.14	1.92	13.63	9.95	1820	69	209
2.52	12.74	3.51	12.49	8.4	2025	68	210
3.02	18.61	4.53	19.46	9.68	2117	69	211
1.9	15.75	3.57	15.24	11.23	1371	77	212
2.17	13.45	3.13	17.39	7.88	736	77	213
2.17	17.39	3.41	12.68	9.28	1380	69	214
4.57	19.48	3.68	12.92	9.54	1006	77	215
3	15.49	4.22	15.15	9.14	2964	69	216
3.45	13.72	3.05	10.83	9.63	1246	83	217
1.73	13.27	5.61	11.13	9.65	1213	83	218
3.33	15.27	4.59	12.51	8.61	871	83	219
2.77	14.68	2.42	12.79	8.53	2814	83	220
1.76	16.45	3.15	11.22	11.15	1587	83	221
2.53	13.63	3.6	15.61	10.14	1973	83	222
2.38	13.55	2.95	14.92	10.41	2775	83	223
2.69	13.83	2.11	14.88	6.4	3124	83	224
2.29	13.24	3.11	14.06	8.3	3315	83	225
2.32	15.75	3.8	12.41	10.59	1765	83	226
3.06	15.22	3.16	14.11	12.06	2090	83	227
2.38	14.08	2.52	13.38	11.41	1428	83	228
2.55	12.89	4.16	14.64	9.4	1489	83	229
2.35	16.09	3.48	13.1	11.06	3617	83	230
3.27	17.38	3.59	17.38	9.9	1283	83	231
2.26	13.88	4.18	12.91	7.88	3184	83	232
2.19	15.6	4.52	13.55	9.22	2103	83	233
1.32	12.93	2.42	13.81	8.74	1361	83	234
3.05	14.61	3.72	13.74	8.5	1965	83	235
2.45	13.09	2.66	13.29	7.63	1467	83	236
2.25	12.61	2.98	12.61	8.77	1642	83	237
3.63	14.8	3.5	15.01	7.55	2372	83	238
2.71	13.92	3.19	15.14	7.92	2285	83	239
2.2	14.51	5.71	12.97	6.37	455	83	240
2	13.53	3.62	12.93	6.93	2351	83	241
3.31	15.81	5.48	14.78	10.13	1935	83	242
2.92	13.89	3.77	14.29	9.11	1778	83	243
2.97	13.85	3.38	12.3	7.18	2187	83	244
2.6	14.83	2.33	13.85	9.3	2657	83	245
2.62	15.22	3.44	14.5	9.62	3056	83	246
2.37	17.35	4.05	14.19	8.21	2023	83	247
2.43	11.2	2.23	14.09	8.41	1973	83	248
2.38	13.58	4.48	12.49	8.83	1473	83	249
2.95	15.77	2.95	12.88	10.53	2981	83	250
2.66	13.15	3.07	12.94	7.52	1955	83	251
3.91	10.93	3.12	16.62	6.77	2407	83	252
2.84	11.37	2.91	14.56	5.21	1477	83	253
1.97	14.49	3.53	12.27	6.26	3707	83	254
1.49	15.49	2.73	9.45	11.13	2085	83	255
2.76	15.49	2.94	11.98	13.4	2246	83	256
2.05	13.65	2.65	17.06	7.42	1172	83	257
1.96	12.63	3.2	12.46	7.38	1124	83	258
2.75	15.45	2.89	11.83	9.43	2907	83	259
2.46	14.08	4.18	15.79	10.81	1868	83	260
3.43	15.87	4.21	12.54	9.3	1021	69	261
2.75	15.09	4.77	12.2	10.03	2074	73	262
2.6	13.68	3.48	15.99	9.97	2727	76	263
3.51	14.55	3.06	13.37	10.16	2708	72	264
2.33	13	3.72	11.24	10.24	3222	71	265
1.65	17.9	2.34	13.16	10.66	1877	70	266
3.11	16.39	3.08	13.14	10.1	4216	75	267
3.57	14.08	2.89	14.55	9.53	2770	72	268
3.13	15.03	4.33	16.36	9.38	1663	72	269
2.4	17.95	3.69	12.1	9.19	4579	84	270
3.74	18.23	3.66	15.03	8.28	3527	84	271
2.97	15.59	3	12.73	10.64	2829	73	272
3	15.22	3.91	13.88	9	2299	84	273
3.39	17.52	4.73	13.05	10.51	2683	84	274
2.23	16.86	5.03	12.4	7.82	1572	84	275
3.32	16.65	3.2	11.71	8.11	2528	84	276
2.4	18.12	2.84	10.92	7.75	916	84	277
3.83	15.79	3.93	12.57	9.07	1830	84	278
2.91	16.58	3.16	13.72	9.13	1960	84	279
2.13	15.07	4.45	12.47	9.74	2157	84	280
2.27	16.34	5.06	13.1	7.52	1542	84	281
2.36	16.76	3.28	11.71	11.71	3227	84	282
2.85	20.18	4.47	12.08	9.72	2037	84	283
3.81	19.28	3.59	10.89	7.84	918	84	284
2.89	12.9	3.74	12.51	6.9	1767	84	285
2.43	17.33	3.56	12.25	10.16	1771	84	286
2.38	14.52	5.87	13.89	8.17	1260	84	287
1.91	12.99	4.39	12.42	7.78	2094	84	288
2.14	13.72	4.37	13.32	7.51	2289	84	289
4.07	15.2	2.75	11.7	9.28	2112	84	290
2.28	14.89	3.88	10.4	9.29	2626	84	291
3.01	15.95	3.96	9.68	8.98	1994	84	292
3.32	19.12	3.9	9.39	11.74	2589	84	293
3.5	16.87	3.42	12.47	9.54	1227	84	294
2.68	15.45	3.64	10.1	8.79	1456	84	295
3.35	14.95	2.94	12.12	8.68	4355	84	296
2.45	18.28	3.72	10.01	9.76	3228	84	297
2.58	16.03	3.11	12.03	8.93	5619	84	298
2.05	15.87	3	13.07	12.41	3465	84	299
2.55	15.09	5.09	11.09	8.36	550	84	300
2.5	14.78	2.88	12.26	8.67	3957	84	301
2.01	13.39	4.38	13.98	8.06	844	84	302
3	15.33	4.17	12.49	9.18	2635	84	303
3.19	11.85	4.33	12.75	8.42	2008	84	304
2.65	16.32	3.21	11.91	10.14	1587	84	305
2.98	14.17	5.63	13.09	8.04	1207	84	306
2.97	16.28	4.2	14.83	10.42	1382	84	307
3.16	14.67	3.9	14.3	9.26	2182	84	308
1.61	13.94	3.96	12.28	9.98	2044	84	309
2.59	15.34	3.37	11.55	9.15	3324	84	310
2.64	15.34	2.74	18.35	11.46	1858	70	311
2.2	16.04	3.89	14.43	9.04	2544	84	312
2.32	10.75	2.03	11.81	9	1033	76	313
1.72	9.65	2.67	11.65	7.55	1047	76	314
1.8	13.68	2.93	12.41	10.15	1330	77	315
4.36	17.39	5.28	17.07	11.47	1857	77	316
2.74	15.25	2.46	12.97	10.56	3540	68	317
2.34	14.82	4.48	12.83	7.81	2611	77	318
5.25	14.47	3.32	16.2	9.22	2018	72	319
2.9	16.68	1.92	11.52	10.94	3273	69	320
2.9	15.07	2.63	17.83	11.19	2243	85	321
3.81	12.94	3.49	14.88	9.81	2466	85	322
2.35	13.27	3.77	16.95	10.52	1274	85	323
4.14	12.72	3.47	15.22	9.63	1038	85	324
0.88	11.09	0.29	13.28	11.82	685	85	325
3.94	14.11	2.19	17.66	8.47	2055	85	326
4.23	13.19	4.02	16.33	10.74	1843	85	327
2.59	14.99	2.02	14.12	10.95	347	85	328
2.76	12.99	2.68	14.48	10.18	2279	85	329
3.43	17.37	3.84	18.59	13.13	495	85	330
2.69	15.87	2.91	12.58	7.79	3157	85	331
2.96	13.4	4.59	14.45	10.47	2769	85	332
3.04	14.14	4.64	15.51	8.66	2759	85	333
4.87	13.62	4.03	14.14	10.01	1909	85	334
2.81	16.65	1.85	12.67	10.42	5020	85	335
4.31	11.79	2.68	13.58	9.27	1230	85	336
1.76	13.97	1.83	11.99	10.53	2735	85	337
2.76	12.8	2.76	16.54	6.59	1016	85	338
2.77	12.34	3.96	14.73	8.9	1337	85	339
1.73	11.97	2.12	14.81	9.74	1796	85	340
2.77	14.54	2.37	12.44	10.07	1479	85	341
2.44	14.99	2.26	13.38	11.72	1681	85	342
3.14	17.21	2.79	13.65	11.34	2865	85	343
1.61	13.73	3.11	16.38	10.38	867	85	344
2.58	13.27	2.88	21.39	10.84	1356	85	345
3.79	14.04	1.63	19.01	10.06	1531	85	346
2.09	16.8	2.09	14.36	9.67	2006	85	347
3.86	15.54	2.55	14.44	10.7	5645	85	348
3.23	13.8	2.07	13.76	9.85	2507	85	349
2.6	13.77	2.7	12.98	8.47	1888	85	350
4.38	13.15	2.7	15.19	9.63	1962	85	351
2.94	16.08	3.18	13.61	11.01	2108	85	352
1.77	16.28	2.05	12.07	10.57	2875	85	353
4.31	15.56	2.18	12.41	8.48	2159	85	354
1.65	13.99	2.67	15.84	6.79	486	85	355
3	15.14	3.32	9.7	10.89	1598	85	356
2.31	14.12	4.58	13.57	9.1	2770	85	357
2.92	13.09	2.92	12.82	10.99	1474	85	358
3.12	13.9	2.18	17.73	10.66	1698	85	359
1.88	11.75	1.06	15.31	10.56	1600	85	360
1.5	13.66	1.98	12.69	9.43	2270	85	362
2.3	16.53	2.05	15.19	11.83	2831	85	363
1.74	12.11	1.28	14.59	10	1090	85	364
2.98	13.17	2.51	17.74	9.53	1511	85	365
1.69	15.48	1.59	19.94	12.4	1008	85	367
1.84	12.43	1.62	14.34	10.24	1416	85	368
2.5	15.31	3.64	13.45	9.6	2802	85	369
2.52	14.33	3.29	15.77	9.23	2980	85	370
3.4	13.06	2.82	17.92	10.54	2059	85	371
2.27	17.07	3.24	14.96	9.29	1851	85	372
2.36	13.38	4.05	12.3	9.82	3259	85	373
3.46	12.95	2.09	14.32	8.13	1243	85	374
2.79	16.54	2.99	16.42	8.82	2473	85	375
2.55	13.65	2.14	15.27	9.4	3406	85	376
3.13	13.49	2.43	18.36	10.19	1727	85	377
2.54	13.73	1.76	13.4	10.74	2440	85	378
3.54	15.84	3.29	15.71	9.13	1610	85	379
1.62	15.61	1.73	14.02	10.56	2832	85	380
2.48	14.14	2.16	16.15	11.45	1895	85	381
2.4	14.28	2.4	15.58	9.85	2914	85	382
2.82	14.22	1.92	17.91	8.47	2870	85	383
2.73	16.36	1.41	14.64	9.96	2268	85	384
2.36	13.75	3.44	15.63	8.42	1484	85	385
1.77	15.03	2.99	13.35	10.27	1071	85	386
1.5	15.42	2	15.65	7.57	1796	85	387
1.53	17.55	1.6	13.23	11.3	1504	85	388
2.92	15.67	1.58	14.46	9.36	1646	85	389
1.77	10.6	2.12	14.84	11.31	283	85	390
2.17	13.25	2.45	17.7	10.2	2853	85	391
3.61	14.51	3.81	16.28	9.59	1523	85	392
2.12	12.25	2.6	13.55	12.46	1461	85	393
2.29	12.11	1.59	13.25	10.58	3147	85	394
1.84	12.47	3.9	12.33	10.04	2230	85	395
1.65	16.75	2.2	11.62	9.89	2185	85	396
2.7	18.66	1.8	15.49	9.78	2995	85	397
2.6	13.22	3.13	13.59	8.97	1884	85	398
2.77	14.23	2.32	13.74	10.75	2242	85	399
2.21	13.72	2.61	14.17	7.53	2033	85	400
2.83	9.04	1.86	17.81	9.18	1449	85	401
2.28	11.95	3.07	15.82	9.56	1757	85	402
2.97	12.67	2.24	15.97	8.51	1515	85	403
2.53	15.03	2.45	12.22	8.04	2488	85	404
4.13	14.48	2.1	12.18	9.35	3005	85	405
2.13	12.2	2.25	14.45	12.62	1688	85	406
1.11	17.52	2.23	10.1	8.02	1347	85	407
2.4	17.54	3.59	14.41	11.87	2873	85	408
2.27	15.49	3.83	15.53	9.79	2247	85	409
2.12	11.74	2.24	13.98	8.55	1695	85	410
1.29	13.57	3.79	14.13	9.51	1083	85	411
4.02	11.57	2.33	18	8.47	1417	85	412
3.66	13.14	1.98	12.76	8.74	1614	85	413
2.5	15.43	2.08	13.35	9.5	3557	85	414
1.75	13.66	1.8	14.48	10	1830	85	415
1.65	11.19	1.85	14.2	12.06	1028	85	416
2.35	12.08	2.35	15.19	10.48	2509	85	417
1.32	13.24	2.02	11.92	7.85	2281	85	418
3.03	14.23	2.27	15.56	9.82	4756	85	419
1.94	15.43	1.41	15.04	9.25	3039	85	420
2.02	13.91	1.64	13.97	10.52	5198	85	421
1.77	14.15	2.64	13.44	8.67	2537	85	422
3.4	12.93	3.06	11.72	10.43	2321	85	423
3.09	11.92	2.13	13.2	9.26	1879	85	424
4.15	15.02	1.66	15.02	11.18	2943	85	425
2.69	14.76	2.36	15.01	10.12	5977	85	426
2.65	16.25	2.56	13.96	11.85	4498	85	427
2.95	15.07	2.87	13.54	10.44	2748	85	428
2.35	14.21	3.37	14	9.25	1957	85	429
2.98	13.51	2.52	20.22	8.48	1073	85	430
1.58	10.57	0.97	16.04	8.63	823	85	431
3.2	12.78	2.3	15.13	8.07	1784	85	432
1.27	10.93	2.12	12.97	10	1180	85	433
2.82	14.78	1.23	14.14	9.91	2199	85	434
2.37	13.56	3.37	12.55	12.08	1689	85	435
3.21	15.07	4.61	14.37	10.11	2582	72	436
3.33	10.81	2.31	15.66	9.38	2165	85	437
2.75	12.36	2.97	11.99	8.21	2727	85	438
2.84	13.32	3.9	12.37	9.72	2643	85	439
1.23	17.28	2.78	10.97	11.55	1221	70	440
1.79	13.19	2.79	12.25	11.31	3297	71	441
2.07	13.13	1.54	16.2	10.11	1691	73	442
2.26	15.25	3.35	12.65	9.95	2301	69	443
3.4	13.23	3.03	13.61	10.02	1617	69	444
1.22	11.03	2.37	9.74	10.22	1478	76	445
1.24	11.12	1.16	10.81	6.64	1295	76	446
2.64	14.53	3.27	13.56	10.64	1438	73	447
2.7	16.1	2.77	13.04	9.34	3074	86	448
1.84	14.27	3.29	12.31	12.45	4135	71	449
1.81	16.34	3.42	11.22	8.92	3654	86	450
2.83	14.82	4.17	13.83	9.15	2928	86	451
2.8	13.84	3.56	12.85	7.21	3425	86	452
1.92	15.21	3.71	12.11	8.82	3130	86	453
3.62	16.43	3.9	12.29	8.29	2872	86	454
3.13	14.74	4.33	12.24	10.94	2999	86	455
2.1	15.64	5.16	12.49	9.06	2385	86	456
2.73	15.42	3.7	13.87	8.57	2380	86	457
1.86	16.38	4.09	12.92	10.63	3010	86	458
2.9	17.46	3.43	12.47	10.17	3384	86	459
2.55	16.47	3.04	13.23	9.84	4044	86	460
3.59	14.97	5.12	12.47	8.87	1837	86	461
1.57	15.48	1.37	11.56	9.75	2041	70	462
1.75	14.72	1.6	10.98	11.37	1311	70	463
2.33	14.97	5.64	12.87	9.65	2145	68	464
2	13.55	5.45	13.18	9.64	1100	74	465
3.71	12.27	3.86	13.47	10.28	2666	74	466
3.06	13.82	4.08	18.18	9.53	1469	74	467
3.35	14.34	3.16	12.37	9.95	2182	75	468
2.91	12.26	5.22	15.78	6.31	824	74	469
2.96	13.45	3.58	13.6	10.07	1926	73	470
2.31	12.12	1.54	12.06	10.94	1691	87	471
3.34	12.73	3.68	16.07	7.35	1469	87	472
1.57	9.76	1.36	12.69	10.18	2357	87	473
2.92	13.58	1.34	15.15	10.02	1267	87	474
2.65	15.73	3.35	11.56	13.84	3165	87	475
3.05	17.03	1.91	16.77	7.62	787	69	476
2.42	10.95	1.83	14.69	9.89	2356	87	477
2.56	14.65	2.56	12.53	11.12	1133	87	478
2.08	11.42	1.92	13.84	8.67	3274	87	479
2.1	15.56	3	12.15	8.36	1902	87	480
2.32	16.56	1.89	9.94	11.51	3231	87	481
3.1	13.28	2.48	14.21	12.47	2582	87	482
2.71	13.57	2.26	11.86	11.64	5344	87	483
2.79	13.34	1.41	14.06	10.18	3478	87	484
3.16	14.77	1.89	12.28	12.17	4339	87	485
2.78	13.55	1.68	15.12	11.2	3519	87	486
2.98	11.98	1.57	11.35	10.56	1912	87	487
3.45	15.75	1.52	10.1	12.15	2692	87	488
3.54	14.23	1.97	14.75	12.83	3499	87	489
3.17	13.05	3.11	10.74	9.24	1862	87	490
3.28	12.22	3.44	12.88	11.24	3052	87	491
2.33	11.84	1.81	12.78	8.15	2872	87	492
3.41	13.82	2.01	15.09	9.93	2287	87	493
3.44	13	1.91	16.73	7.65	1046	87	494
1.77	13.27	1.61	10.88	11.8	5019	87	495
2.78	14.59	1.83	9.88	11.53	2845	87	496
2.2	13.21	2.82	10.83	13.03	3905	87	497
1.52	14.69	2.87	11.31	8.61	1777	87	498
1.86	14.19	3.26	14.08	10.64	3770	87	499
2.61	14.98	2.84	13.76	13.34	3524	87	500
2.86	15.96	3.24	16.01	10.43	2099	87	501
2.38	11.24	2.38	16.89	11.18	1557	87	502
1.93	13.77	2.99	11.41	12.73	5555	87	503
1.36	15.08	3.32	15.41	9.73	2713	87	504
1.87	10.67	1.46	17.64	8.64	1922	87	505
2.34	13.27	1.21	14.15	9.54	2389	87	506
1.66	15.11	3.15	12.55	8.06	2892	69	507
2.18	13.7	2.33	14.39	10.47	3906	71	508
2.8	15.66	3.47	13.03	11.17	3607	72	509
1.81	11.81	3.14	11.47	11.44	3252	71	510
3.62	12.21	5.02	14.1	9.14	1794	72	511
2.66	16.93	3.64	14.12	8.73	1317	72	512
2.43	12.57	2.83	13.88	10.59	1520	69	513
3.71	15.3	2.48	15.73	10.58	2504	70	514
3.12	16.31	3.12	12.55	8.47	1251	69	515
2.37	15.82	2.65	10.16	10.91	2529	88	516
2.61	15.37	4.19	11.31	9.24	2219	69	517
2.86	12.5	3.97	13.01	10.75	2168	88	518
1.74	13.58	3.56	11.75	7.95	1208	88	519
2.28	13.75	2.69	11.51	9.44	2415	88	521
2.28	13.96	3.12	13.96	9.59	2722	88	522
2.4	14.1	3.72	11.12	9.88	2419	88	523
2.87	14.09	7.16	13.19	11.04	1675	88	524
2.14	12.63	3.9	12.72	11.61	1077	88	525
2.18	14.61	2.91	14.07	10.38	2573	88	526
2.93	13.91	2.45	14.69	10.57	1675	88	527
2.6	13.42	6.49	15.15	7.79	231	88	528
1.41	12.45	3.14	14.23	9.79	1848	88	529
2.8	12.48	2.37	15.59	8.16	2572	88	530
2.09	12.34	4.62	14	7.2	2293	88	531
1.75	14.55	3.95	13.39	12.29	1546	88	532
2.19	14.05	3.94	13.26	11.32	2791	88	533
3.28	12.91	2.3	14.28	8.97	1828	88	534
2.76	12.57	3.72	13.59	12.48	2068	88	535
2.46	13.7	4.28	11.94	10.87	1868	88	536
2.8	13.65	3.32	11.64	9.23	1538	88	537
3.21	15.12	3.63	11.63	10.84	2150	88	538
4.83	12.11	2.26	10.99	12.01	974	88	539
2.5	13.91	4.25	10.54	11.53	1718	88	540
1.79	12.62	3.53	11.68	10.74	2123	88	541
2.11	13.58	5.79	12.13	9.85	1797	88	542
2.86	13.09	3.71	13	11.04	2346	88	543
4.05	12.89	2.78	13.83	9.65	3305	88	544
3.55	15.57	3.99	13.19	11.34	2479	88	545
2.26	14.05	4.85	15.43	9.92	1815	88	546
2.88	13.17	4.53	11.93	13.91	1215	88	547
3.94	14.48	2.11	14.02	10.63	1091	88	548
3.38	13.32	3.07	14.92	9.39	1629	88	549
2.72	14.57	3.92	13.65	10.57	2498	88	550
2.96	12.82	3.12	14.13	9.12	1217	88	551
1.59	14.65	2.57	14.12	8.84	1324	88	552
3.04	12.8	4.64	16.31	10.78	1938	88	553
2.92	14.08	3.87	13.93	9.34	1371	88	554
2.79	13.76	4.09	12.16	9.78	1933	88	555
2.31	11.83	4.46	11.42	8.71	1952	88	556
2.51	12.9	4.2	13.91	11.95	2193	88	557
2.7	15.37	2.95	15.59	9.45	3970	88	558
2.66	12.27	4.09	13.26	8.87	2029	88	559
3.26	14.39	3.22	13.57	10.89	2543	88	560
2.81	15.38	3.35	16.21	11.08	2419	88	561
3.32	12.73	3.47	15.29	13.08	1988	88	562
3.83	14.67	4.3	14.44	11.79	1697	88	563
3.07	12.75	4.27	13.08	11.28	1827	88	564
2.82	13.86	3.56	10.88	10.42	2554	88	565
3.38	11.61	2.78	12.9	9.87	2807	88	566
2.4	12.42	3.22	15.8	9.53	3044	88	567
2.41	13.65	5.64	12.92	13.65	2198	88	568
2.93	14.18	3.55	12.1	10.39	2454	88	569
1.81	14.17	4.12	13.52	9.04	1383	88	570
2.53	14.12	4	13.79	11.06	1501	88	571
2.41	14.36	4.2	13.23	11.2	2117	88	572
3.28	13.54	4	16	11.69	975	88	573
2.88	12.87	3.81	11.43	10.5	1391	88	574
2.49	11.5	3.29	12.15	7.99	2766	88	575
2.37	12.85	3.8	11.72	10.08	1945	88	576
2.87	10.94	3.6	11.41	9.81	1499	88	577
1.68	13.18	2.39	12.95	8.49	3391	88	578
2.18	13.33	3.56	12.19	10.06	2108	88	579
2.14	13.59	2.87	13.94	9.04	2612	88	580
2.7	14.3	3.19	11.03	9.93	2448	69	581
2.47	14.59	4.66	9.66	11.33	1501	8	582
2.19	17.41	2.28	9.8	11.89	1051	8	583
2.65	13.57	2.65	10.24	10.39	1319	8	584
2.96	15.21	4.44	10.56	14.47	947	8	585
1.51	14.95	3.02	10.29	12.07	729	8	586
1.32	11.51	1.66	12.82	7.84	1747	76	590
0.78	15.37	1.65	11.58	9.82	1028	76	594
2.18	17.13	3.62	12.98	14.79	1880	70	600
2.3	15.42	2.17	17.59	10.37	1524	69	602
3.91	14.79	2.05	13.58	10.79	1075	69	607
2.85	16.99	2.75	13.91	9.01	2143	69	610
3.25	15.47	2.89	11.57	8.03	1383	69	615
3.14	14.09	2.8	13.36	8.38	5642	89	616
3.25	15.31	3.16	12.97	9.76	2090	77	617
2.76	15.77	2.99	12.56	8.41	4744	89	618
3.65	14.97	2.31	14.28	8.47	3340	89	619
2.26	13.03	2.36	13.01	8.39	4029	89	620
2.76	15.64	1.72	17.26	8.65	1918	89	621
3.87	19.13	1.59	17.31	7.06	439	89	622
3.28	14.98	3.31	18.65	8.07	3297	89	623
2.53	15.78	2.11	12.4	9.93	4734	89	624
2.27	12.57	1.75	15.06	7.97	1368	89	625
2.65	15.5	2.01	16.45	10.6	4225	89	626
3	15.51	3.26	17.9	9.6	4938	89	627
2.98	15.08	2.87	13.89	8.29	2786	89	628
2.93	12.86	2.79	13.43	8.51	4268	89	629
2.23	15.36	2.44	16.54	12.16	2376	89	630
2.44	15.31	3.07	13.5	11.89	2540	75	633
2.26	14.8	3.14	11.78	8.31	3540	71	634
1.79	15.94	2.49	10.57	11.47	3131	71	636
3.16	15.24	2.97	10.96	8.92	2691	71	637
3.49	16.41	2.12	14.15	10.17	3815	70	638
2.81	13.27	3.97	14.72	9.93	2065	73	639
3.71	14.23	2.12	13.14	8.75	2024	73	640
2.51	15.53	2.56	16.16	9.69	2228	70	641
2.07	11.68	2.36	17.55	9.36	2371	70	642
2.75	13.88	4.07	15.14	10.17	1671	90	643
2.39	15.75	2.59	12.26	11.17	1003	90	644
1.85	12.43	2.89	14.88	8.73	2977	90	645
2.7	10.94	4.8	15.74	8.55	667	90	646
2.13	13.1	3.64	12.96	7.75	1458	90	647
3.33	15.51	2.09	13.08	10.76	2676	90	648
3.41	11.92	2.08	13.21	9.55	2021	76	649
2.14	14.08	2.71	12.73	10.27	4353	90	650
1.29	12.36	1.67	15.7	9.14	777	90	651
3.43	13.74	1.73	12.85	8.63	3581	90	652
2.93	12.55	2.69	13.9	7.79	2079	90	653
3.62	13.46	3.25	14.94	8.58	1352	90	654
2.65	13.91	2.25	15.7	10.63	3020	90	655
1.83	15.71	2.44	15.01	8.26	3112	90	656
2.14	12.29	3.05	13.16	10.5	2295	90	657
2.24	13.36	2.18	14.23	7.01	2896	90	658
2.59	12.06	3.23	13.47	9.69	2354	90	659
1.83	13.67	2.84	14.05	10.71	1587	77	660
2.36	15.18	3.37	12.42	8.43	1482	68	661
2.87	13.8	4.59	14.13	10.93	3312	75	662
3.3	14.04	2.81	14.29	9.04	819	69	663
3.55	15.81	3.55	16.02	8.49	930	69	664
2.25	17.52	2.81	13.43	7.25	1958	76	665
2.08	13.68	1.98	13.63	8.82	1871	91	666
2.13	17.18	2	14.67	9.1	2351	91	667
1.84	15.22	2.99	10.45	10.24	1905	91	668
1.79	15.1	3.27	15.33	9.97	1344	91	669
2.38	15.64	3.15	10.4	9.46	2442	91	670
2.44	19.21	3.38	13.52	11.26	1598	91	671
2.76	17.58	3.23	10.44	8.75	1485	91	672
1.86	15.83	2.44	11.99	9.43	1718	91	673
2.61	14.9	2.49	11.87	10.12	2410	91	674
1.58	14.93	1.83	12.67	8.95	1587	91	675
2.73	14.23	1.97	14.82	8.54	3043	91	676
2.01	15.52	1.58	13.51	10.7	1392	91	677
2.4	17.64	3.41	12.22	11.89	1497	91	678
1.79	13.66	3.21	13.13	9.2	1120	91	679
1.63	13.52	2.34	12.86	11.08	1968	91	680
2.93	12.13	2.93	12.13	7.99	989	76	681
2.53	16.83	4.42	15.74	7.5	3120	68	682
1.67	13.26	1.61	14.67	10.45	1493	69	683
2.57	12.86	2.75	13.13	9.55	1089	69	684
1.81	12.78	2.15	12.78	9.76	3483	71	685
2.57	13.66	4.93	12.32	7.91	974	69	686
2.33	15.11	3.5	11.24	9.92	1886	69	687
2.67	16.16	5.34	16.41	8.27	1572	69	688
1.99	10.96	1.79	12.65	8.07	1004	76	689
1.86	11.07	2.3	13.11	7.26	1129	76	690
3.16	11.9	3.67	13.23	7.98	3295	92	691
3.24	12.16	2.91	12.24	9.21	2713	92	692
3.35	13.76	3.13	12.51	9.13	3133	92	693
2.65	13.43	4.63	14.56	8.45	2226	92	694
2.44	17.42	2.78	12.98	10.1	2990	92	695
3.05	14.01	2.7	13.06	7.93	3669	92	696
2.37	15.21	3.12	11.19	9.8	2662	92	697
2.87	13.26	3.48	13.31	9.12	2127	92	698
2.87	11.79	4.43	13.88	9.12	1535	92	699
2.48	15.97	2.74	10.84	9.99	3062	92	700
2.3	13.23	2.83	13.7	7.99	3393	92	701
2.65	14.64	3.07	12.59	9.54	5013	92	702
2.48	14.56	3.04	14.65	9.59	3222	92	703
3.13	11.14	4.17	14.43	7.19	1822	92	704
3.09	16.98	3.54	12.72	9.47	2461	92	705
3.43	16.19	3.14	12	10.71	4368	92	706
3.14	15.32	4.7	12.1	9.68	2768	92	707
1.85	12.82	4.56	12.96	8.26	702	92	708
3.12	15.99	2.99	14.22	8.8	3046	92	709
3.5	14.9	2.78	13.79	9.28	3772	92	710
3.74	14.62	2.95	13.8	8.61	3427	92	711
3.38	10.97	3.15	12.31	7.76	1714	92	712
2.87	14.61	3.38	12.03	9.76	3134	92	713
2.52	14.12	3.3	11.6	9.5	2422	92	714
1.66	16.41	2.4	11.57	12.99	2834	70	715
2.2	14.83	2.75	10.76	10.34	2185	70	716
3.04	14.81	3.58	13.24	10.74	1843	70	717
3.73	10.49	4.66	17.02	10.26	429	70	718
2.5	13.23	7.84	12.3	10.27	1723	68	719
2.22	15.01	5.24	12.88	9.5	1126	77	720
3.52	13.06	3.96	13.13	8.14	1363	77	721
3.34	10.78	4.4	12.86	9.31	2932	68	722
2.05	15.23	1.97	10.01	12.23	1169	70	723
1.8	15.46	4.38	14.89	6.54	1941	93	724
2.76	14.6	3.49	11.84	9.56	1664	93	725
2.48	15.98	4.5	13.62	8.33	3422	93	726
2	15.85	5.1	13.36	10.59	1804	93	727
2.99	14.42	4.43	16.55	8.65	1873	93	728
2.33	12.68	1.9	11.21	10.78	946	70	729
1.62	12.39	5.21	12.48	8.12	1170	93	730
3.22	16.05	3.22	12.52	10	2580	93	731
1.97	12.77	4.06	12.53	8.83	2537	93	732
2.8	13.31	4.44	14.43	6.83	1961	93	733
2.86	15.6	4.47	14.14	10.66	2730	93	734
3.17	15.94	5.48	12	9.17	1167	93	735
1.99	15.91	4.64	17.72	10.07	1659	93	736
3.22	17.04	4.52	10.81	10.34	1461	93	737
1.16	16.15	2.31	12.63	8.75	2161	93	738
1.8	15.45	4.94	11.06	8.31	1275	93	739
2	15.61	7.53	11.89	10.25	1102	93	740
2.81	16.09	2.95	14.57	8.34	2169	93	741
2.37	14.33	2.88	11.71	7.65	2365	93	742
2.02	16.84	3.72	15.3	9.47	1235	93	743
2.29	12.32	5.9	14.68	8.41	1356	93	744
1.63	11.8	2.37	14.04	8.75	1474	93	745
1.61	14.85	3.47	14.59	9.11	1987	93	746
2.28	17.38	3.66	14.59	8.73	3988	93	747
3.06	14.19	3.54	12.13	10.99	2911	72	748
2.51	16.71	4.08	14.38	9.92	1592	69	749
2.96	15.58	5.42	14.82	9.55	2638	69	750
3.07	14.52	1.74	14.02	12.19	2411	70	751
4.26	16.3	3.07	18.07	10.3	3448	70	752
1.93	13.21	3.63	13.92	12.59	2120	71	753
3.55	14.83	2.31	13.48	11	1773	72	754
3.22	15.41	3.02	14.55	10.42	2083	72	755
2.25	13.38	3.31	13.1	11.97	1420	70	756
2.59	13.07	3.02	14.96	9.27	3970	71	757
2.48	14.33	6.3	11.46	9.46	1047	94	758
2.67	15.95	2.82	15.95	8.2	1987	94	759
3.37	14.21	2.63	13.37	10.28	3948	94	760
3.29	13.05	3.29	11.63	9.36	1977	94	761
2.14	13.13	1.92	15.96	10.41	1873	94	762
3.2	14.81	3.51	14.91	9.86	1938	94	763
2.29	16.54	3.97	13.75	12.02	1614	70	764
2.09	12.67	2.27	13.24	9.78	2771	71	765
2.25	13.55	3.85	11.81	10.88	3115	71	766
2.6	17.34	3.49	15.73	11.04	1920	72	767
2.82	12.43	3.48	16.76	10.83	1062	77	768
2.34	16.44	2.53	13.98	11.44	2604	73	769
2.91	14.91	2.7	12.78	11.15	1408	73	770
2.2	14.61	4.22	13.63	8.82	2369	77	771
4.36	15.81	2.47	18.7	11.32	2385	70	772
2.83	11.52	2.22	14.75	4.24	495	95	773
2.28	13.92	4.36	12.54	11.6	2018	73	774
2.23	12.63	7.01	15.56	7.63	1298	95	775
3.28	12.21	4.35	12.57	7.27	1679	95	776
2.04	13.75	4.69	12.2	7.4	1811	95	777
3	13.59	3.96	12.95	7.59	1567	95	778
2.87	12.85	1.89	14.69	8.24	1954	95	779
3.1	14.52	4.54	13.26	9.93	1742	95	780
2.68	15.57	2.6	13.54	8.43	1233	95	781
2.06	12.06	5.66	16.91	8.09	1360	95	782
3.13	15.92	4.66	14.39	9.14	1181	95	783
2.35	11.59	4.84	12.99	9.24	1363	95	784
2.83	13.26	2.54	12.34	9.23	1734	95	785
3.37	10.97	6	15.56	7.5	1067	95	786
2.18	10.88	3.99	11	10.88	827	95	787
3.08	13.24	3.83	12.16	8.66	1201	95	788
2.84	13.08	5.25	14.17	9.22	2745	68	789
2.91	16.03	3.61	14.24	10.09	6321	68	790
1.73	12.93	3	11.4	9.87	1965	70	791
5.02	15.22	3.18	14.44	8.78	1413	72	792
1.61	14.41	2.64	12	12	1742	70	793
2.52	16.21	2.36	12.43	9.83	1271	73	794
2.68	13.7	3.15	14.88	11.65	1270	73	795
2.22	18.56	2.28	20.43	7.28	3201	70	796
2.19	14.52	3.73	15.45	10.08	2142	77	797
2.22	12.88	4.17	12.67	9.4	1894	96	798
2.71	13.9	2.06	19.77	8.58	1993	96	799
2.61	12.01	3.96	14.42	8.69	1415	96	800
1.83	13.09	4.16	14.36	9.13	1971	96	801
3.38	11.74	2.9	13.47	8.14	2309	96	802
3.5	9.22	2.44	20.55	6.04	944	96	803
2.12	13.73	2.63	12.86	9.57	1369	96	804
2.79	13.15	3.45	16.39	8.9	2258	96	805
2.41	13.53	2.71	14.44	8.57	665	77	806
4.22	13.55	3.24	16.94	10.17	1328	96	807
2.62	14.67	2.92	14.49	7.27	1677	96	808
3.24	15.01	2.86	17.11	7.63	1572	96	809
1.54	12.55	3.37	16.2	9.89	1426	96	810
3.14	15.92	5.45	15.08	8.8	955	96	811
2.32	12.89	2.97	13.08	9.93	1078	96	812
2.91	11.84	4.83	14.42	7.28	1512	96	813
1.03	10.92	3.83	12.98	9.24	1071	96	814
1.73	11.58	3.6	14.25	10.12	751	96	815
2.21	14.21	5.21	16.48	11.33	1766	96	816
1.55	12.25	3.56	12.61	6.67	1094	96	817
2.97	14.01	3.96	12.28	8.33	1213	96	818
2.18	12.75	4.35	14.46	7	1286	96	819
2.97	13.67	5.09	16.21	7.22	1178	96	820
4.79	13.54	5.2	13.68	9.3	731	96	821
3.62	13.31	3.79	14.74	6.49	1187	96	822
1.8	13.6	2.83	12.57	11.15	1838	96	823
3.07	13.76	2.44	14.16	9.95	1759	96	824
2.7	12.56	3.52	14.26	11.4	1816	96	825
1.64	10.97	4.32	14.77	8.38	1158	96	826
2.55	12.69	3.51	14.6	8.67	1568	96	827
2.59	12.08	4.39	17.56	7.68	1002	96	828
1.66	12.75	3.62	14.94	8.91	1325	96	829
2.16	12.94	3.47	15.49	7.7	1298	96	830
1.82	10.85	2.93	12.51	8.63	1263	96	831
2.1	12.29	2.55	14.06	12.18	903	96	832
2.23	12.5	3.39	13.57	9.02	1120	96	833
2.71	12.85	4.44	12.75	9.66	1035	96	834
3.12	12.95	4.48	15.19	8.57	1027	96	835
3.38	13.53	2.32	16.59	10.02	1597	96	836
1.54	11.81	4.12	14.78	8.3	1820	96	837
2.51	12.07	3.68	16.3	6.66	1276	96	838
3.64	12.82	4.72	13.21	7.84	2308	96	839
3.02	13.19	3.23	15.59	7.55	1456	96	840
1.96	13.56	4.21	13.28	8.51	1069	96	841
3.25	12.48	3.48	13.92	9.3	1322	96	842
2.51	15.59	3.58	12.88	11.57	1591	73	843
2.43	11.25	3.75	18.24	8.82	1360	96	844
3.35	14.79	2.68	12.54	9.56	1643	69	845
2.57	14.81	3.85	14.22	9.18	1013	69	846
2.01	13.07	2.62	11.15	11.76	2440	71	847
1.92	15.62	3.38	11.77	10.81	2395	71	848
2.98	14.55	2.13	14.1	9.77	2446	70	849
3.15	13.38	3.36	11.83	10.36	1428	68	850
3.2	15.83	3.2	14.59	10.16	1624	69	851
2.1	15.17	3.22	15.89	9.32	1523	70	852
2.69	15.28	4.87	13.94	10.24	1191	97	853
2.45	14.92	2.82	15.52	8.02	1347	97	854
2.78	14.55	3.72	14.23	9.23	2123	69	855
2.61	15.59	3.83	11.82	10.73	3028	97	856
2.59	17.27	4.84	13.44	9.67	1778	97	857
2.08	14.05	5.71	12.84	9.34	1488	97	858
1.86	13.83	4.46	11.23	13.18	1077	97	859
2.83	14.38	3.52	10.56	7.73	2330	97	860
1.66	14.52	4.69	11.24	11.59	1984	97	861
2.44	14.9	4.09	10.56	10.28	4545	97	862
2.44	15.43	2.99	11.77	9.83	4181	97	863
3.26	14.67	2.88	13.06	9.99	2672	72	864
2.64	13.1	2.13	13.56	7.93	1740	70	865
2.11	14.88	3.1	13.52	9.74	1324	73	866
2.75	14.29	1.89	12.94	10.46	1855	70	867
3.94	16.33	2.82	17.4	9.74	1776	70	868
1.69	13.37	2.92	12.1	12.01	2364	71	869
1.67	14.97	3.72	11.96	11.07	4383	71	870
2.6	13.33	3.21	14.21	6.8	1808	72	871
4.23	14.41	2.98	10.87	11.56	3053	72	872
2.24	13.89	5.59	14.42	10.01	1699	68	874
4.33	13.35	2.46	12.32	11.06	2840	98	875
3.65	13.56	2.87	14.21	8.87	767	98	876
3.61	15.67	3.5	10.76	9.56	1914	98	877
3.04	13.42	2.26	12.87	9.69	2168	98	878
2.59	15.44	3.01	12.98	11.11	2358	98	879
2.42	13.96	2.36	12.97	9.68	1612	98	880
4.81	13.8	2.57	13.48	10.65	1558	98	881
3.1	13.37	3.46	12.64	10.45	1646	98	882
3.84	14.58	3.99	13.76	11.36	1955	98	883
3.32	13.68	2.64	13.82	9.95	2200	98	884
3.55	13.51	2.56	13.77	9.96	1917	98	885
3.24	13.58	2.91	13.82	10.25	2098	98	886
2.71	17.14	3.29	9.71	11.04	1884	98	887
2.58	17	4.14	10.94	9.79	2441	98	888
2.43	12.26	4.15	11.42	9.46	2961	98	889
2.3	15.03	3.84	10.51	9.84	4217	98	890
2.34	14.28	3.29	12.87	11.17	3893	98	891
1.55	11.92	3.1	10.42	8.77	1871	98	892
3.74	12.6	3.82	14.43	11.53	1310	98	893
1.93	15.68	3.77	11.87	9.89	3419	98	894
2.93	13.32	3.87	13.2	7.57	1704	98	895
2.12	14.14	3.45	14.97	10.1	2405	77	899
2.33	13.6	2.63	15.09	8.09	2015	70	901
2.46	15.25	2.01	13.69	11.56	1790	70	902
2.17	16.2	3.26	12.85	9.31	2117	9	903
2.27	16.79	2.97	11.73	10.68	2864	9	904
2.86	17.07	1.99	10.52	8.89	2870	9	905
1.36	15.33	2.6	12.39	10.88	4045	9	906
2.72	12.5	5.5	11.98	6.66	1728	9	907
2.02	13.43	2.02	13.47	11.6	2673	10	908
3.49	11.85	4	14.06	9.32	2177	77	909
2.22	13.43	2.75	10.73	9.66	3821	10	910
2.02	13.54	2.51	13.58	12.1	2629	10	911
2.27	14.34	2.69	12.56	12.63	2866	10	912
1.68	13.35	1.97	12.85	13	3454	10	913
2.47	12.45	2.32	13.66	11.41	4620	10	914
2.01	13.55	2.88	11.54	12.31	2990	10	915
1.85	12.78	2.04	13.97	11.61	4109	10	916
2.6	12	2.73	14.29	14.21	2309	11	917
2.17	14.74	3.5	14.37	8.03	1058	73	918
2.21	12.74	3.3	15.97	12.04	2849	11	919
5.56	15.31	4.47	14.09	14.91	738	11	920
3.08	15.92	3.27	13.02	11.02	2205	11	921
2.7	14.58	3.3	14.47	12.93	1817	11	922
2.13	12	4.22	13.97	10.04	2491	11	923
2.55	12.85	4	13.88	11.63	2623	11	924
3.42	16.66	3.53	14.67	10.09	1813	11	925
2.17	13.53	3.09	16.62	10.94	1197	11	926
2.9	10.77	2.9	13.03	10.5	1105	12	927
3.16	14.93	4.2	14.77	12.6	1929	12	928
1.92	13.23	3.17	15.19	9.98	2495	12	929
3.38	13.59	4.23	14.77	9.68	2458	72	930
2.57	14.55	3.17	12.89	12.86	3663	12	931
2.52	11.07	4.53	11.82	11.89	1590	12	932
2.5	13.57	3.36	13.03	12.78	2801	12	933
2.35	12.65	2.97	14.13	11.03	2293	12	934
2.61	13.59	2.32	14.64	12.28	4179	12	935
2.91	16.42	2.72	14.07	12.48	2132	12	936
1.43	14.58	2.53	14.71	11.47	2929	12	937
3.13	16.41	3.59	13.67	11.59	2839	12	938
2.92	12.63	3.71	13.25	8.46	3049	68	943
2.9	14.37	3.32	14.48	10.78	2652	71	944
2.95	14.21	3.06	15.06	10.6	4209	13	945
2.86	14.63	4.08	11.68	11.24	2304	13	946
3.99	17.87	3.8	11.81	11.08	3133	13	947
3.55	15.18	3.89	14.84	10.54	2648	13	948
2.73	14.19	3.46	13	10.62	2862	13	949
2.97	15.38	2.34	12.84	11.28	3465	13	950
1.92	14.07	4.38	9.99	10.38	1301	14	951
1.05	14.37	3.66	13.06	11.69	1531	14	952
3.94	14.1	4.18	11.59	7.65	837	14	953
3.04	14.24	4.14	11.31	9.33	1812	14	954
3.27	12.6	5.13	10.58	7.15	643	14	955
2.8	14.01	3.41	12.3	7.06	821	14	956
1.66	13.69	2.35	10.17	8.41	1023	70	957
2.29	13.55	4.22	10.97	9.56	1705	14	958
2.12	12.75	3.44	13.76	9.81	1977	14	959
3.43	16.1	4.76	12.95	8.33	1429	14	960
3.24	15.84	4	11.76	7.84	1326	14	961
2.87	15.47	3.04	14.99	9.39	3548	15	962
3.06	14.12	2.35	11.73	11.73	4810	15	963
3.07	16.75	2.89	11.74	12.09	4012	15	964
2.43	14.41	2.7	13.28	10.69	1853	15	965
1.65	13.98	1.88	11.57	10.11	5220	15	966
3.08	17.98	2.6	10.53	12.43	3275	15	967
2.93	15.77	3.24	11	12.41	3208	15	968
2.2	15.04	2.87	14.85	11.49	1044	15	969
3.02	14.22	1.96	12.39	10.66	3010	15	970
2.51	14.11	4.88	15.13	9.02	1474	77	971
1.43	15.47	3.08	10.7	11.72	2663	15	972
2.36	14.5	5.45	13.5	8.58	2586	99	973
2.67	14.74	3.97	10.56	9.3	2925	99	974
3.96	14.36	3.56	11.82	8.71	3030	99	975
2.46	14.6	4.06	11.54	9.59	3693	99	976
2.61	15.2	3.4	11.86	9.41	3145	99	977
2.48	16.53	3.43	11.33	9.81	5482	99	978
2.27	13.83	3.73	11.45	9	2733	99	979
2.8	13.91	3.08	13.75	9.58	3861	99	980
2.97	14.27	3.83	13.55	10.61	3469	99	981
2.9	14.29	4.16	13.5	7.73	3171	99	982
2.82	16.11	3.96	11.24	8.15	2197	99	983
3.3	15.06	2.88	14.05	8.15	2882	99	984
3.04	16.74	3.46	12.28	11.14	4535	69	985
2.64	14.54	3.32	10.63	12.81	1327	16	986
2.15	15.34	3.55	12.67	12.17	789	16	987
3.62	12.87	5.08	11.75	10.5	1438	16	988
2.97	15.74	3.37	11.19	14.85	1010	16	989
4.19	13.74	4.46	9.46	12.49	1121	16	990
1.57	16.63	4.5	12.72	13.5	511	16	991
1.75	19.03	2.79	11.54	12.18	1256	16	992
3.18	15.25	3.47	10.66	14.59	2420	16	993
3.28	15.75	2.99	11.48	12.19	1403	16	994
3.26	14.04	2.96	11.83	11.13	2300	16	995
2.71	13.43	2.06	11.92	12.19	1846	16	996
2.27	10.16	3.71	10.69	9.4	1319	16	997
2.25	12.26	2.3	12.46	9.76	1998	16	998
1.84	16.21	2.74	9.89	10.9	1789	17	999
2.65	15.33	1.87	10.25	8.16	907	17	1000
2.07	12.71	2.79	10.35	8.62	2077	17	1001
2.2	14.64	3.08	11.33	11.46	3088	17	1002
1.72	12.69	1.94	13.33	4.95	465	17	1003
4.16	12.36	3.26	10.9	11.69	890	17	1004
3.24	14.9	2.67	15.95	8.58	1235	77	1005
3.66	14.93	3.03	12.59	10.57	3329	17	1006
2.41	13.15	3.41	11.75	10.14	996	17	1007
3.04	16.58	5.4	13.74	11.68	1019	69	1008
2.4	14.81	2.64	13.46	11.86	1627	18	1009
1.96	14.26	3.17	14.46	12.95	1985	18	1010
2.77	13.57	3.44	14.45	10.67	1481	18	1011
1.2	13.71	1.48	13.52	11.58	2167	18	1012
1.7	13.88	3.19	14.24	7.44	1412	18	1013
1.45	14.8	2.91	13.03	9.95	2271	18	1014
1.66	12.07	1.52	13.82	10.18	2170	18	1015
2.14	12.65	2.79	15.11	11.62	2151	19	1016
3.94	11.64	2.83	16.01	10.62	1168	19	1017
2.96	13.89	2.21	17.08	10.63	1721	19	1018
2.78	13.17	3.65	13.17	12.49	2194	19	1019
3.68	18.09	3.14	14.3	10.94	923	73	1020
1.7	13.5	1.6	15.3	9.8	2000	19	1021
1.54	11.57	2.81	15.64	12.48	1426	19	1022
2.01	15.11	2.34	13.23	11.8	2389	19	1023
2.5	12.5	2.5	15	13.93	1120	19	1024
3.53	11.34	3.02	16.17	12.09	1985	19	1025
1.62	10	2.73	16.61	10	2709	19	1026
2.33	15.58	2.99	15.88	12.58	1971	19	1027
2.81	13.05	3.94	13.82	13	1954	19	1028
2.08	12.49	2.63	15.94	10.37	2353	19	1029
1.97	14.45	3.71	14.37	10.29	1322	20	1030
1.81	12.65	2.07	14.78	10.69	1881	20	1031
1.54	14.26	2.84	14.14	11.11	1620	70	1032
3.49	12.45	2.64	14.91	8.96	1060	20	1033
2.25	11.62	3.02	14.95	9.3	1291	20	1034
3.47	8.67	5.01	15.99	8.29	519	20	1035
2.8	13.72	3.74	12.28	11.14	1392	20	1036
2.79	14.5	4.46	19.33	10.97	538	20	1037
3.91	13.42	4.79	16.39	9.24	1483	20	1038
4.86	12	3.67	14.77	10.77	2451	20	1039
2.93	13.97	3.73	15.5	11.58	1503	20	1040
1.79	13.64	4.38	16.4	12.01	616	20	1041
3.01	16.44	2.45	15.61	11.2	1794	20	1042
3.91	17.12	3.17	12.99	10.85	1355	69	1043
2.21	15.1	3.38	10.91	10.8	5556	71	1044
2.52	15.91	4.83	14.2	7.65	993	77	1045
4.35	11.92	2.9	16.17	7.77	965	77	1046
3.24	12.72	6.23	15.21	6.32	1203	68	1047
3.4	12.99	3.8	13.39	9.09	1001	100	1048
2.42	13.35	2.95	13.8	10.61	2442	100	1049
2.61	12.37	2.61	14.11	9.76	1148	100	1050
2.13	13.15	2.43	12.84	9.5	1316	100	1051
2.06	12	2.28	12.28	9.78	1800	100	1052
4.28	11.99	2.64	15.91	10.3	2194	100	1053
2.68	13.81	3.34	12.76	10.27	2093	100	1054
2.41	13.68	3.07	16.74	8.2	1989	100	1055
2.62	12.13	3.08	11.72	10.31	2629	68	1056
4.01	12.31	2.36	14.65	10.36	4410	77	1057
0.87	13.35	3.97	11.9	10.93	1034	70	1058
2.72	14.69	4.66	14.39	10.04	1654	72	1059
1.32	14.91	1.83	9.87	10.99	1965	70	1060
3.2	14.78	2.83	13.67	10.47	1624	72	1061
3.12	15.59	3.22	15.06	9.04	2855	69	1062
2.96	13.83	4.43	20.09	8.17	1150	69	1063
3.51	13.59	3.51	15.99	10.08	1707	70	1064
2.76	16.56	2.96	15.07	10.73	1957	77	1065
3.67	13.55	2.72	12.4	10.46	4007	101	1066
3.05	13.99	2.62	14.88	10.37	3017	101	1067
2.9	14.15	2.4	12.88	10.26	4170	101	1068
3.68	14.07	2.89	14.98	9.38	4052	101	1069
2.64	13.96	2.67	12.44	10.17	2959	101	1070
3.62	13.16	3.36	14.05	8.83	3510	101	1071
3.81	13.85	2.6	14.04	12.24	5041	101	1072
4.15	13.61	4.37	11.28	10.56	2359	101	1073
4.27	12.7	2.54	12.05	9.11	3701	101	1074
3.1	13.96	2.95	12.98	9.26	1934	101	1075
2.77	13.8	3.3	14.29	9.2	2457	101	1076
2.8	13.07	2.75	13.91	9.2	2142	101	1077
4.1	13.7	2.46	12.87	10.4	3124	101	1078
2.99	15.35	4.44	11.96	7.43	2006	101	1079
4.26	13.65	3.03	11.72	10.36	2278	101	1080
3.14	13.26	4.36	13.82	8.48	2135	101	1081
2.67	13.91	3.17	15.64	8.81	2020	69	1082
2.71	12.49	2.82	13.22	6.44	1770	69	1083
4.55	13.6	4.81	16.03	8.02	2308	68	1084
2.83	14.98	3.28	12.48	9.56	2436	69	1085
3.14	17.68	2.92	11.33	8.48	1403	70	1086
2.63	12.65	3.85	13.56	8.49	1637	73	1087
1.85	12.31	3.32	13.01	9.12	1568	73	1088
2.43	14.28	3.67	12.76	8.59	4356	68	1089
1.41	13.13	3.43	13.13	10.17	1485	69	1090
2.72	14.81	2.97	11.71	11.96	1580	71	1091
3.15	14.02	3.9	13.31	9.41	2540	102	1092
4.13	17.11	2.43	12.49	9.51	3658	102	1093
3.14	15.28	2.64	12.64	8.16	2768	102	1094
2.48	16.36	2.1	10.57	9.17	1571	102	1095
2.07	13.21	2.29	12.53	8.04	2226	102	1096
3.38	14.61	2.75	12.59	9.14	2724	102	1097
2.61	14.83	4.96	12.29	8.08	1571	102	1098
2.89	14.76	2.98	11.1	11.78	3422	102	1099
2.99	16.47	3.94	12.03	8.63	4846	102	1100
3.21	16.13	3.28	9.05	11.67	1525	71	1101
3.15	17.05	4.22	16.82	7.3	1302	69	1102
1.74	14.73	2.96	11.13	9.65	1555	70	1103
1.35	15.56	2.51	10.54	10.91	1632	70	1104
2.78	12.54	5.61	11.91	10.39	1906	69	1105
2.88	14.95	2.67	15.04	7.67	2361	69	1106
1.81	15.2	0.98	10.53	10.04	2869	70	1107
2.76	13.7	3.57	12.74	9.6	2605	71	1108
3.2	15.58	4.21	13.98	9.64	2375	68	1109
4.56	16.35	2.84	13.3	8.7	2783	73	1110
3.28	17.37	3.76	15.53	9.45	1249	103	1111
3.4	15.18	1.97	11.78	11.71	1469	103	1112
3.84	14.27	3.37	11.92	9.65	1275	103	1113
2.63	14.19	3.37	14.34	12.07	1367	103	1114
3.99	14.86	2.31	13.9	10.13	3633	103	1115
2.36	15.19	2.9	11.49	12.02	1863	103	1116
2.71	12.96	2.71	12.49	8.83	2547	68	1117
1.56	13.35	4.12	10.85	7.3	1603	73	1118
2.44	13.2	3.23	12.91	7.39	1394	72	1119
2.07	14.39	2.58	13.28	9.6	1980	73	1120
2.81	16.96	3.03	11.7	9.5	2736	68	1121
3.24	15.25	5.3	13.61	9.1	2131	68	1122
3.66	13.03	4.76	15.59	7.66	1450	72	1123
3.22	15.71	2.58	13.56	9.01	2330	104	1124
3.23	15.37	3.83	16.02	9.55	2010	104	1125
4.46	14.83	2.89	15.82	8.17	2939	104	1126
3.84	14.38	3.3	15.42	9.22	2212	104	1127
1.78	17.16	3.72	13.83	9.49	1801	104	1128
3.34	15.41	2.61	17.06	9.34	2603	104	1129
3.85	15.4	3.77	17.89	7.58	2415	104	1130
3.38	16.08	3.05	13.4	10.02	1866	104	1131
2.83	14.61	3.54	13.83	9.29	3217	104	1132
4.16	13.1	3.86	14.79	9.41	1657	104	1133
3.58	12.8	2.77	13.96	9.52	1734	104	1134
3.53	12.38	4	15.57	6.3	2351	104	1135
4.54	13.32	2.42	13.56	8.13	3259	104	1136
3.96	15.98	4.01	14.51	9.21	2171	104	1137
2.57	14.95	3.77	13.4	9.27	2254	104	1138
2.44	15.17	3.21	14.8	10.55	2710	104	1139
3.58	14.04	2.54	13.57	9.05	4408	104	1140
3.9	15.66	4.33	13.95	11.09	1641	104	1141
3.89	16.55	3.63	14.06	8.05	4162	104	1142
3.56	12.59	4.2	14.44	9.96	1406	104	1143
3.39	14.71	3.13	14.33	9.27	2686	104	1144
3.81	16.78	3.53	14.57	8.87	2491	104	1145
3.48	15.75	2.81	17.26	8.63	1924	104	1146
4.28	12.89	3.09	15.81	9.91	1847	104	1147
2.46	17.57	4.12	15.11	10.88	1747	104	1148
3.5	15.16	3.35	17.56	9.62	1913	104	1149
3.57	16.1	2.74	14.63	10.16	3473	104	1150
1.85	18.56	4.2	12.26	11.59	1191	104	1151
3.75	13.57	6.46	18.99	9.9	1253	104	1152
3.62	15.22	3.43	15.8	10.1	2595	104	1153
2.51	15.36	2.93	15.46	10.2	2148	104	1154
4.61	13.3	3.42	15.54	8.36	1519	104	1155
2.62	14.97	4.78	13.61	9.33	3013	104	1156
2.82	15.14	4.17	14.18	10.14	3019	104	1157
3.61	13.91	3.94	15.07	8.66	3350	104	1158
4.41	16.95	3.01	15.65	7.82	2991	104	1159
3.64	16.21	3.22	15.12	10.26	2388	104	1160
2.8	13.26	3.77	12.97	9.6	1750	104	1161
3.13	14.99	2.7	13.72	9.55	2776	104	1162
3.56	14.49	3.84	16.11	9.86	2160	104	1163
3.32	13.36	3.92	12.21	8.34	2170	104	1164
3.5	13.49	3.98	12.17	8.66	2112	104	1165
3.51	13.41	4.34	16.53	6.96	1797	104	1166
3.79	15.4	4.95	13.55	8.1	2767	104	1167
3.01	14.05	2.22	14.77	8.21	2654	104	1168
2.78	13.63	4.94	15.37	8.28	1438	104	1169
2.44	19.55	4.26	11.76	11.02	1760	104	1170
3.32	14.6	5.09	17.98	9.24	1808	104	1171
2.32	14.96	4.8	17.44	9.09	2540	104	1172
2.81	12.37	3.45	17.04	8.39	1884	104	1173
3.3	14.15	4.2	13.98	8.58	1760	104	1174
3.91	13.77	3.96	14.03	7.67	1917	104	1175
4.15	16.27	4.3	16.48	7.25	1420	104	1176
2.64	14.87	3.01	14.62	9.76	2428	104	1177
2.61	18.41	4.27	16.98	10.09	3557	104	1178
3.22	12.51	2.67	13.9	6.45	1799	104	1179
1.12	11.95	2.8	13.13	11.51	1607	105	1180
2.66	15.63	3.85	11.64	9.07	2182	105	1181
3.14	12	4.7	12	9.05	1658	105	1182
2.32	13.95	4.22	14.88	8.02	2157	105	1183
2.62	14.72	2.91	11.23	8.55	1719	105	1184
2.58	13.31	3.18	11.15	6.47	1668	105	1185
2.76	12.96	5.24	11.76	6.34	1088	105	1186
1.79	13.72	4.78	11.2	8.52	1902	105	1187
2.63	13.88	5.21	10.03	9.77	1556	105	1188
2.11	14.34	3.01	11.69	7.69	2224	105	1189
1.7	15.34	3.41	13.98	7.05	1760	105	1190
2.11	12.35	3.61	10.24	8.53	996	105	1191
2.12	13.89	4.18	13.05	7.59	1555	105	1192
1.15	10.19	3.73	9.9	9.04	697	105	1193
2.84	15.54	1.92	10.86	8.52	1197	105	1194
2.73	13.89	3.08	10.4	7.32	1980	105	1195
1.71	12.31	4.58	12.58	8.72	1113	105	1196
2.61	14.85	3.33	13.12	8.19	1684	105	1197
1.06	11.08	4.1	11.08	8.5	659	105	1198
3.94	17.18	2.26	10.67	11.42	2259	105	1199
3.38	13.51	3.89	12.3	9.37	1569	105	1200
2.47	15.27	5.12	12.36	8.38	1133	105	1201
1.93	16.61	5.42	9.99	7.52	1662	105	1202
3.59	10.76	7.89	11.76	7.17	697	105	1203
2.37	15.35	4.8	10.85	8.05	1603	105	1204
4.28	12.73	3.26	13.75	7.64	982	105	1205
2.58	15.25	3.75	12.5	7.67	1200	105	1206
2.56	11.61	4.58	11.99	7.03	1835	105	1207
3.34	13.26	2.83	15.37	9.46	1945	105	1208
1.62	14.65	4.2	11.7	7.14	1666	105	1209
2.66	10.63	4.52	13.99	8.5	1129	105	1210
2.48	16.6	3.01	14.12	6.67	765	106	1211
2.32	15.18	2.79	11.25	7.59	1937	106	1212
3.4	13.69	5.81	13.94	7.88	1205	106	1213
5.63	15.49	7.75	15.49	7.04	142	106	1214
2.55	15.65	4.64	14.74	6.92	1099	106	1215
2.94	19.12	6.62	13.24	6.62	136	106	1216
2.84	16.1	2.73	12.97	8.43	2715	106	1217
3.03	14.95	2.69	13.93	9.22	3231	106	1218
2.75	12.78	4.53	12.02	6.39	3021	106	1219
3.78	16.84	5.5	15.81	12.37	291	106	1220
2.19	14.01	3.65	13.19	10.85	2055	106	1221
2.41	16.24	3.09	12.02	9.38	3528	106	1222
1.2	13	4.5	13.95	7.93	1577	106	1223
2.73	13.56	2.77	12.81	8.06	2928	106	1224
1.98	13.75	2.35	11.59	8.86	1614	106	1225
2.26	13.25	3.41	14.63	8.46	2694	106	1226
2.11	16.16	3.67	12.39	6.22	2042	106	1227
1.44	13.98	3.03	12.34	10.66	2082	106	1228
3.01	15.33	3.13	15.25	11.03	2557	106	1229
3.67	17.46	3.71	9.52	9.09	2343	107	1230
3.83	16.12	3.68	12.29	8.61	1985	107	1231
2.96	14.27	2.69	12.68	8.51	1822	107	1232
2.92	13.93	4.72	12.66	7.79	1335	107	1233
2.74	16.09	4.35	12.62	8.53	3400	107	1234
4.05	17.45	3.57	13.63	8.63	2098	107	1235
3.3	14.91	3.57	11.01	8.43	2635	107	1236
3.1	15.56	2.95	10.83	9.56	1967	107	1237
2.89	16.79	3.54	9.72	8.7	2460	107	1238
2.65	18.18	2.89	9.8	10.3	5818	107	1239
1.51	15.31	3.4	12.48	9.83	529	107	1240
4.14	16.81	4.23	14.8	7.34	3189	107	1241
2.7	13.96	3.65	10.92	6.96	2299	107	1242
1.68	16.61	4.48	10.72	11.91	1427	21	1243
1.48	14.64	4	14.18	10.51	1551	21	1244
2.38	15.12	3.97	12.16	11.11	1891	21	1245
2.02	14.84	4.12	14.17	10.34	1334	21	1246
3.41	14.59	2.72	13.22	12.43	1762	21	1247
2.21	14.77	2.95	13.54	10.34	1219	21	1248
3.03	13.09	3.72	14.02	11.17	1719	21	1249
2.92	16.08	3.51	10.14	10.43	1026	21	1250
2.81	13.96	4.67	13.48	11.48	2099	21	1251
2.32	16.57	2.98	10.17	9.5	905	108	1252
4.53	16.92	3.63	16.47	7.4	662	108	1253
2.72	14.61	4.76	12.46	8.61	883	108	1254
1.89	16.4	3.66	10.3	11.34	1640	108	1255
2.38	14.08	3.73	11.74	9.33	2734	108	1256
3.42	13.68	3.42	11.05	7.63	760	108	1257
2.25	10.82	2.86	15.84	10.48	1155	22	1262
2.78	8.7	2.64	13.92	10.79	1437	22	1263
1.36	11.16	2.07	15.66	8.69	1980	22	1264
2.17	9.28	3.73	15.11	13.69	1476	22	1265
2.85	14.83	2.58	15.5	12.12	1510	22	1266
2.26	12.11	1.96	15.09	9.79	3717	22	1267
2.82	13.66	2.37	15.02	11.35	1771	22	1268
2.7	10.63	1.17	12.72	11.92	1627	22	1269
2.54	10.99	2.45	14.3	10.99	2084	22	1270
2.53	12.4	2.48	15.74	12.13	1855	22	1271
2.52	10.08	3.92	13.87	10.78	714	22	1272
2.74	14.17	1.71	14.43	10.93	2626	23	1273
1.64	15.91	1.75	14.68	6.67	974	23	1274
2.39	12.19	3	16.23	8.02	1633	23	1275
1.52	14.24	2.54	13.7	12.23	2044	23	1276
2.8	11.26	1.6	15.92	9.13	1501	23	1277
3.29	13.49	1.54	14.69	10.75	912	23	1278
1.7	12.84	2.09	13.3	13.23	1293	23	1279
3.62	15.24	2.32	15.33	11.34	2152	23	1280
3.39	13.56	3.23	12.82	9.59	4743	23	1281
2.22	13.14	1.52	13.27	12.76	1575	23	1282
2.45	14.59	1.11	14.59	9.97	1796	23	1283
1.77	12.36	1.25	16.1	11.63	963	23	1284
4.18	15.56	4.55	13.45	8.63	1889	24	1285
3.06	13.32	6.39	12.52	10.79	751	24	1286
3.3	16.68	4.9	9.7	10.93	1876	24	1287
2.36	16.61	4.61	11.5	10.39	2540	24	1288
3.36	15.82	4.18	10.9	10.82	1220	24	1289
3.56	9.07	3.56	11.83	9.34	1124	25	1290
2.09	10.57	3.25	13.94	11.96	861	25	1291
4.45	10.68	3.07	14.21	12.37	1957	25	1292
1.58	14.82	2.18	14.99	9.86	1835	25	1293
2.41	10.6	2.76	15.06	9.94	2284	25	1294
3.5	11.75	3.4	12	10.51	1941	25	1295
1.6	11.61	3.46	13.92	9.75	1128	25	1296
2.22	14.23	3.14	16.17	9.24	1082	25	1297
3.82	12.33	4.07	13.81	9.99	811	25	1298
3.41	12.42	4.72	12.56	7.84	1377	25	1299
1.93	10.75	3.37	12.84	9.47	623	25	1300
2.01	12.25	2.01	15.49	7.79	1143	26	1301
1.62	12.8	2.43	16.44	12.26	742	26	1302
2.93	13.79	2.81	13.87	9.07	2524	26	1303
1.55	12.63	2.77	14.75	9.86	1227	26	1304
1.93	12.61	3.87	13.46	10.52	1293	26	1305
1.97	14.65	2.71	14.09	10.34	2137	26	1306
2.17	14.33	3.91	15.45	9.43	1612	26	1307
3.16	13.06	2.14	15.1	9.96	2059	26	1308
2.46	13.25	5.95	15.26	8.73	1547	26	1309
3.24	12.51	4.11	13.17	9.33	1823	26	1310
2.85	13.91	3.99	14.74	11.57	2178	26	1311
2.74	15.04	3.34	15.49	8.74	2666	26	1312
1.49	13.87	3.59	12.73	9.32	1673	26	1313
1.32	14.01	3.48	13.61	9.62	3482	26	1314
2.33	16.66	2.48	14.03	9.72	1975	26	1315
2.26	11.78	2.08	16.12	9.64	1681	26	1316
3.42	12.39	3.42	17.95	10.68	234	27	1318
3.89	16.15	4.09	13.81	11.48	514	27	1319
3.13	11.49	3.66	10.97	11.49	383	27	1320
0.6	20.96	1.8	11.38	7.78	167	27	1321
1.16	11.56	6.36	11.56	13.87	173	27	1322
2.97	11.44	1.48	11.23	9.11	472	27	1323
4.47	13.13	1.4	11.73	11.17	358	27	1324
3.59	10.78	4.25	11.76	10.13	306	27	1325
2.25	11.51	2.49	16.01	13.88	843	28	1326
2.57	12.25	3.37	11.34	11.34	2760	28	1327
2.63	12.88	2.02	15.55	12.28	2321	28	1328
2.89	13.06	2.58	12.57	11.2	2251	28	1329
2.46	12.52	2.12	13.19	12.64	2683	28	1330
3.09	14.29	2	16.11	10.3	1651	28	1331
3.14	12.36	2.88	12.45	10.17	2290	28	1332
2.1	13.34	2.67	13.55	12.95	2811	28	1333
2.97	12.57	3.01	11.72	10.57	2355	28	1334
3.19	13.62	2.54	12.39	11.41	1534	28	1335
3.62	14.37	3.13	12.12	8.72	1823	109	1336
2.31	15.78	2.08	10.47	8.72	3371	109	1337
2.42	11.44	1.49	10.35	8.82	2483	109	1338
2.23	14	2.76	16.33	7.64	943	109	1339
3.46	14.65	3.65	9.51	8.6	2546	109	1340
2.88	15.3	3.86	10.14	9.61	3058	109	1341
1.59	13.39	1.28	14.32	9.24	1949	29	1343
1.3	12.92	2.98	18.12	9.86	1308	29	1344
1.78	11.97	1.9	13.87	10.25	1629	29	1345
3.61	15.05	1.77	16.59	10.75	1302	29	1346
1.62	16.56	4.22	12.66	11.69	308	29	1347
1.93	13.03	1.54	15.66	11.55	1558	29	1348
1.61	13.22	2.84	13	9.58	1869	29	1349
2.09	15.4	2.75	13.42	10.56	909	29	1350
2.28	12.71	3.13	14.33	10.91	1054	29	1351
2.13	10.9	2.48	15.16	8.78	1128	29	1352
1.91	15.9	2.53	13.79	9.28	1465	29	1353
3.35	12.2	2.74	17.84	8.54	656	30	1354
2.24	10.81	1.74	16.27	12.17	805	30	1355
2.67	12.21	3.44	11.45	9.92	262	30	1356
1.25	12.03	2.01	12.61	14.12	1197	30	1357
2.19	12.04	2.19	11.68	8.94	548	30	1358
3.89	14.38	2.54	14.21	9.64	591	30	1359
3.34	11.85	2.55	14.8	11.22	1257	30	1360
3.62	10.22	2.59	15.01	11.38	773	30	1361
2.09	13.09	2.43	15.53	10.89	863	30	1362
3.78	9.97	5.14	17.07	13.29	662	30	1363
3.16	10.33	3.3	17.79	10.19	697	30	1364
1.99	11.16	3.1	10.7	10.06	2356	31	1365
3.44	10.93	3.69	14.13	12.53	814	31	1366
1.73	11.48	1.73	13.09	11.85	810	31	1367
3.8	12	2.61	12.74	8.35	1342	31	1368
2.16	13.52	2.16	14.63	12.75	3144	31	1369
3.52	14.08	3.45	12.46	12.18	1420	31	1370
3.32	13.83	3.97	12.47	11.36	1989	32	1371
2.44	11.37	5.17	11.52	8.05	1354	32	1372
3.5	13.1	4.84	13.31	9.25	1427	32	1373
3.77	11.68	3.84	16.13	9.27	1327	32	1374
2.86	11.73	4.29	11.23	10.09	1398	32	1375
2.74	10.1	4.16	12.49	9.41	1753	32	1376
3.14	12.79	3.64	10.93	10.27	2581	32	1377
3.12	13.48	3.4	11.18	11.35	2916	32	1378
2.34	11.85	3.7	9.43	10.19	1325	32	1379
3.41	10.78	4.51	12.54	8.51	2903	32	1380
2.72	10.01	3.81	12.54	7.15	2097	32	1381
2.05	11.89	4.58	12.38	8.67	1026	32	1382
3.29	10.43	3.96	13.23	9.02	1640	32	1383
3.13	9.8	3.37	14.58	7.99	1276	32	1384
3.26	10.49	3.05	11.81	10.9	982	32	1385
3.13	13.16	3.35	14.82	10.38	3968	33	1389
4.05	15.11	3.03	13.35	11.76	2839	33	1390
3.81	14.13	2.38	12.38	11.46	2810	33	1391
2.67	13.87	3.47	13.72	10.45	2019	33	1392
1.94	15.52	3.01	11.17	12.12	2525	33	1393
3.24	15.02	2.25	12.19	11.38	1731	33	1394
3.38	12.22	4	12.47	13.22	3200	33	1395
2.4	13.73	4.28	12.9	8.72	1915	33	1396
2.49	11.73	4.08	12.39	10.52	2575	33	1397
3.67	11.47	3.67	10.55	7.8	218	33	1398
1.91	13.76	3.24	11.33	10.91	3088	33	1399
2.9	15.25	3.28	15.84	10.31	3724	33	1400
3.26	13	3.93	12.5	11.2	2392	33	1401
2.68	14.24	5.15	10.95	12.92	1826	34	1402
2.13	14.89	2.41	11.55	10.63	1740	34	1403
2.22	11.32	3.15	10.94	10.35	2889	34	1404
2.32	11.81	2.99	10.76	10.38	2109	34	1405
3.31	13.16	3.64	13.56	12.08	1482	34	1406
3.98	11.54	2.94	12.41	13.13	1257	34	1407
2.28	16.35	2.28	9.51	9.13	526	34	1408
0.78	13.76	5.17	9.38	13.22	1664	34	1409
2.42	12.29	4.31	11.61	11.5	1904	34	1410
3.8	15.82	2.37	9.02	9.18	632	34	1411
2.94	12.42	4.11	10.34	14.75	1973	34	1412
4.28	10.59	3.28	13.86	9.89	1587	34	1413
2.17	10.54	3.19	13.85	9.99	1661	34	1414
1.5	12.79	6.68	13.59	10.25	868	34	1415
2.64	9.63	2.58	11.25	10.51	1475	34	1416
2.36	12.82	3.86	16.05	12.43	1271	34	1417
1.6	16.03	3.73	11.02	9.6	4636	110	1418
3.24	16.27	2.48	11.53	8.97	5396	110	1422
3.08	16.76	2.98	12.6	8.91	6880	110	1423
1.44	16.32	2.43	10.55	8.87	4645	110	1424
2.53	15.63	3.28	10.93	9.09	6653	110	1425
2.05	17.29	3.44	11.53	9.52	5904	110	1426
2.77	15.12	3.38	12.31	8.4	4225	111	1427
3.4	13.43	3.1	11.59	9.35	6672	111	1428
3.53	16.12	3.68	12.13	9.91	3480	111	1429
2.06	16.53	3.22	10.55	11.45	1555	111	1430
2.27	13.08	4.07	10.64	7.33	1720	111	1431
2.37	13.28	4.66	13.51	6.79	1310	111	1432
3	13.45	5.73	12.35	5.87	1465	111	1433
2.25	17.54	3.39	11.11	9.61	2269	111	1434
2.59	14.56	3.82	11.24	9.14	2198	111	1435
2.67	14.79	2.76	10.32	8.18	2286	111	1436
1.32	14.01	2.3	14.01	6.69	1435	111	1437
3.07	10.6	4.73	15.95	7.1	1141	111	1438
2.79	13.43	3.31	13.15	8.13	2867	111	1439
2.56	17.06	3.89	11.33	11.35	4882	111	1440
2.47	15.2	3.22	10.38	9.84	4665	111	1441
3.3	14.23	3.32	12.51	7.87	5004	111	1442
4.14	14.54	2.09	13.89	10.78	2152	112	1443
3.15	14.51	2.08	12.23	9.77	2887	112	1444
3.39	14.17	2.68	13.35	9.57	1828	112	1445
3.33	17.82	3.53	11.13	10.55	2435	112	1446
3.15	12.31	2.31	15.46	9.21	2031	112	1447
2.01	11.27	2.94	12.58	9.67	3435	112	1448
1.86	12.87	2.59	12.63	8.47	3706	112	1449
1.89	15.02	1.99	14.91	10.6	4715	112	1450
2.1	15.06	3.56	9.88	9.12	1853	112	1451
3.16	18.34	3.56	9.88	12.25	1265	112	1452
2.32	13.93	2.87	12.16	8.74	3626	113	1453
1.51	15.7	2.74	11.25	10.97	2115	113	1454
1.67	13.47	3.89	13.75	9.58	1440	113	1455
2.39	15.58	2.7	15.52	8.52	3299	113	1456
2.79	12.71	2.59	13.29	8.62	2935	113	1457
2.63	14.55	3.72	14.03	7.92	2852	113	1458
2.13	12.31	4.17	15.02	7.66	1032	114	1459
2.35	14.76	3.94	17.82	8.99	2514	114	1460
1.78	13.41	3.1	13.13	7.5	2132	114	1461
2.44	11.76	6.4	15.95	8.03	859	114	1462
2.14	15.55	4.25	17.15	7.75	2425	114	1463
2.4	14.83	4.53	15.52	8.8	1875	114	1464
2.67	15.18	2.73	12.22	10.18	1759	114	1465
2.37	14.43	3.38	13.13	8.76	3457	114	1466
2.18	15.21	3.66	9.02	9.46	2294	115	1467
2.13	15.83	3.49	11.76	11.37	1548	115	1468
3.05	14.22	3.3	15.79	6.24	2819	115	1469
2.45	17.66	3.9	14.46	7.95	1874	115	1470
3.57	14.59	3.16	12.78	8.33	1933	115	1471
2.63	14.14	4.67	12.83	8.62	1520	115	1472
2.54	15.57	2.87	11.73	9.72	3384	115	1473
1.92	15.6	4.23	11.22	8.3	1301	115	1474
2.46	11.9	4.38	10.94	9.52	2604	116	1480
1.21	13.63	2.98	10.43	10.65	1812	116	1481
2.33	10.01	3.5	10.19	9.76	1629	116	1482
2.17	9.99	6.26	10.17	9.04	1151	116	1483
2.16	14.35	4.68	10.26	11	1345	116	1484
2.95	13.62	4.26	10.59	10	2371	116	1485
2.8	14.33	3.62	10.82	12.13	2680	116	1486
2.09	14.02	3.43	10.17	10.79	2390	116	1487
3.06	11.97	3.62	10.93	9.88	1437	116	1488
2.13	22.64	2.52	11.14	11.39	3618	117	1489
1.27	15.54	5.06	12.66	8.4	869	117	1490
2.53	17.54	3.34	9.88	11.43	1619	117	1491
3	14.64	2.93	13.07	10.36	1400	117	1492
2.82	18.3	2.9	12.45	9.81	3967	117	1493
2.92	15.57	2.17	12.89	7.97	3739	117	1494
1.66	14.37	3.32	11.31	10.1	1990	117	1495
2.43	17.61	2.61	10.77	10.77	2181	117	1496
3.5	15.46	2.8	12.22	10.34	1857	117	1497
1.92	16.49	3.34	11.73	10.09	1407	117	1498
1.18	15.5	4.06	10.07	9.88	2116	117	1499
1.99	16.61	2.93	11.31	11.77	5020	117	1500
2.1	14.12	2.21	10.04	11.18	6662	117	1501
2.91	15.36	3.15	11.46	12.29	2409	117	1502
1.86	13	3	9.77	9.84	2631	118	1503
1.84	15.34	2.1	10.74	8.59	1956	118	1504
1.69	14	2.68	8.74	9.53	1007	118	1505
2.64	16.85	2.82	10.95	9.91	2694	118	1506
2.33	14.2	2.57	9.79	10.18	4628	118	1507
2.64	16.15	2.79	9.26	9.08	2798	118	1508
1.89	17.92	1.64	11.67	10.42	2322	118	1509
2.66	14.62	1.62	10.7	9.5	3578	118	1510
1.33	14.01	3.22	14.57	9.24	1428	118	1511
2.54	13.19	3.22	11.24	9.97	2206	118	1512
2.63	13.03	2.32	9.42	9.21	3269	118	1513
2.15	13.26	2.91	11.57	10.11	1305	118	1514
1.69	13.78	2.01	10.35	8.83	2242	118	1515
2.59	16.36	1.6	12.4	10.05	1314	118	1516
2.14	15.39	2.52	9.43	9.39	2619	118	1517
1.41	16.43	2.02	10.31	9.7	2124	118	1518
2.24	15.85	2.93	8.96	11.11	1161	118	1519
1.4	14.29	3.29	9.51	10.43	2281	118	1520
2.18	16.07	2.66	10.57	9.91	4996	118	1521
2.19	13.76	1.99	8.97	9.44	2965	118	1522
2.58	12.17	4.55	11.56	8.49	2284	119	1523
2.96	11.7	3.45	12.42	7.35	2230	119	1524
3.34	13.08	4.01	12.86	8.68	2247	119	1525
1.74	13.27	3.39	11.37	7.5	3158	119	1526
2.89	12.9	3.21	11.11	8.77	2178	119	1527
2.93	14.87	3.56	13.22	8.74	3033	119	1528
1.69	15.34	1.83	9.09	8.18	2848	119	1529
1.47	15.79	2.06	11.21	7.05	2382	119	1530
1.69	18.67	3.44	11.03	10.97	1832	119	1531
1.92	18.18	3.57	11.3	11.03	1876	119	1532
2.14	14.43	3.12	10.8	9.47	2945	119	1533
2.65	12.84	3.95	12.84	8.71	2227	35	1536
3.18	10.53	3.67	14.64	8.57	1633	35	1537
3.11	10.51	3.67	14.87	7.91	1769	35	1538
2.81	13	4.56	11.94	12.32	1315	35	1539
3.88	14.6	3.04	11.95	12.34	1548	35	1540
2.7	12.38	3.41	14.8	10.35	1817	35	1541
1.49	14.36	4.95	14.85	8.09	606	35	1542
2.02	9.82	3.83	12.06	11.7	1385	35	1543
2.7	12.23	3.77	15.27	6.59	1775	35	1544
3.26	14.13	3.2	13.43	12.56	1720	35	1545
2.65	16.4	5.01	10.74	10.21	3213	36	1546
2.62	16.69	3.23	11.57	10.09	1486	36	1547
3.61	16.09	5.11	12	9.88	1467	36	1548
5.32	16.77	5.73	15.95	8.59	489	36	1549
2.52	15.32	5.05	12.08	9.07	1664	36	1550
2.77	14.52	3.22	12.75	8.2	902	36	1551
2.86	12.63	6.77	14.45	7.16	768	36	1552
2.19	15.32	4.5	11.79	8.81	1645	36	1553
2.66	14.97	6.82	12.75	10.89	1129	36	1554
2.24	16.54	6.62	10.99	10.89	937	36	1555
2.73	13.18	4.03	17.22	9.32	1760	37	1556
2.32	14.75	3.75	13.12	8.49	2027	37	1557
2.46	14.92	6.8	14.26	9.73	1059	37	1558
2.73	14.29	7.92	14.42	10.13	770	37	1559
2.96	15	5.16	15.09	9.65	1047	37	1560
2.47	14.3	6.66	11.6	8.98	1336	37	1561
1.38	15.98	4.22	13.13	7.44	1089	37	1562
4.24	15.47	2.9	13.59	11.58	2832	37	1563
1.43	13.6	4.28	16.54	10.08	1191	37	1564
1.73	10.27	2.35	16.21	9.53	808	37	1565
2.42	12.08	4.01	12.8	8.46	1821	38	1566
2.59	13.88	4.63	12.31	11.06	1275	38	1567
1.98	14.76	3.2	11.23	10.01	3028	38	1568
2.11	14.94	3.78	11.86	8.79	1138	38	1569
3.5	16.09	2.52	15.6	10.25	3288	38	1570
2.97	13.05	3.02	12.73	8.31	1854	38	1571
1.77	15.84	3.45	12.78	7.6	2317	38	1572
3.91	13.84	3.44	14.82	9.89	2760	38	1573
2.74	14.39	4.11	12.41	11.58	1313	38	1574
2.21	18	2.36	12.41	9.55	2755	39	1575
2.05	18.18	3.42	13.69	8.65	2046	39	1576
2.1	15.26	3.28	12.96	8.66	2044	39	1577
2.53	17.11	2.03	12.17	8.32	3788	39	1578
2.98	13.43	3.02	13.94	9.19	2382	39	1579
1.99	15.25	2.69	14.09	7.13	1711	39	1580
1.94	16.36	2.95	12.23	10.78	1595	39	1581
2.98	15.33	3.27	13.6	8.07	2081	39	1582
2.1	17.23	2.1	11.69	8.74	2095	39	1583
2.46	15.16	3.37	11.86	9.75	1425	39	1584
2.47	23.34	2.28	13.28	9.68	527	40	1585
3.14	16.6	1.73	13.4	9.87	3880	40	1586
3.14	14.95	2.8	12.12	10.19	3317	40	1587
2.37	17.9	3.4	16.56	8.64	972	40	1588
3.09	18.81	2.55	13.17	9.28	1648	40	1589
2.69	15.9	2.22	14.38	8.12	1711	40	1590
2.38	17.24	2.08	13.33	9.92	3317	40	1591
2.32	16.74	3.48	12.39	8.04	1380	40	1592
2.33	18.8	2.07	13.33	9.47	1500	40	1593
1.54	17.77	3.17	12.64	9.16	3505	40	1594
1.68	13.05	3.79	17.47	9.05	475	41	1595
3.73	15.98	4.77	16.18	8.92	482	41	1596
1.87	17.91	3.04	13.94	9.03	2138	41	1597
2.97	13.93	3.5	12.47	6.26	1917	41	1598
3.2	15.89	2.79	16.76	7.57	1718	41	1599
2.2	14.51	3.42	13.37	7.94	2722	41	1600
2.68	14.06	3.87	11.47	12.13	2276	42	1601
1.84	14.15	3.2	11.17	8.84	1844	42	1602
3.45	14.45	2.82	12.01	11.25	3156	42	1603
3.11	13.69	4.79	9.97	13.33	3090	42	1604
2.3	12.88	4.7	10.34	12.27	2127	42	1605
2.73	12.29	4.16	15.11	9.37	2018	42	1606
3.41	17.54	4.02	9.64	13.25	1494	42	1607
3.31	14.79	3.68	13.73	11.36	2447	42	1609
2.82	13.61	3.19	14.2	12.31	2380	42	1610
2.65	12.84	4.48	16.64	9.99	1472	43	1611
3.53	12.46	2.28	14.74	9.2	1445	43	1612
3.45	12.72	3.67	15.94	9.55	1769	43	1613
4.21	16.21	4.82	15.79	11.08	975	43	1614
2.49	15.28	5.09	13.34	11.52	1649	43	1615
3.49	12.44	5.37	14.61	8.67	1061	43	1617
2.84	19.43	2.13	11.73	7.85	2115	44	1619
2.63	15.39	2.94	14.08	7.89	1293	44	1620
3.37	13.48	4.85	12.53	6.74	742	44	1621
2.62	16.51	3.72	13.28	9.08	1641	44	1622
3.06	14.89	2.53	12.99	8.13	947	44	1623
1.95	15.87	3.59	13.32	8.31	1336	44	1624
2.1	20.88	4.57	12.35	11.51	2146	44	1625
2.88	14.78	3.07	13.05	10.56	521	44	1626
1.86	20.99	4.03	11.89	10.34	967	44	1627
2.3	13.24	2.02	11.95	7.13	1782	44	1628
4.79	13.9	4.51	15.38	9.85	1086	45	1629
2.99	14.37	3.39	13.27	7.88	1002	45	1630
3.06	12.88	3.93	14.52	9.28	916	45	1631
4.28	10.96	3.65	16.81	11.48	958	45	1632
3.31	12.09	2.93	14.55	10.85	1299	45	1633
4.22	10.67	3.22	16	7.78	900	45	1634
2.6	12.12	2.27	18.69	8.15	883	45	1635
3.15	12.89	3.25	14.17	9.84	1016	45	1636
3.95	12.89	3.39	17.78	7.71	1063	45	1637
1.7	14.68	1.7	11.13	9.58	647	45	1638
1.47	13.84	3.83	13.52	7.49	1228	46	1639
2.01	15.6	3.48	14.4	9.18	1840	46	1640
2.43	12.97	3.26	12.88	8.02	2058	46	1641
1.43	13.11	1.74	12.31	9.26	1609	46	1642
2.49	13.67	1.61	13.33	7.86	2048	46	1643
2.5	14.85	2.59	12.76	8.63	2398	46	1644
1.84	13.11	2.18	13.59	7.86	2060	46	1645
1.91	12.03	2.96	13.18	8.45	2094	46	1646
1.74	13.51	1.87	12.29	8.54	2294	46	1647
2.6	13.59	2.51	13.42	10.22	1155	46	1648
2.67	14.29	3.22	11.59	9.74	3296	47	1649
2.43	13.84	2.97	12.19	9.83	4437	47	1650
2.66	12.82	2.58	12.5	8.76	3800	47	1651
2.54	15.4	3.08	11.62	10	3890	47	1652
2.12	14.33	3.27	11.47	8.2	1744	47	1653
2.56	13.5	4.02	10.85	7.95	2340	47	1654
2.78	12.48	2.93	13.9	8	5250	47	1655
3.24	12.6	2.7	12.25	8.64	3183	47	1656
2.83	11.75	2.68	12.8	8.14	4102	47	1657
2.01	14.76	1.89	14.95	8.85	2643	48	1658
2.72	15.54	4.17	12.26	8.73	1248	48	1659
4.23	15.95	3.85	12.9	11.46	1868	48	1660
3.22	13.67	2.87	12.12	9.63	2575	48	1661
1.93	14.81	1.97	15.69	8.14	2383	48	1662
3.28	14.04	2.47	15.83	10.33	1617	48	1663
4.37	15.91	3.38	11.89	9.21	1716	48	1664
3.67	16.09	2.61	12.34	9.7	2723	48	1665
3.9	13.4	4.64	12.23	12.76	1873	49	1666
2.94	13.6	3.97	11.74	11.53	2316	49	1667
2.22	12.97	4.94	11.76	11.55	1982	49	1668
3.42	12.64	3.42	11.83	9.57	1986	49	1669
2.73	12.55	5.36	12.45	11.13	1976	49	1670
2.4	12.21	5	12.35	11.34	2081	49	1671
2.71	11.95	5.57	13.29	10.86	2100	49	1672
2.24	15.44	4.01	10.88	10.1	2545	49	1673
2.27	15.55	3.39	10.8	11.31	3131	49	1674
2.19	14.88	3.69	9.96	13.76	1868	49	1675
2.63	13.72	3.34	9.52	14	1407	49	1676
3.3	13.98	3.62	10.05	12.33	1881	49	1677
4	11.49	3.43	10.75	12.41	1749	50	1678
3.94	12.82	3.38	12.75	10.21	1420	50	1679
3.97	14.55	2.48	13.77	11.14	1409	50	1680
3.83	15.01	3.05	11.53	13.12	2065	50	1681
3.26	13.11	3.63	12.61	11.32	2395	50	1682
3.09	12.04	4.68	11.09	11.33	1262	50	1683
3.14	13.06	4.87	11.58	11.03	1623	50	1684
3.2	14.35	5.62	12.2	10.75	2279	50	1685
3.19	11.73	3.08	14.32	9.91	1816	50	1686
1.62	14.43	3.93	9.7	12.93	866	50	1687
2.83	15.13	3.39	10.68	13.65	1414	50	1688
1.47	15.15	2.69	9.77	8.67	1637	51	1689
2.38	13.96	3.11	12.3	9.13	1512	51	1690
1.92	15.73	3.13	11.65	9.73	1983	51	1691
2.63	14.21	3.34	12.8	9	1977	51	1692
2.66	15.61	2.78	11.58	11.09	2479	51	1693
1.2	16.24	3.3	11.42	7.96	1909	51	1694
3.5	16.68	3.35	10.19	10.51	1913	51	1695
3.54	17.57	3.48	13.21	9.38	1696	51	1696
2.43	14.77	3.41	11.05	9.61	1936	51	1697
2.62	14.89	3.19	11.56	11.56	1410	52	1698
2.86	13.9	2.53	10.11	8.42	1187	52	1699
2.14	18.33	3.26	12.03	12.24	1871	52	1700
3.81	16.72	3.57	13.96	11.77	1232	52	1701
3.76	15.99	5.8	11.6	9.87	638	52	1702
3.44	13.89	3.69	12.36	10.83	785	52	1703
2.14	16.27	2.91	9.98	10.1	1684	52	1704
4.43	18.32	3.61	9.96	10.91	2822	52	1705
3.7	15.63	5.49	10.62	9.31	838	52	1706
2.09	16.62	5.37	10.47	8.64	764	52	1707
2.94	16.52	4.37	9.83	11.54	1465	52	1708
1.69	13.66	3.09	13.66	8.54	2716	53	1709
2.58	17.1	4.26	12.98	8.87	2673	53	1710
2.18	15.9	3.11	12.35	11.42	2705	53	1711
3.29	18.87	2.17	13.7	11.02	5706	53	1712
1.28	16.34	3.18	15.84	8.58	2424	53	1713
2.69	16.56	2.95	16.93	8.73	3013	53	1714
1.86	15.44	2.28	15.81	8.44	1885	53	1715
2.27	14.79	3.94	14.89	6.78	2996	53	1716
2.26	16.58	3.88	16.07	6.99	2346	53	1717
2.21	13.2	3.81	12.41	11.14	2128	53	1718
2.91	16.97	6.3	13.45	9.7	1650	53	1719
4.03	13.61	4.12	14.51	9.45	2454	53	1720
2.62	12.4	4.78	13.94	10.09	1298	54	1721
2.85	11.4	3.24	12.33	12.17	1298	54	1722
3.07	14.09	4.04	11.02	11.99	717	54	1723
2.6	12.42	3.42	12.74	11.1	2190	54	1724
2.96	14.45	3.52	9.7	13.84	1958	54	1725
2.16	15.76	2.54	11.48	12.16	2360	54	1726
3.15	15.07	3.38	9.5	12.61	2157	54	1727
2.65	13.27	3.45	11.15	8.67	1130	54	1728
3.12	14.15	2.86	9.18	10.28	1187	54	1729
2.34	10.23	4.85	9.27	8.49	1154	54	1730
3.39	12.15	1.13	15.54	8.47	354	54	1731
3.57	15.32	3.53	12.51	12.93	2382	54	1732
3.7	15.36	4.62	13.28	9.24	866	55	1733
2.1	13.25	2.22	12.34	8.25	1758	55	1734
3.46	14.74	3.11	13.49	8.79	1445	55	1735
4.64	17.74	3.43	12.1	8.47	496	55	1736
2.8	12.36	7.25	11.86	7.74	607	55	1737
2.17	14.95	5.25	15.53	9.02	876	55	1738
3.22	13.64	4.66	13.9	8.9	1180	55	1739
3.61	13.68	5.41	12.93	8.42	665	55	1740
2.53	13.94	4.91	17.26	8.79	1263	55	1741
1.6	16.58	2.76	13.16	10.33	1375	55	1742
4.56	17.31	3.49	13.89	11.75	1404	55	1743
3.99	14.47	2.93	13.91	9.86	1603	55	1744
2.93	15.31	3.25	12.14	9.37	4611	56	1745
2.42	14.04	2.59	12.89	8.26	1816	56	1746
4.58	13.94	2.05	15.98	7.7	1026	56	1747
2.88	16.84	2.83	10.66	9.82	3433	56	1748
2.51	17.32	3.37	11.64	11.24	3025	56	1749
3.3	17.07	3.6	10.97	9.79	3392	56	1750
2.94	16.64	3.32	14.14	9.2	3402	56	1751
4.49	16.08	3.2	12.11	9.2	2848	56	1752
2.48	15.85	3.79	12.62	8.99	3059	56	1753
3.38	19.04	2.46	12.97	11.06	2721	56	1754
3.28	15.8	3.88	11.26	9.27	3507	56	1755
2.67	16.93	3.77	12.17	7.34	3107	56	1756
3.84	12.7	3.92	12.85	11.21	1276	57	1757
3.42	13.92	2.53	12.95	10.12	2371	57	1758
2.28	13.62	3.98	13.77	9.65	1358	57	1759
2.8	12.86	5.17	14.87	11.49	1392	57	1760
2.78	11.93	4.41	12.42	11.6	612	57	1761
2.83	14.1	3.69	11.8	10.56	3391	57	1762
3.52	15.93	3.35	11.01	11.94	2361	57	1763
3.59	13.14	2.52	10.66	12.62	2701	57	1764
2.5	15.16	2.94	11.77	8.76	1359	58	1765
2.1	14.27	4.09	10.78	7.98	1002	58	1766
2.94	13.24	4.41	12.71	8.61	952	58	1767
2.96	10.95	3.25	14.2	13.31	338	58	1768
4.21	11.9	2.47	11.9	11.9	689	58	1769
1.95	13.42	2.27	12.88	8.23	924	58	1770
2.26	11.96	2.37	11.29	10.95	886	58	1771
1.65	13.18	3.23	13.36	7.81	1639	58	1772
2.59	13	2.71	12.63	7.73	2470	58	1773
2.93	8.35	4.74	16.93	10.84	443	58	1774
4.48	13.92	3.84	12.48	9.76	625	58	1775
3.55	15.91	3.55	14.64	12.09	1100	59	1776
2.69	17.19	2.6	16.65	10.38	1117	59	1777
1.76	16.12	3.44	11	8.65	1191	59	1778
1.49	14.96	2.4	14.64	10.75	1544	59	1779
1.7	13.21	2.65	11.3	10.42	1469	59	1780
2.57	16.77	2.47	15.95	9.57	972	59	1781
2.61	14.82	1.59	12.02	12.07	2071	59	1782
0.67	16.04	1.35	11.73	11.05	742	59	1783
1.14	14.35	0.68	12.3	12.98	439	59	1784
2.02	14.11	3.41	15.5	11.94	645	59	1785
0.87	15.77	1.56	11.96	10.75	577	59	1786
2.67	14.31	2.89	11.35	9.38	3144	60	1787
2.57	16.4	4.81	15.58	8.53	1207	60	1788
2.15	13.71	2.84	11.12	7.05	2042	60	1789
3.23	15.92	2.45	13.7	13.36	898	60	1790
4.57	13.14	2.8	18.08	9.23	1073	60	1791
3.44	14.82	2.53	11.38	8.22	1424	60	1792
1.39	13.76	1.14	13.26	11.49	792	60	1793
4.08	13.1	2.21	15.22	6.97	1176	60	1794
1.8	11	4	12	7.4	500	60	1795
3.08	14.57	2.74	13.11	7.2	1167	60	1796
2	12.52	2.17	12.69	6.01	599	60	1797
1.95	14.43	3.2	10.22	7.57	1282	60	1798
1.4	17.96	1.8	13.37	7.98	501	60	1799
2.33	13.32	2.59	17.46	11.77	773	61	1800
2.59	13.41	2.53	12.9	8.87	1737	61	1801
2.61	12.5	1.51	15.38	9.48	1456	61	1802
3.42	15.76	2.87	16.77	8.46	1288	61	1804
3.33	17.1	2.38	12.83	7.36	421	61	1805
1.98	13.44	2.37	18.97	8.3	253	61	1806
3.46	16.09	3.31	13.08	9.92	665	61	1807
3.14	13.37	2.32	13.51	6.82	733	61	1808
1.97	15.49	2.36	19.69	6.56	762	61	1809
4.73	12.35	2.83	12.35	9.03	1628	61	1810
2.89	12.88	3.38	15.93	11.67	1833	61	1811
2.86	12.05	2.03	12.77	9.55	838	61	1812
3.22	13.12	2.23	12.31	7.53	2112	62	1813
2.79	16.25	3.36	13.1	7.95	2794	62	1814
2.14	15.85	1.95	13.75	8.92	2152	62	1815
2.38	16.72	2.56	10.19	9.68	2189	62	1816
2.76	12.36	3.9	12.93	9.32	1052	62	1817
2.15	15.34	3.54	11.45	8.77	3442	62	1818
2.51	14.26	2.41	13.58	9.4	2946	62	1819
2.18	16.34	3.08	14.8	8.04	2338	62	1820
2.75	15.7	3.67	15.03	8.33	2834	62	1821
2.82	13.26	2.96	13.54	8.87	1455	62	1822
3.33	12.52	6.34	12.84	9.03	631	63	1823
2.68	13.66	3.89	16.59	8.81	1567	63	1824
1.75	12.89	4.76	14.89	9.64	799	63	1825
2.04	15.1	3.27	14.56	8.44	735	63	1826
1.96	15.08	4.87	14.45	10.37	1273	63	1827
2.89	13.87	2.64	14.98	8.6	1175	63	1828
3.99	13.3	3.72	12.63	9.44	752	63	1829
1.34	12.92	2.68	11.41	10.23	596	63	1830
3.21	14.04	4.48	14.47	9.98	1182	63	1831
1.97	17.11	2.47	11.68	11.68	608	63	1832
1.93	17.1	4.31	12.4	11.63	1298	63	1833
1.57	17.71	2.88	18.36	8.33	2293	64	1834
1.76	15.51	2.36	17.93	8.6	1651	64	1835
2.57	14.55	2.81	16.16	6.46	2494	64	1836
2.57	18.48	2.14	17.07	8.08	1634	64	1837
1.87	17.01	2.56	14.98	7.42	2616	64	1838
2.68	11.53	2.58	14.02	8.05	1006	64	1839
2.17	16.31	1.21	15.01	5.98	2072	64	1840
2.48	16.34	2.77	14.12	7.04	2741	64	1841
2.4	14.04	2.06	13.22	7.95	2087	64	1842
1.33	15.97	2.85	12.74	8.68	1578	64	1843
3.09	16.96	2.99	15.83	7.16	2040	64	1844
3.76	15.18	4.79	12.45	9.87	1357	65	1845
2.99	18.33	4.68	12.54	9.17	1069	65	1846
2.19	14.83	3.46	12.77	10.97	1504	65	1847
1.94	17.33	2.65	10.5	11.72	981	65	1848
2.72	15.74	4.37	12.05	9.14	1029	65	1849
4.11	17.27	3.55	11.67	10.18	1071	65	1850
1.97	17.23	4.68	14.52	9.19	1219	65	1851
2.93	19.41	2.87	11.95	12.31	1674	65	1852
3.84	14.35	3.08	14.79	9.19	1589	65	1853
2.5	19.31	2.8	12.69	13.83	1678	65	1854
3.68	16.96	2.45	13.56	9.95	1468	65	1855
3.03	16.82	4.7	12.58	11.21	1320	65	1856
3.25	18.34	3.08	13.61	10.42	1756	65	1857
2.81	17.76	3.12	11.43	12.14	3980	65	1858
0.86	13.93	2.84	9.8	12.12	1163	66	1859
1.52	15.25	4.75	12.42	10.61	990	66	1860
1.54	15.56	2.65	14.79	10.09	1170	66	1861
2.42	16.81	2.85	10.19	12.89	1404	66	1862
1.77	13.96	2.6	10.63	10.52	960	66	1863
1.68	15.97	2.63	11.59	8.69	1484	66	1864
2.67	16.58	1.96	11.39	11.15	1273	66	1865
1.69	14.12	3.95	15.4	9.32	708	66	1866
3.14	15.1	2.3	8.91	10.27	2133	66	1867
1.03	12.65	1.18	9.56	13.38	680	66	1868
2.5	17.33	4.26	13.22	8.96	681	66	1869
2.15	14.55	3.89	10.76	9.63	976	66	1870
1.2	15.22	3.11	10.04	7.97	1255	66	1871
1.9	13.33	2.81	12.5	11.01	1208	66	1872
1.65	14.7	2.95	13.4	12.01	2306	66	1873
5.07	15.12	3.76	12.74	8.76	1382	67	1874
4.49	13.3	2.78	12.22	9.28	1293	67	1875
2.89	15.33	3.99	17.87	10.41	1729	67	1876
1.76	12.86	3.91	12.02	9.49	1306	67	1877
4.18	12.83	3.57	16.06	8.7	2322	67	1878
2.92	14.61	2.14	11.2	11.39	1027	67	1879
5.15	13.44	2.76	14.97	9.08	1630	67	1880
3.36	14.2	2.86	13.08	9.59	803	67	1881
3.4	13.44	5.61	14.31	9.33	1265	67	1882
4.71	16.29	3.5	15.95	7.81	1486	67	1883
4.25	13.7	2.63	13.82	8.25	1672	67	1884
3.67	12.03	3.23	13.35	8.07	1363	67	1885
1.72	11.16	5.98	12.47	8.22	986	67	1886
3.01	12.71	3.76	15.89	6.35	1196	67	1887
