2.05	14.65	3.01	11.25	9.81	1.41805813234385	2	2
2.44	14.46	4.75	12.36	10.52	0.94909793814433	2	3
2.22	15.05	2.9	11.03	10.3	2.00635593220339	2	4
2.17	13.83	2.77	13.04	9.78	0.382898221717745	2	5
1.7	13.88	3.18	10.64	7.75	0.981159420289855	2	6
2.69	15.62	2	10.54	9.46	1.51869158878505	2	7
2.85	15.81	3.69	12.36	13.96	2.02272727272727	3	8
2.52	10.81	2.7	15.23	9.83	0.520294023649728	3	9
2.39	14.88	4.03	13.99	9.15	0.655187835420394	3	10
2.23	13.68	2.88	12.37	11.45	2.88846880907372	3	11
2.54	13.82	2.72	14.08	11.54	3.21631205673759	3	12
2.46	13.59	1.77	12.68	10.47	2.75877689694224	3	13
2.05	12.7	2.87	11.34	13.39	1.44807121661721	3	14
2.96	13.29	3.86	12.63	11.33	3.62967430639325	3	15
2.19	12.55	5.09	13.61	9.13	1.75771604938272	4	16
1.86	14.04	2.69	13.36	10.96	2.62724935732648	4	17
4.13	12.24	2.77	13.29	12.94	0.977843426883309	4	18
3.11	16.19	3.2	11.44	13.5	2.91064871481028	4	19
2.24	13.62	2.9	12.09	15.11	0.777527366387637	4	20
1.93	15.19	3.92	9.34	14.31	2.25967540574282	4	21
3.74	17.49	3.74	12.77	12.04	1.67210884353742	4	22
3.58	14.55	3.36	12.65	12.21	1.97973950795948	4	23
3.2	15.87	3.79	13.5	11.25	1.92808219178082	4	24
3.25	16.55	3.53	12.2	16.89	1.43121335137573	4	25
3.36	12.97	1.84	10.33	7.77	2.15344827586207	5	26
2.45	11.62	3.09	12.43	10.1	1.08900190718373	5	27
2.79	8.13	3.03	13.32	11.96	3.59312320916905	5	28
3.03	11.68	4.69	11.82	9.73	3.48492462311558	5	29
2.96	10.99	2.12	11.21	12.27	1.31762652705061	5	30
3.77	10.63	3.77	13.79	10.27	1.65261044176707	5	31
4.67	11.16	1.75	12.91	10.07	2.21129032258065	5	32
1.8	13.1	2.29	12.07	7.98	2.05811623246493	5	33
2.63	10.22	2.67	12.72	10.6	0.84972972972973	5	34
2.48	11.21	3.08	12.03	9.23	2.36887921653972	5	35
2.91	13.54	2.73	15.22	12.38	1.12483660130719	5	36
1.25	12.5	3.59	11.56	7.5	0.404551201011378	6	37
1.6	9.77	2.19	13.41	11.95	0.794901506373117	6	38
2.48	12.1	3.35	13.39	8.21	0.482291666666667	6	39
3.04	14.16	3.96	12.18	12.33	1.5	6	40
3.25	14.94	1.95	15.58	10.61	0.50381679389313	6	41
1.41	10.83	2.83	14.44	11.15	1.08149405772496	6	42
1.95	13.32	2.13	13.85	10.3	0.959114139693356	6	43
1.78	11.09	2.72	14.44	11.4	0.877869605142332	6	44
2.04	12.02	4.54	13.38	10.2	0.253886010362694	6	45
2.7	12.46	3.32	10.38	9.35	0.745356037151703	6	46
1.74	13.9	3.95	15.17	10.11	2.25266903914591	6	47
2.83	11.3	3.48	11.09	10.22	0.980810234541578	6	48
3.51	13.2	2.45	13.37	10.7	1.31791483113069	7	49
2.33	12.58	3.68	13.18	11.12	0.931770468859342	7	50
2.76	12.18	1.95	13.6	10.35	1.66486486486487	7	51
2.26	12.39	2	14.1	11.05	2.44294826364281	7	52
2.45	14.79	3.42	13.92	11.68	4.91478696741855	7	53
2.48	12.38	2.12	15.47	9.15	1.64483532934132	7	54
1.86	10.7	3.01	12.13	10.46	1.70521172638437	7	55
2.7	12.15	3.46	13.49	10.16	1.5468940316687	7	56
3.56	12.89	3.48	14.33	11.17	1.29876796714579	7	57
1.98	12.84	3.02	15.25	12.84	7.82608695652174	7	58
1.86	11.16	1.65	13.68	11.51	2.0258199581298	7	59
2.38	13.05	2.5	12.99	9.64	5.00441176470588	7	60
2.93	11.82	2.48	15.32	11.94	1.4949494949495	7	61
2.34	15.72	3.7	14.24	12.82	1.02076777847703	7	62
3.02	15.12	3.26	12.88	9.05	2.04416666666667	8	63
2.63	12.09	2.63	13.15	8.81	1.285290628707	8	64
3.37	12.99	3.51	13.86	9.62	0.89031705227078	8	65
3.14	14.83	3.05	13.96	10.65	1	8	66
3.13	12.5	2.91	13.85	9.64	0.598902871894159	8	67
2.93	16.46	2.45	12.03	9.87	3.19502868068834	8	68
2.25	12.3	1.66	13.83	9.67	2.52272727272727	8	69
1.86	11.6	3.17	11.6	9.85	0.84708063021316	8	70
2.72	14.85	4.7	10.52	11.39	1.32242225859247	11	75
2.16	17.53	2.44	9.65	11.81	0.938434476693052	11	76
2.72	13.23	2.57	10.36	10.21	0.561237113402062	11	77
2.94	15.11	4.62	10.7	14.48	0.436755270394134	11	78
1.57	14.89	3.27	11.5	11.74	1.28062015503876	11	79
2.16	16.17	3.24	12.97	9.3	0.635603345280765	25	108
2.24	16.7	2.96	11.77	10.64	0.690187693038727	25	109
2.85	17.05	1.98	10.49	8.96	2.47210300429185	25	110
1.36	15.17	2.56	12.52	10.86	1.24424242424242	25	111
2.65	12.46	5.41	12.13	6.66	1.33609645817634	25	112
2.01	13.39	2.16	13.54	11.57	2.75975359342916	26	113
2.22	13.37	2.82	10.82	9.62	2.13466889259878	26	114
2.02	13.76	2.51	13.31	11.29	1.25238095238095	26	115
2.36	14.6	2.77	12.34	11.79	1.61780973451327	26	116
1.7	13.55	1.99	12.57	11.56	2.96749358426005	26	117
2.5	12.33	2.35	13.58	11.27	1.95291201982652	26	118
2.06	13.75	2.93	11.26	11.26	2.38504823151125	26	119
1.86	12.81	2.03	13.95	11.58	1.65956591639871	26	120
2.66	12.19	2.79	14.02	13.02	2.32725430597771	27	121
5.28	14.56	4.51	14.05	14.82	0.709972552607502	27	122
3.05	15.95	3.23	12.94	11.05	1.59913793103448	27	123
2.74	14.64	3.23	14.75	12.92	1.10595238095238	27	124
2.1	12.16	4.2	14.02	10.02	1.15878843506196	27	125
3.38	16.67	3.49	14.65	10.02	1.02170283806344	27	126
2.16	13.57	3.08	16.74	10.91	1.8033033033033	27	127
2.77	10.92	2.77	12.82	10.49	1.06851851851852	28	128
3.07	15.06	4.36	15.06	12.69	2.4609756097561	28	129
1.93	13.11	3.17	15.3	10.09	2.33010563380282	28	130
2.58	14.66	3.19	13.09	12.9	4.15359116022099	28	131
2.48	11.04	4.53	11.91	11.85	0.81290973272819	28	132
2.47	13.44	3.35	12.95	12.7	3.67098445595855	28	133
2.32	12.49	2.95	14.23	11.02	3.88360655737705	28	134
2.63	13.63	2.32	14.64	12.32	1.51904243743199	28	135
2.81	16.54	2.72	13.65	12.42	2.36656282450675	28	136
1.41	14.7	2.52	14.6	11.41	3.31111111111111	28	137
3.11	16.47	3.6	13.61	11.61	1.22075149444919	28	138
2.92	14.22	3.06	15	10.62	2.70165394402036	30	143
2.83	14.45	4.1	11.62	11.12	1.5186136071887	30	144
3.89	17.85	3.8	11.71	11	3.55088495575221	30	145
3.54	15.19	3.91	14.78	10.53	1.0015065913371	30	146
2.78	14.4	3.53	13.13	10.56	1.24402730375427	30	147
3.1	15.34	2.28	12.89	11.23	4.85382513661202	30	148
1.04	14.26	3.76	13.16	11.6	2.59327731092437	31	149
4.16	13.76	4.86	12.49	7.86	0.933117583603021	31	150
3.06	14.24	4.15	11.51	9.27	2.42781456953642	31	151
3.54	12.2	5.25	11.15	7.35	1.1651376146789	31	152
2.5	13.71	3.37	12.19	6.96	1.59826086956522	31	153
2.77	13.9	4.24	11.13	9.49	2.55411255411255	31	154
2.11	12.69	3.42	13.75	9.87	2.36428571428571	31	155
3.39	15.91	4.77	12.93	8.3	1.53993610223642	31	156
3.24	15.66	4.04	12.06	7.72	2.73092369477912	31	157
3.05	14.07	2.33	11.72	11.68	1.57677293428757	32	158
3.06	16.75	2.91	11.79	12.09	1.94718992248062	32	159
2.44	14.44	2.65	13.22	10.88	0.902731193100144	32	160
1.66	13.95	1.87	11.62	10.11	3.27614276768942	32	161
3.07	18.03	2.64	10.5	12.38	1.39088222878852	32	162
2.12	15.64	2.85	14.81	11.5	1.83925549915398	32	163
3.02	14.22	2.03	12.42	10.72	1.48467153284672	32	164
1.42	15.52	3.07	10.72	11.69	1.00300751879699	32	165
2.62	14.5	3.44	10.84	12.71	0.694343539180073	33	166
3.67	12.82	5.2	11.92	10.46	1.61771300448431	33	167
3.09	15.94	3.48	11.3	14.78	1.58742331288344	33	168
4.12	13.92	4.38	9.63	12.43	2.0212389380531	33	169
1.54	16.51	4.41	12.67	13.63	2.01937984496124	33	170
3.12	15.32	3.53	10.94	14.55	1.93490196078431	33	171
3.21	15.9	3.28	11.58	12.06	1.28379588182632	33	172
3.32	14.01	3.02	12.03	11.08	1.85007974481659	33	173
2.26	10.16	3.69	10.76	9.41	0.792014302741359	33	174
2.23	12.18	2.28	12.57	9.65	1.55744024672321	33	175
1.9	16.17	2.73	9.93	10.88	0.837459131247081	34	176
2.04	12.54	2.85	10.49	8.55	0.614173228346457	34	177
2.26	14.72	3.05	11.29	11.45	1.2175764614789	34	178
1.85	13.55	1.85	13.35	5.34	1.25192802056555	34	179
4.38	13.25	3.43	8.64	6.15	1.0889175257732	34	180
3.64	14.93	3.02	12.57	10.51	3.41981613891726	34	181
2.41	13.47	3.42	10.75	7.44	0.838247683235046	34	182
2.46	14.76	2.69	13.71	11.66	1.62416745956232	35	183
1.86	14.42	3.28	14.33	12.85	0.535969387755102	35	184
2.77	13.57	3.44	14.45	10.67	0.890559230306675	35	185
1.7	13.85	3.25	14.28	7.42	0.324615737554485	35	186
1.44	14.66	2.92	12.92	9.88	2.41894736842105	35	187
1.64	12.06	1.6	13.75	10.23	0.38654423450468	35	188
2.12	12.52	2.89	15.27	11.52	1.11430010070493	36	189
3.81	11.53	2.74	16	10.45	0.749068322981367	36	190
2.95	13.88	2.31	17.24	10.58	0.814413565708902	36	191
2.84	13.18	3.62	13.39	12.14	1.64098939929329	36	192
1.77	13.3	1.62	15.41	9.91	1.48650619985412	36	193
1.51	11.55	2.82	15.74	12.44	2.30952380952381	36	194
2	15.07	2.33	13.28	11.74	1.01307465204555	36	195
2.47	12.37	2.56	14.93	13.78	1.18410041841004	36	196
3.51	11.33	3.01	16.19	12.03	0.855122160308616	36	197
1.67	10.37	2.69	16.33	9.09	1.19677840661733	36	198
2.33	15.57	3.04	15.97	12.58	1.02761855132882	36	199
2.8	13.07	3.91	13.83	12.96	0.840239214011106	36	200
2.25	12.42	2.67	16.08	10.5	1.8957345971564	36	201
1.97	14.77	3.57	14.34	10.33	0.980728051391863	37	202
1.82	12.69	2.13	14.98	10.5	0.861173309449172	37	203
3.47	12.48	2.81	15.2	9.01	0.771904417089066	37	204
2.2	11.73	3.1	14.99	9.24	1.7473544973545	37	205
3.74	9.27	5.2	15.93	7.97	0.360703812316716	37	206
2.83	13.66	3.73	12.35	10.97	1.55639097744361	37	207
2.78	14.44	4.81	19.63	11.11	0.343949044585987	37	208
3.88	13.51	4.82	16.45	9.23	0.510936431989064	37	209
2.94	13.94	3.84	15.41	11.57	0.335406390735578	37	210
1.68	16.56	4.54	10.69	11.95	0.903409090909091	38	211
1.71	14.19	3.65	15.1	10.31	1.33055344958302	38	212
2.4	15.18	3.91	12.21	10.95	0.890799256505576	38	213
2	14.69	4.08	14.09	10.24	0.681841173495195	38	214
3.45	14.52	2.71	13.22	12.37	1.40699523052464	38	215
2.18	14.71	2.99	13.42	10.35	0.739390316796175	38	216
3.01	13.01	3.7	14	11.16	1.0453446191052	38	217
2.88	15.87	3.56	10.29	10.29	2.13114754098361	38	218
2.79	13.92	4.64	13.45	11.41	0.914681680381117	38	219
2.41	10.94	2.84	15.5	8.79	5.66341463414634	40	224
2.83	8.7	2.69	14.15	10.77	2.35227272727273	40	225
1.44	11.16	2.2	15.76	8.62	3.84346224677716	40	226
2.16	9.3	3.71	15.23	13.61	3.43518518518519	40	227
2.9	14.92	2.71	15.58	11.29	5.73863636363636	40	228
2.28	12.11	1.96	15.15	9.8	5.64090909090909	40	229
2.68	10.33	1.28	12.9	11.61	8.91044776119403	40	230
2.53	10.99	2.44	14.33	10.94	1.94155844155844	40	231
2.5	12.33	2.55	15.83	12.01	3.15771812080537	40	232
2.74	10.12	3.97	14.23	10.81	8.91463414634146	40	233
2.71	14.2	1.81	14.51	10.7	3.30099502487562	41	234
1.61	15.65	1.8	15.28	6.55	3.17469879518072	41	235
2.43	12.19	3.25	15.86	7.46	2.83082077051926	41	236
1.51	14.15	2.58	13.81	12.15	4.26763485477178	41	237
3.19	13.4	1.91	15	10.74	1.29655172413793	41	239
2.2	13.31	2.2	13.67	13.17	4.58441558441558	41	240
3.39	13.56	3.23	12.82	9.59	2.66161616161616	41	241
2.24	13.06	1.49	13.31	12.81	2.44376899696049	41	242
2.45	14.77	1.09	14.5	10.03	3.30630630630631	41	243
1.71	12.2	1.41	16.23	11.59	1.37969401947149	41	244
2.11	10.04	3.49	13.53	11.63	1.8995983935743	43	249
4.44	10.66	3.06	14.18	12.4	2.56880733944954	43	250
1.56	14.86	2.2	14.91	9.66	1.55983263598326	43	251
2.4	10.67	2.79	15.16	9.93	1.97931034482759	43	252
3.27	11.5	3.5	11.73	10.75	2.39641657334826	43	253
3.81	12.29	4.05	13.76	9.95	1.21311475409836	43	254
3.38	12.35	4.69	12.63	7.66	1.64472190692395	43	255
1.94	11.48	3.58	13.11	9.39	5.5	43	256
1.96	12.41	2.04	15.73	7.14	3.84313725490196	44	257
2.13	12.28	2.38	16.92	11.53	3.6605504587156	44	258
2.91	13.77	2.83	13.93	9.05	3.57887323943662	44	259
1.51	13.2	2.94	14.71	9.54	4.03205128205128	44	260
1.81	12.35	3.68	13.57	9.89	2.17084639498433	44	261
1.95	14.66	2.7	14.05	10.28	3.74390243902439	44	262
3.27	12.97	2.16	15.23	10	2.52855407047388	44	263
2.38	13.28	6.02	15.35	8.52	3.73770491803279	44	264
3.12	12.61	3.87	13.02	9.1	3.30564784053156	44	265
2.92	13.57	4.06	14.75	11.26	3.29166666666667	44	266
2.77	15.17	3.33	15.43	8.74	1.98369162342476	44	267
1.42	14.05	3.57	12.63	9.24	4.70666666666667	44	268
2.33	16.63	2.58	14.09	9.58	5.79022988505747	44	269
2.25	11.96	2.07	15.81	8.58	3.21714285714286	44	270
3.83	12.64	3.83	19.54	11.88	1.86428571428571	45	272
3.55	15.6	4.43	13.83	10.82	1.35576923076923	45	273
2.88	10.82	4.57	11.54	11.54	1.34193548387097	45	274
3.77	10.04	6.69	12.13	12.97	2.74712643678161	45	275
3.05	11.61	1.83	11.41	8.96	2.36057692307692	45	276
4.21	12.45	2.11	11.69	11.3	0.932142857142857	45	277
3.28	10.75	4.78	12.84	9.55	4.78571428571429	45	278
2.48	11.63	2.58	15.82	13.13	0.780672268907563	46	279
2.6	12.26	3.35	11.43	11.32	0.750541125541126	46	280
2.6	12.86	2.09	15.54	12.13	1.14921722113503	46	281
2.94	13.14	2.64	12.61	11.12	6.8969696969697	46	282
2.45	12.56	2.16	13.19	12.6	1.87004864489229	46	283
3.08	14.28	1.95	16.11	10.13	2.28726287262873	46	284
3.13	12.39	2.87	12.48	10.13	3.00261096605744	46	285
2.92	12.48	3.05	11.73	10.43	4.38827838827839	46	286
3.18	13.57	2.6	12.53	11.36	2.4251968503937	46	287
1.69	13.41	1.25	14.46	9.12	2.80559440559441	48	289
1.29	12.95	3.05	18.13	9.82	0.94392523364486	48	290
1.77	12.06	1.96	13.95	10.22	1.78774617067834	48	291
3.6	15.18	1.76	16.56	10.81	1.0147859922179	48	292
1.6	16.61	4.47	12.78	11.5	0.610136452241715	48	293
1.91	13.15	1.65	15.76	11.5	0.500954805856143	48	294
1.6	13.21	2.88	13.16	9.54	1.91530612244898	48	295
2.08	15.44	2.74	13.47	10.51	1.00109649122807	48	296
2.23	12.84	3.35	14.51	10.88	0.567581837381204	48	297
2.09	10.9	2.44	15.17	8.72	0.475736209041891	48	298
1.91	15.9	2.53	13.79	9.28	1.92509855453351	48	299
3.31	12.05	3.01	17.92	8.58	1.12162162162162	49	300
2.56	11.11	2.08	16.12	10.01	1.199121522694	49	301
2.25	10.96	5.06	11.24	8.71	0.582651391162029	49	302
1.31	12.03	2.05	12.68	13.91	0.816299265197061	49	303
2.07	11.7	2.07	11.88	9.47	1.57452574525745	49	304
3.32	12.12	2.63	13.98	9.96	1.00309837335399	49	305
3.61	10.56	2.54	13.64	8.42	1.58474576271186	49	306
2.06	13.07	2.41	15.6	10.89	1.86723768736617	49	307
3.7	9.76	5.92	15.68	10.21	1.03680981595092	49	308
3.07	10.32	3.49	17.99	10.18	1.45436105476673	49	309
1.99	11.12	3.09	10.69	10.02	1.71449275362319	50	310
3.43	10.89	3.79	14.32	12.48	5.83571428571429	50	311
1.79	11.24	1.91	13.4	12.08	1.96244131455399	50	312
3.78	12.08	2.67	12.82	8.3	1.02898550724638	50	313
2.14	13.66	2.17	14.57	11.45	2.34711964549483	50	314
3.48	14.01	3.48	12.54	12.06	2.43220338983051	50	315
3.28	13.7	3.97	12.46	11.22	3.31795716639209	51	316
2.42	11.36	5.2	11.58	8.06	1.47727272727273	51	317
3.6	13.03	5.13	12.75	7.48	6.77464788732394	51	318
3.65	11.76	3.65	16.16	9.26	6.1625	51	319
2.86	11.73	4.26	11.45	9.92	2.53003533568905	51	320
2.71	9.92	4.27	12.63	9.31	2.43261455525606	51	321
3.1	12.69	3.64	10.89	10.16	1.13880401571366	51	322
3.14	13.41	3.41	11.15	11.25	1.81818181818182	51	323
2.31	11.86	3.73	9.32	10.14	1.90482954545455	51	324
3.35	10.73	4.44	12.53	8.43	2.56336805555556	51	325
2.75	10	3.93	12.6	7.11	2.65534591194969	51	326
2.01	12.16	4.6	12.26	8.91	1.00869565217391	51	327
3.24	10.49	3.89	13.12	8.99	1.2769701606733	51	328
3.37	9.67	3.3	14.62	7.95	3.49214659685864	51	329
3.79	10.11	2.98	12.55	11.1	1.72317262830482	51	330
3.04	12.84	3.5	14.53	10.11	2.63885350318471	53	334
4.37	14.88	2.94	13.77	11.68	0.948019801980198	53	335
3.81	14.12	2.47	12.46	11.44	3.7473544973545	53	336
2.62	13.73	3.64	13.93	10.33	3.03088235294118	53	337
1.96	15.4	2.99	11.19	12.14	0.956783164223976	53	338
3.38	14.94	2.4	12.19	11.45	2.6469696969697	53	339
3.37	12.23	3.99	12.41	13.18	1.41710526315789	53	340
2.54	11.84	4.14	12.23	9.57	2.95838150289017	53	341
1.89	13.74	3.27	11.47	10.79	2.48764940239044	53	342
2.91	15.51	3.19	15.82	10.01	2.20101925254813	53	343
3.34	12.81	3.91	12.56	11.08	2.51867219917012	53	344
2.71	14.28	5.16	11.07	12.81	1.17925736235595	54	345
2.1	14.82	2.38	11.67	10.84	1.6085409252669	54	346
2.19	11.33	3.18	11.06	10.3	2.78190476190476	54	347
2.3	11.71	3.1	10.95	10.3	1.19966159052453	54	348
3.35	13.08	3.68	14.14	12.1	1.08798283261803	54	349
2.13	16.34	2.31	9.24	9.24	2.01071428571429	54	350
0.81	13.85	5.01	9.55	13.15	0.603866432337434	54	351
2.44	12.46	4.26	11.63	11.47	1.75729927007299	54	352
3.75	15.78	2.5	9.22	9.06	1.55717761557178	54	353
4.27	10.54	3.32	13.86	9.85	1.23950233281493	54	354
2.15	10.49	3.34	14.24	10.01	2.66772655007949	54	355
1.49	12.71	6.64	13.63	10.19	0.742978723404255	54	356
2.66	9.76	2.59	11.69	10.56	2.08587257617729	54	357
2.49	13.19	3.84	16.15	12.31	1.67154105736783	54	358
2.68	12.52	3.75	12.67	8.87	0.589485779948291	56	362
3.13	10.88	3.63	14.67	8.85	1.0178970917226	56	363
3.18	11.03	3.58	14.8	7.7	1.06451612903226	56	364
2.95	13.11	4.57	12.15	12.08	0.972779369627507	56	365
3.56	14.24	2.98	12.08	12.19	1.53998203054807	56	366
2.65	12.3	3.37	15.1	10.59	0.802582257392753	56	367
1.41	14.22	4.69	15	8.28	0.412105602060528	56	368
1.94	10	3.82	12.15	11.74	0.786885245901639	56	369
3.3	14.01	3.13	13.19	12.2	1.67741935483871	56	370
2.63	16.4	4.99	10.79	10.2	1.45906829488919	57	371
2.6	16.42	3.11	11.86	10.08	2.50715421303657	57	372
3.58	16.15	5.07	11.96	9.93	4.71337579617834	57	373
5.21	16.4	6.78	15.93	8.99	1.16117216117216	57	374
2.38	15.06	4.87	11.63	9.14	0.922841083290751	57	375
2.72	14.72	3.43	12.7	7.56	1.07011866235167	57	376
2.69	12.53	6.32	14.29	6.79	2.57228915662651	57	377
2.16	15.3	4.38	11.8	8.76	1.43503772003353	57	378
2.84	14.62	7.07	12.84	10.8	2.76008968609865	57	379
2.22	16.98	6.58	11.56	10.49	2.04174228675136	57	380
2.56	12.91	4.21	17.01	9.28	1.86939182452642	58	381
2.44	14.38	3.84	13.48	8.68	1.07225994180407	58	382
2.38	14.82	6.95	14.55	9.88	2.11411992263056	58	383
2.52	15.14	7.81	13.82	10.58	1.77398720682303	58	384
3.03	14.89	5.07	14.98	9.66	1.49754901960784	58	385
2.29	14.94	6.39	12.02	9.17	1.23202054794521	58	386
1.32	15.9	5.35	13.01	7.41	0.873381294964029	58	387
4.17	15.55	2.92	13.74	11.48	1.35677206229353	58	388
1.44	13.23	4.09	16.52	9.7	0.852358168147642	58	389
1.66	10.06	2.96	15.98	9.11	0.799432355723747	58	390
2.36	12.13	3.94	12.39	8.56	1.32199861207495	59	391
2.6	13.89	4.72	12.72	11.42	2.33546325878594	59	392
2.02	14.81	3.03	11.6	10.02	3.15680751173709	59	393
2.16	15.05	3.72	11.94	8.74	1.85852090032154	59	394
3.48	16.05	2.51	15.6	10.24	4.52949245541838	59	395
2.93	13.36	3.4	12.48	8.71	3.80176991150442	59	396
1.67	15.79	3.26	12.53	7.8	1.25574425574426	59	397
3.59	14.14	3.11	14.65	9.74	2.12220089571337	59	398
2.98	14.12	4.08	12.59	11.5	2.93589743589744	59	399
2.27	18.16	2.21	12.29	9.33	8.61931818181818	60	400
2.19	17.97	3.49	13.59	8.81	1.15249871200412	60	401
2.48	17.48	1.94	11.95	8.38	1.42438867438867	60	402
2.91	13.48	2.99	13.81	9.14	4.86254980079681	60	403
1.92	15.74	2.98	14.08	6.96	1.9021113243762	60	404
2.04	16.1	2.88	12.25	10.87	1.46309314586995	60	405
3.05	15.32	3.42	13.6	7.96	1.36340694006309	60	406
2.1	16.97	2.24	11.33	9.05	1.5550139275766	60	407
2.49	14.36	3.18	12.23	9.84	2.37825059101655	60	408
2.29	20.69	1.94	12.11	8.8	7.67543859649123	61	409
3.13	16.23	1.94	13.32	9.91	2.45589919816724	61	410
3.08	15.06	2.82	12.13	10.08	3.54679284963197	61	411
2.16	17.4	2.94	17.23	7.88	1.35404454865182	61	412
3.06	18.87	2.52	13.16	9.31	1.84478935698448	61	413
2.43	17.21	2.08	13.41	9.78	3.25333333333333	61	414
2.54	15.8	3.59	12.33	7.74	1.57463414634146	61	415
2.33	17.93	2.2	13.16	9.79	1.61782178217822	61	416
1.6	17.8	3.2	12.67	9.12	1.00354030501089	61	417
2.1	14.1	3.62	17.14	8.76	1.18243243243243	62	418
3.08	15.69	4.92	15.54	7.54	0.665983606557377	62	419
1.84	17.75	3.03	14.02	9.1	0.913865546218487	62	420
2.99	13.73	3.51	12.44	6.14	0.698378378378378	62	421
3.25	15.77	2.79	16.69	7.63	1.27154236060826	62	422
2.14	14.63	3.42	13.38	8.03	0.918715175352343	62	423
2.56	13.83	3.67	11.31	11.93	0.775784753363229	63	424
2	14.18	3.33	11.98	8.34	1.28976897689769	63	425
3.57	14.52	2.86	11.99	11.34	3.11511511511512	63	426
3.07	13.58	4.75	9.81	13.34	2.16821808510638	63	427
2.39	12.85	4.73	10.41	11.9	2.15130940834142	63	428
2.63	12.08	4.3	15.28	9.26	1.23248969982343	63	429
3.22	16.63	3.99	9.92	13.03	3.39736346516008	63	430
3.54	14.92	3.74	13.76	11.46	0.903341717570967	63	432
2.82	13.27	3.29	13.62	11.95	2.33514001806685	63	433
2.73	12.42	4.6	16.71	9.81	3.09021113243762	64	434
3.38	12.8	2.21	15.2	8.97	1.19394879751746	64	435
3.39	12.39	3.72	15.95	9.32	2.54945054945055	64	436
4.01	15.85	4.97	15.57	11.27	1.43621399176955	64	437
2.57	14.79	5.03	13.27	11.46	1.16	64	438
3.52	12.33	5.46	14.71	8.81	0.622258771929825	64	439
2.67	19.16	1.8	12.1	7.81	2.84401709401709	65	440
2.39	16.03	3.31	13.78	8.09	2.08810572687225	65	441
3.21	12.82	4.56	12.7	6.54	2.32378223495702	65	442
2.89	17.1	3.49	12.76	8.92	1.91047619047619	65	443
3.1	14.29	2.4	12.89	7.99	2.14346895074946	65	444
1.75	16.29	3.62	13.51	8.66	1.2425702811245	65	445
2.11	20.8	4.56	12.63	11.13	3.87833333333333	65	446
2.81	15.29	3.59	14.2	10.45	2.95391705069124	65	447
1.75	20.91	3.79	11.77	10.7	1.95437262357414	65	448
2.4	13.22	2.08	12.02	7.38	1.87692307692308	65	449
4.57	13.97	4.31	14.91	9.66	1.09433962264151	66	450
2.92	13.74	3.57	13.74	7.68	0.818423383525244	66	451
2.93	12.31	4.14	14.73	9.18	1.22952853598015	66	452
3.95	11.58	4.1	15.82	11.58	1.67772511848341	66	453
3.13	12.02	3.21	15.14	11.11	1.944	66	454
4.42	10.06	3.48	17.48	7.33	3.08405797101449	66	455
2.67	11.7	2.78	18.54	7.07	1.51669595782074	66	456
3.55	12.77	3.83	15.46	9.22	2.16257668711656	66	457
3.96	12.82	3.58	17.81	7.82	0.865415986949429	66	458
1.64	14.8	1.64	11.21	9.27	1.93913043478261	66	459
1.38	13.48	3.91	13.32	7.35	0.871829105473965	67	460
2.04	15.59	3.44	14.3	9.19	1.66219839142091	67	461
2.41	12.99	3.46	12.94	8.18	1.48182466143977	67	462
1.44	13.81	1.85	12.54	9.24	1.12915851272016	67	463
2.55	13.74	1.61	13.42	7.83	1.15923236514523	67	464
2.53	14.83	2.61	12.71	8.54	1.38534147695725	67	465
1.93	12.99	2.2	13.44	7.64	1.78205128205128	67	466
1.94	12.29	2.98	13.28	8.22	1.414696485623	67	467
1.7	13.34	1.82	12.17	8.43	3.10970996216898	67	468
2.68	13.26	2.6	13.59	9.98	0.545537757437071	67	469
2.72	14	3.26	11.76	9.53	1.82018618324351	68	470
2.52	13.76	3.01	12.38	9.9	1.8215527230591	68	471
2.65	12.81	2.57	12.47	8.75	1.8956780923994	68	472
2.57	15.4	3.16	11.58	10.06	0.920984759671747	68	473
2.07	14.04	3.56	11.33	8.19	1.04097452934662	68	474
2.63	13.45	3.99	10.95	7.89	0.71947496947497	68	475
2.77	12.47	2.98	13.91	7.98	1.33798174442191	68	476
3.17	12.63	2.81	12.17	8.57	2.14528795811518	68	477
2.77	11.54	2.61	12.73	7.99	3.04888268156425	68	478
2.35	14.63	1.93	15.14	9.34	1.48532167395378	69	479
2.72	15.55	4.12	12.67	9.02	0.68367889420521	69	480
4.7	15.7	3.87	13.07	11.52	1.92828685258964	69	481
3.27	13.81	2.78	12.18	9.54	2.03398791540786	69	482
1.91	14.69	1.91	15.86	8.34	1.97841171935235	69	483
3.07	13.47	2.3	15.55	10.19	2.76666666666667	69	484
4.38	16	3.4	12.03	9.33	4.13571428571429	69	485
3.62	16.14	2.65	12.37	9.58	1.38568588469185	69	486
3.83	13.26	4.61	12.59	12.69	0.877671668940428	70	487
3.06	13.42	4.02	11.72	11.72	1.77443056576047	70	488
2.39	12.9	4.73	11.68	11.25	1.73549359457423	70	489
3.62	12.28	3.31	11.83	9.42	1.13121476166069	70	490
2.69	12.56	5.49	12.7	10.83	1.08625196027182	70	491
2.4	12.16	4.99	12.44	11.19	1.66256725595696	70	492
2.7	11.72	5.69	13.41	10.85	1.17118644067797	70	493
2.36	15.7	3.43	10.91	11.15	2.16044531761624	70	494
2.18	14.95	3.78	9.95	13.78	1.13458056729028	70	495
2.75	13.79	3.59	9.8	13.73	0.633802816901409	70	496
3.34	13.98	3.65	10.22	12.28	1.33121916842847	70	497
3.88	11.3	3.49	10.97	12.23	1.88671472708548	71	498
3.87	12.69	3.93	12.75	9.91	2.44039735099338	71	499
3.9	14.52	2.83	14.14	11.25	2.21896792189679	71	500
3.3	12.82	3.53	12.48	11.13	2.50963391136802	71	501
3.08	13.41	4.77	11.53	11.05	1.9667458432304	71	502
3.38	14.44	5.94	12.21	11.01	1.88491446345257	71	503
3.1	11.39	3.05	14.45	10.17	7.07194244604317	71	504
2.13	14.59	3.67	10.05	13.62	1.78448275862069	71	505
2.79	15	3.56	10.54	13.61	1.913217623498	71	506
1.96	15.7	3.13	11.54	9.78	1.14373601789709	72	507
2.65	14.42	3.23	12.83	8.88	3.19414483821264	72	508
2.62	15.67	2.78	11.55	11.19	1.61331626120359	72	509
1.18	16.15	3.38	11.49	7.85	1.56375300721732	72	510
3.34	16.65	3.49	9.92	10.37	0.801438274071115	72	511
3.41	17.27	3.41	13.48	9.13	1.77020447906524	72	512
2.44	14.67	3.45	11.07	9.64	1.97791164658635	72	513
2.64	15.02	3.11	11.84	11.5	1.13343558282209	73	514
2.78	14.22	2.46	10.09	8.66	2.44466019417476	73	515
2.22	18.33	3.49	12.07	12.25	4.10428305400372	73	516
3.71	16.77	3.55	13.91	11.51	0.957100591715976	73	517
3.61	12.85	3.4	12.85	9.98	1.4811320754717	73	518
4.43	18.29	3.54	9.93	10.76	1.95760430686406	73	519
2.17	16.63	4.94	10.6	8.31	1.10666666666667	73	520
3.15	16.74	4.6	9.91	11.56	0.769580596260738	73	521
1.67	13.74	3.03	13.81	8.35	2.47418244406196	74	522
2.53	17.42	4.07	12.67	9.1	1.66428995840761	74	523
2.19	16.05	3	12.42	11.43	1.61722760981175	74	524
3.29	18.73	2.18	13.74	10.97	3.14712389380531	74	525
1.43	16.29	3.15	16.32	8.59	3.70653685674548	74	526
2.68	16.53	2.98	16.93	8.69	4.25457102672293	74	527
1.91	15.45	2.26	15.8	8.2	1.67679324894515	74	528
2.18	14.84	3.89	14.78	6.75	2.22675250357654	74	529
2.2	13.18	3.79	12.48	11.07	1.03531688437349	74	530
3	17.14	6.3	13.6	9.72	1.59287054409006	74	531
4.13	13.62	4.09	14.46	9.41	1.33936170212766	74	532
2.56	12.42	4.67	14.16	10.02	1.02945736434109	75	533
2.9	11.24	3.42	12.43	11.9	0.986784140969163	75	534
2.6	12.37	3.38	12.65	11.1	0.569422776911076	75	535
2.9	14.48	3.54	9.69	13.68	1.91125954198473	75	536
2.09	15.5	2.46	11.44	11.89	4.77299412915851	75	537
3.15	15.06	3.38	9.5	12.6	2.32543103448276	75	538
2.64	13.19	3.52	11.17	8.8	1.55540355677155	75	539
2.39	10.17	4.87	9.32	8.46	0.970149253731343	75	540
4.47	12.16	0.99	15.63	7.69	1.86574074074074	75	541
3.55	15.51	3.51	12.57	12.9	3.15721649484536	75	542
3.43	15.67	4.51	12.98	8.91	1.0554926387316	76	543
2.12	13.51	2.39	12.64	8.14	0.667270094134685	76	544
3.52	14.85	3.13	13.49	9.06	1.27810158201499	76	545
4.41	17.27	3.26	12.09	8.45	0.37294201861131	76	546
3.21	12.39	6.85	12.54	7.87	0.463200540175557	76	547
2.17	14.94	5.25	15.51	9.01	0.733277591973244	76	548
3.31	13.5	4.64	13.92	9.11	0.666850828729282	76	549
3.63	13.39	5.3	13.25	8.37	1.67915690866511	76	550
2.49	14.06	4.82	17.25	8.94	1.54131736526946	76	551
1.55	16.69	2.82	13.24	10.42	0.743455497382199	76	552
4.46	17.17	3.57	14.01	11.54	0.409679234665166	76	553
4.03	14.45	3.04	14.14	9.86	1.71671991480298	76	554
2.92	15.37	3.24	12.15	9.4	4.2557497700092	77	555
2.64	14	2.64	12.73	8.14	4.95549738219895	77	556
4.55	14.02	2.03	15.86	7.64	4.41880341880342	77	557
2.86	16.76	2.89	10.72	9.77	4.62727272727273	77	558
2.52	17.38	3.34	11.62	11.26	3.63376932223543	77	559
2.97	16.68	3.3	14.21	9.37	3.82247899159664	77	560
4.46	16.06	3.18	12.25	9.17	2.51304347826087	77	561
2.5	15.84	3.82	12.6	8.85	3.91342534504391	77	562
3.44	18.85	2.51	12.87	11.05	4.64776632302406	77	563
3.26	15.65	3.94	11.34	9.2	1.47672485453034	77	564
2.62	17	3.7	12.32	7.24	1.81295365717476	77	565
3.95	12.58	4.02	12.88	11.02	1.12010008340284	78	566
3.48	14.2	2.58	13.09	9.98	3.38973647711512	78	567
2.35	13.66	4.13	14.08	9.53	1.00644237652112	78	568
2.73	12.91	4.99	14.41	11.54	1.66174801362089	78	569
2.83	14.08	3.79	11.86	10.52	1.74074074074074	78	570
3.67	15.52	3.22	10.99	11.74	2.54242135367016	78	571
3.51	13.2	2.64	10.67	12.61	3.28538812785388	78	572
2.48	15.18	2.92	11.75	8.83	1.01256467110126	79	573
1.92	14.52	4.38	10.96	7.85	1.73534072900158	79	574
2.91	13.14	4.61	12.84	8.63	0.882300884955752	79	575
3.01	10.66	3.83	15.03	12.84	1.96774193548387	79	576
4.14	11.76	2.81	12.03	12.7	1.62962962962963	79	577
2.05	13.2	2.56	12.9	8.5	1.24142312579416	79	578
2.04	11.54	2.55	11.85	10.62	1.38472418670438	79	579
1.87	13.33	3.04	13.57	7.72	0.943708609271523	79	580
2.67	13.01	2.75	12.44	8	2.15780296425458	79	581
2.79	8.37	5.18	16.33	10.56	1.35675675675676	79	582
4.42	13.27	4.56	12.2	9.79	2.13753581661891	79	583
3.48	15.28	3.48	15.2	11.71	1.26530612244898	80	584
2.54	17.67	2.45	16.23	10.48	1.26795284030011	80	585
1.59	15.75	3.18	10.75	8.86	2.91611479028698	80	586
1.59	14.94	2.48	15.26	10.87	1.12840746054519	80	587
2.53	16.25	2.43	15.86	9.24	1.41403026134801	80	588
2.74	14.37	1.75	11.68	11.93	3.1637347767253	80	589
1.23	15.12	0.93	14.51	12.5	1.35281837160752	80	590
2.03	13.21	3.34	15.53	11.61	3.37745098039216	80	591
0.83	15.18	1.65	12.05	10.56	0.746305418719212	80	592
2.6	14.37	2.84	11.28	9.4	2.56339144215531	81	593
2.53	16.42	4.45	15.2	8.83	1.15719360568384	81	594
2.14	13.73	2.97	11.3	7.16	0.971617786187323	81	595
3.19	16.58	2.37	13.8	14.21	4.97948717948718	81	596
4.57	13.07	2.74	18.37	9.14	0.588172043010753	81	597
3.55	14.76	2.65	11.7	8.29	1.51957671957672	81	598
1.78	13.36	1.22	13.25	11.25	3.31365313653137	81	599
3.88	12.86	2.35	15.21	6.96	1.6524064171123	81	600
2.06	11.24	4.49	12.73	7.12	1.22758620689655	81	601
2.9	14.99	2.82	12.49	7.41	0.915867158671587	81	602
1.9	12.68	2.22	13.31	6.02	0.586976744186047	81	603
1.91	14.4	3.22	10.03	7.5	0.911374738311235	81	604
1.47	18.05	1.66	13.26	7.73	0.908026755852843	81	605
2.46	12.43	2.46	17.23	11.61	1.01668653158522	82	606
2.52	13.18	2.52	13.08	9.06	1.64695498676081	82	607
2.65	12.52	1.52	15.56	9.47	0.856009070294785	82	608
3.95	15.58	2.91	16.76	8.24	1.3713200379867	82	610
3.92	17.65	2.55	14.31	8.82	2.13389121338912	82	611
1.83	13.19	2.2	18.68	8.06	0.691139240506329	82	612
3.49	15.62	3.21	13.53	9.9	0.770139634801289	82	613
3.37	13.47	2.24	13.72	6.61	1.31907894736842	82	614
1.99	15.07	2.37	19.68	6.35	1.12622720897616	82	615
4.58	12.62	2.6	12.45	9.96	1.44954881050041	82	616
2.77	12.87	3.35	15.65	11.67	1.26388888888889	82	617
3.07	12.27	1.93	13.07	9.66	1.21379310344828	82	618
3.27	13.04	2.44	12.44	7.51	1.48426812585499	83	619
2.8	16.32	3.3	13.32	8.02	2.16654492330168	83	620
2.08	15.82	1.94	13.79	9.09	1.26327812678469	83	621
2.28	16.43	2.63	9.99	9.82	1.65722585330428	83	622
2.76	12.36	3.9	12.93	9.32	0.617370892018779	83	623
2.19	15.13	3.51	11.46	8.69	1.82191069574247	83	624
2.55	14.26	2.42	13.55	9.43	2.72486288848263	83	625
2.14	16.38	3.1	14.85	8.08	1.03950953678474	83	626
2.81	15.63	3.72	15.01	8.34	0.940235140431091	83	627
3.13	12.11	6.41	12.68	9.54	0.795918367346939	84	628
2.64	13.67	4.11	16.49	8.83	0.860686015831135	84	629
1.78	12.91	4.62	14.69	9.48	1.04197530864198	84	630
2.06	15.59	3.35	14.69	8.51	1.14623338257016	84	631
1.95	15.05	4.91	14.66	10.3	1.21747388414055	84	632
2.86	13.79	2.69	15.05	8.49	1.16797642436149	84	633
3.88	13.7	3.88	12.66	9.56	1.08100558659218	84	634
1.3	12.85	2.93	11.87	9.92	0.812417437252312	84	635
3.18	13.99	4.44	14.57	9.97	0.808395396073121	84	636
2.15	17.33	2.76	11.81	11.5	0.832694763729247	84	637
1.91	17.02	4.52	12.57	11.58	1.28610354223433	84	638
1.72	17.77	2.85	17.45	8.36	1.2474427666829	85	639
1.81	15.34	2.31	17.81	8.3	1.36459114778695	85	640
1.92	14.92	2.96	15.74	6.79	0.63215859030837	85	641
2.51	18.46	1.99	16.53	8.17	0.788539553752536	85	642
1.74	16.8	2.55	14.95	7.53	0.830073741583841	85	643
2.84	11.74	2.84	14.31	8.07	1.64156626506024	85	644
2.24	16.14	1.43	15.02	6.28	1.83237469186524	85	645
2.52	16.73	2.73	14	6.98	1.07341194370483	85	646
2.51	14.23	1.89	13.57	8.28	2.13345864661654	85	647
1.31	16.2	2.8	12.71	8.85	0.927745664739884	85	648
3.06	16.91	3.01	15.67	7.12	1.34166666666667	85	649
3.74	14.88	5.01	12.62	10.08	3.90633608815427	86	650
2.97	18.22	4.74	12.73	9.11	1.74675324675325	86	651
2.12	14.71	3.6	12.78	10.66	2.28299120234604	86	652
1.85	17.1	3.01	10.59	11.66	2.19871794871795	86	653
2.75	15.63	4.45	12.59	9.09	2.29067245119306	86	654
4.14	17.3	3.68	11.87	10.03	2.39955849889625	86	655
1.93	17.38	4.59	14.56	9.09	0.604866180048662	86	656
2.99	19.34	2.88	12.17	12.28	2.03425414364641	86	657
3.92	14.3	3.2	14.79	9.11	4.23785166240409	86	658
2.6	19.23	2.83	12.67	13.69	2.79304897314376	86	659
3.6	16.1	2.73	14.36	10.13	2.9907063197026	86	660
3.03	16.81	4.77	12.64	11.2	0.968475073313783	86	661
2.98	18.52	3.24	13.22	10.34	2.50515463917526	86	662
2.8	17.61	3.15	11.54	12.04	2.06970784213224	86	663
0.88	13.35	2.98	9.98	11.67	1.18720152817574	87	664
1.57	15.01	4.42	12.89	11.14	1.96739130434783	87	665
1.48	15.74	2.7	14.92	10.33	0.606663351566385	87	666
2.46	16.78	2.86	10.37	13.03	1.27478260869565	87	667
1.67	13.23	2.5	11.29	10.55	2.61743341404358	87	668
1.64	15.84	2.88	11.45	8.57	0.627257799671593	87	669
2.56	16.88	1.88	11.45	11.23	2.19338842975207	87	670
1.63	14.4	4.08	15.76	9.24	0.428155904595695	87	671
3.15	15.18	2.27	8.98	10.41	1.38259756877799	87	672
1.23	13.35	1.5	9.67	13.9	1.63111111111111	87	673
2.42	17.64	4.27	13.09	9.53	3.34761904761905	87	674
2.22	14.52	4.03	10.89	9.68	0.693706293706294	87	675
1.15	15.13	3.07	9.98	8.06	0.550528541226216	87	676
1.86	12.86	2.83	12.86	11	0.765945330296128	87	677
1.55	14.83	3.07	13.47	12.24	0.796507936507937	87	678
5.06	15.06	3.85	12.49	8.78	0.701895734597156	88	679
4.5	13.26	2.82	12.42	9.3	1.4841628959276	88	680
2.8	15.31	3.98	18.06	10.43	0.645079594790159	88	681
1.73	12.61	3.89	12.03	9.44	1.35812133072407	88	682
4.1	12.74	3.55	16.04	8.59	1.08195970695971	88	683
2.86	14.69	2.1	11.16	11.45	1.01256038647343	88	684
5.12	14.19	2.71	15.08	9.31	1.35514764565044	88	685
3.36	14.39	2.9	13.11	9.63	4.04694835680751	88	686
3.41	13.34	5.61	14.56	9.17	2.04496124031008	88	687
4.71	16.24	3.64	16.04	7.75	0.977331606217617	88	688
5.09	13.97	2.66	13.82	8.43	1.47811447811448	88	689
3.63	11.88	3.35	13.35	7.97	2.03267045454545	88	690
1.7	11.1	6.2	12.5	8.2	0.947867298578199	88	691
2.59	12.77	6.25	15.23	9.59	1.20287081339713	95	692
1.18	11.64	2.62	9.9	7.6	1.32289950576606	97	693
1.63	14.22	3.59	14.18	10.52	2.4037706205813	95	694
2.15	12.17	4.24	15.33	9.25	0.620281273131014	95	695
2.82	16	2.47	15.4	9.52	1.25550314465409	91	696
2.18	12.01	1.99	13.49	7.26	0.720499768625636	97	697
2.06	13.68	2.06	10.8	10.1	0.600281988015509	97	698
2.1	17.05	2.7	10.33	12.11	0.676980198019802	91	699
1.14	14.93	1.92	8.17	14.14	0.746408677807095	91	700
3.31	13.62	2.08	16.35	9.76	0.942557304611986	91	701
3.15	14	3.05	13.29	10.43	1.9059982094897	94	702
2.88	14.47	4.05	12.91	9.89	1.85465432770822	96	703
2.49	10.62	3.09	14.32	11.29	1.10160427807487	97	704
2.16	13.46	2.11	11.36	11.14	4.52380952380952	91	705
3.21	14.74	1.79	15.22	10.99	1.83657587548638	91	706
4.24	14.16	4.43	18.93	10.13	0.967349551856594	95	707
2.43	15.66	1.39	9.65	11.84	0.957411504424779	91	708
3.42	14.55	1.97	18.35	10.36	0.998944405348346	91	709
2.09	11.82	2.37	17.39	9.37	0.915355805243446	91	710
2.97	12.3	4.28	11.87	9.25	2.06528662420382	89	711
2.9	10.89	3.97	12.45	8.85	0.857011494252874	89	712
2.82	15.54	3.76	12.9	10.21	3.13955342902711	89	713
2.42	11.85	4.03	12.97	8.13	3.17322834645669	98	714
2.51	12.28	5.03	10.64	7.83	1.01273261508325	90	715
2.23	15.24	4.03	14.09	8.77	0.54357170769832	98	716
2.69	13.5	5.38	12.54	12.34	0.881037567084079	96	717
1.55	14.43	3.44	12.67	8.16	1.41368919500646	96	718
2.19	18.94	3.61	15.63	9.06	1.08519195612431	90	719
2.72	14.62	6.84	13.84	10.58	2.29642857142857	90	720
2.82	14.64	4.39	16	7.84	1.35481586402266	90	721
2.61	15.06	4	12.82	8.61	1.12934879571811	89	722
2.33	13.93	2.71	12.47	8.29	1.78260869565217	89	723
2.88	14.97	4.43	13.77	10.43	1.70023094688222	96	724
3.25	15.25	4.53	12.77	10.21	1.75280898876405	96	725
3.48	13.32	1.82	17.13	8.44	2.38905775075988	91	726
2.74	17.25	4.21	12.05	10.29	2.10852713178295	96	727
2.87	16.03	2.82	14	9.63	1.76281112737921	94	728
1.99	12.27	0.96	15.33	9.33	1.38412698412698	91	729
2.09	13.55	2.96	12.58	8.69	1.3921568627451	90	730
2.82	12.1	1.95	13.73	9.88	4.87566137566138	90	731
2.49	12.71	3.47	12.61	8.46	2.87359550561798	89	732
2.99	18.52	4.63	19.46	9.59	1.07329317269076	90	733
2.04	15.77	3.8	15.14	10.92	1.12609040444092	98	734
2.09	13.71	3.26	17.49	7.7	0.655821917808219	98	735
2.2	17.35	3.49	12.66	9.17	1.22048611111111	90	736
4.55	19.39	3.66	12.86	9.5	0.262733887733888	98	737
3.03	15.48	4.21	15.21	9.12	1.65663322185061	90	738
3.37	15.69	4.33	12.61	9.43	1.2779827798278	90	739
2.71	15.05	4.75	12.16	10.07	1.46453407510431	94	740
2.62	13.63	3.46	16	9.99	2.77171717171717	97	741
3.53	14.54	3.13	13.48	10.13	0.792207792207792	93	742
2.35	12.73	3.87	11.38	9.66	1.9562535053281	92	743
1.65	17.89	2.44	13.32	10.62	1.99365079365079	91	744
3.14	16.42	3.09	13.16	10.1	1.5	96	745
3.61	14.13	2.9	14.63	9.62	2.10625470987189	93	746
3.11	15.05	4.3	16.37	9.38	1.20431654676259	93	747
2.96	15.59	3	12.76	10.65	1.42155388471178	94	748
2.63	15.4	2.74	18.35	11.43	1.93964620187305	91	749
2.38	10.65	2	12.07	9.13	0.768444119795471	97	750
1.68	9.61	2.61	11.75	7.46	1.33002481389578	97	751
1.78	13.91	2.96	12.43	10.21	0.946778711484594	98	752
4.35	17.36	5.27	17.03	11.45	1.13962033067973	98	753
2.72	15.27	2.5	12.94	10.53	3.13556338028169	89	754
2.28	14.71	4.53	13.1	7.75	1.32555831265509	98	755
2.87	16.78	2	11.55	10.91	2.47234678624813	90	756
3.16	15.16	4.55	14.44	10	1.14710957722174	93	757
1.26	17.08	2.69	10.83	11.62	0.614674441205053	91	758
1.85	13.25	2.86	12.39	11.38	1.45493934142114	92	759
2.27	15.34	3.3	12.77	9.85	0.930993218986837	90	760
3.32	13.14	3.07	13.68	9.83	7.7887323943662	90	761
1.15	10.91	2.3	9.76	10.14	1.13870733478577	97	762
1.23	11.13	1.15	10.82	6.6	1	97	763
2.55	14.44	3.29	13.57	10.75	1.82029339853301	94	764
1.83	14.23	3.29	12.33	12.43	2.10313447927199	92	765
1.56	15.5	1.37	11.54	9.73	2.32650739476678	91	766
1.74	14.36	1.52	11.24	11.24	0.705731832139202	91	767
2.36	14.87	5.84	13.02	9.63	1.3021712907117	89	768
2.03	13.56	5.42	13.39	9.24	0.997464074387151	95	769
3.71	12.25	3.86	13.45	10.26	1.46061269146608	95	770
3.02	13.76	4.09	18.19	9.46	0.941250789639924	95	771
3.31	14.33	3.13	12.29	9.98	1.07666015625	96	772
2.87	11.95	5.4	15.86	5.98	0.488215488215488	95	773
2.93	13.25	3.54	13.65	10.01	1.38418474457663	94	774
2.94	17.18	1.96	16.81	7.73	1.0737812911726	90	775
1.65	15.15	3.15	12.51	8.09	2.42074688796681	90	776
2.16	13.66	2.39	14.42	10.53	1.56738437001595	92	777
2.8	15.64	3.52	13.06	11.15	1.90057864281957	93	778
1.78	11.76	3.11	11.58	11.25	1.81544359255203	92	779
3.51	12.64	5.12	13.85	9.38	1.08315217391304	93	780
2.82	16.94	3.79	14.41	8.77	1.2007136485281	93	781
2.9	12.6	2.79	14.21	10.2	6.54744525547445	90	782
3.72	15.26	2.57	15.78	10.48	1.16920943134535	91	783
3.11	16.35	3.11	12.6	8.45	2.18466898954704	90	784
2.57	15.27	4.35	11.32	9.1	3.78020134228188	90	785
2.7	14.3	3.19	11.03	9.93	1.97898140662894	90	786
1.37	11.6	1.65	12.86	7.79	1.04394299287411	97	787
2.19	17.02	3.64	12.75	14.52	1.12602579132474	91	788
2.21	14.93	2.08	17.45	10.02	1.08773132282385	90	789
3.51	13.71	2.31	13.86	10.68	1.33085896076352	90	790
2.83	16.68	2.78	13.81	8.92	1.12004018081366	90	791
3.2	16.24	2.84	11.53	8.82	4.62569832402235	90	792
3.23	15.42	3.18	12.95	10.04	2.231	98	793
2.42	15.21	3.08	13.53	11.93	1.1305114638448	96	794
2.4	14.6	3.21	11.96	8.46	1.73129562043796	92	795
1.83	15.19	2.43	10.64	11.7	4.57460732984293	92	796
3.13	15.35	2.98	11.08	8.91	1.40579710144928	92	797
3.48	16.39	2.17	14.22	10.19	1.0349593495935	91	798
2.77	13.24	3.92	14.72	9.99	1.11395101171459	94	799
3.77	14.32	2.13	13.16	8.66	2.22258064516129	94	800
2.5	15.54	2.54	16.12	9.78	1.20300751879699	91	801
2.09	11.82	2.37	17.39	9.37	0.915355805243446	91	802
3.49	11.9	2.16	13.23	9.54	1.25339087546239	97	803
1.81	13.7	2.8	14.01	10.9	0.68779443254818	98	804
2.4	15.06	3.57	12.86	8.31	1.15011202389843	89	805
2.86	13.83	4.59	14.19	10.94	1.06510003175611	96	806
3.21	13.81	2.74	14.05	9.76	0.606060606060606	90	807
3.65	15.79	3.65	16.22	8.59	2.58611111111111	90	808
2.31	17.47	2.76	13.45	7.13	1.17176470588235	97	809
2.87	12.29	2.87	12.09	8.23	0.806554756195044	97	810
2.53	16.83	4.41	15.71	7.52	2.79856759176365	89	811
1.75	13.15	1.62	14.83	10.23	0.831896551724138	90	812
2.55	12.92	2.73	13.19	9.55	1.28538011695906	90	813
1.81	12.84	2.15	12.82	9.78	2.41886269070735	92	814
2.78	16.13	5.25	16.56	8.22	0.861554845580405	90	815
2	10.87	1.72	12.58	7.82	0.801987767584098	97	816
1.85	11.11	2.29	13.14	7.23	5.61386138613861	97	817
1.64	16.3	2.4	11.63	12.82	1.95572207084469	91	818
2.21	14.91	2.71	10.75	10.3	1.68673780487805	91	819
3.03	14.79	3.68	13.38	10.78	0.531070195627158	91	820
3.7	10.62	4.62	17.09	10.39	0.310839913854989	91	821
2.44	13.16	7.66	12.2	10.27	0.723430447271235	89	822
2.2	15.03	5.18	12.92	9.4	0.984429065743945	98	823
3.36	10.64	4.37	12.79	9.3	1.42761265580058	89	824
2.01	15.23	1.92	9.96	12.22	0.302302049076651	91	825
2.21	12.47	1.81	10.66	10.66	2.35545023696682	91	826
3.18	14.09	3.15	11.85	11.69	2.15563298490128	93	827
2.58	16.64	4.05	14.61	9.82	2.4607250755287	90	828
2.92	15.59	5.39	14.92	9.64	1.26554464703132	90	829
3.07	14.5	1.74	14	12.18	1.60185799601858	91	830
4.28	16.25	3.18	18.16	10.27	2.27799736495389	91	831
1.92	13.16	3.65	14	12.55	3.61421319796954	92	832
3.52	14.87	2.37	13.66	10.96	2.58689458689459	93	833
3.2	15.38	3.01	14.52	10.36	2.82210242587601	93	834
2.27	13.5	3.24	13.15	12.12	0.45375	91	835
2.59	13.06	3.02	14.94	9.31	0.63630542660477	92	836
2.29	16.5	3.96	13.72	11.99	0.549966009517335	91	837
2.09	12.68	2.27	13.25	9.76	1.3659616330546	92	838
2.27	13.65	3.9	11.86	10.9	1.03301419610432	92	839
2.63	16.85	3.36	15.49	11.25	3.08258258258258	93	840
2.74	12.23	4.01	17.24	10.86	1.96768402154399	98	841
2.34	16.33	2.57	13.92	11.39	1.4760579064588	94	842
2.86	14.16	2.59	12.43	10.64	0.919877675840979	94	843
2.18	14.5	4.32	13.75	8.84	1.3720529039678	98	844
4.36	15.81	2.47	18.7	11.32	0.866013071895425	91	845
2.25	14.02	4.31	12.45	11.52	0.902255639097744	94	846
2.82	13	5.27	14.19	9.21	1.11473429951691	89	847
2.91	16	3.62	14.27	10.08	2.90838295923042	89	848
1.71	13	2.9	11.48	9.73	1.04329004329004	91	849
4.98	15.28	3.15	14.51	8.76	1.28906955736224	93	850
1.54	14.46	2.53	11.87	11.65	0.600131969646981	91	851
2.5	16.28	2.43	12.44	9.78	1.05098684210526	94	852
2.61	13.43	3.06	14.85	11.42	0.676084762865792	94	853
2.27	18.56	2.27	20.42	7.3	0.95431622663898	91	854
2.18	14.51	3.89	15.53	10.01	1.23539518900344	98	855
2.35	13.8	2.79	14.54	8.52	0.392281105990783	98	856
2.5	15.56	3.56	12.88	11.56	1.20300751879699	94	857
3.33	14.79	2.67	12.55	9.52	0.889967637540453	90	858
2.55	14.69	3.92	14.4	9.11	0.970532319391635	90	859
1.99	12.98	2.64	11.16	11.89	0.71078431372549	92	860
1.88	15.54	3.31	11.78	10.72	1.25063938618926	92	861
3.03	14.31	2.15	14.2	9.86	1.35658511192087	91	862
3.15	13.34	3.42	11.8	10.25	1.35022624434389	89	863
3.36	15.4	3.3	14.45	10.36	2.20221948212084	90	864
2.17	15.01	3.13	15.84	9.26	1.14641288433382	91	865
2.8	14.57	3.78	14.25	9.2	1.72940226171244	90	866
3.15	14.62	3.01	13.08	10.04	2.64204545454545	93	867
2.49	13.05	2.07	13.58	7.85	0.966171194259354	91	868
2.02	14.46	3.48	13.56	9.53	0.887654320987654	94	869
2.83	14.41	1.89	13.2	10.53	1.26089828269485	91	870
3.86	15.99	2.84	17.65	9.55	0.770566349731294	91	871
1.67	13.24	2.87	12.16	11.95	1.40409356725146	92	872
2.65	13.31	3.26	14.36	6.79	1.22530446549391	93	873
4.22	14.39	3.01	10.92	11.58	1.33014354066986	93	874
2.22	13.87	5.62	14.45	10.01	0.526008002462296	89	875
2.14	14.12	3.58	15.07	10.13	1.24884318766067	98	876
2.31	13.58	2.71	15.11	8.02	1.37297297297297	91	877
2.45	15.26	2.06	13.76	11.53	0.678895612708018	91	878
3.49	11.85	4	14.06	9.32	4.15458015267176	98	879
2.14	14.59	3.44	14.68	7.99	0.414005386687187	94	880
3.4	13.53	4.25	14.82	9.64	1.10618279569892	93	881
2.94	12.65	3.72	13.27	8.51	1.35723771580345	89	882
2.88	14.33	3.29	14.4	10.85	0.704533473906168	92	883
1.64	13.61	2.32	10.14	8.4	1.85	91	884
2.41	14.2	4.76	15.09	9.13	0.857065217391304	98	885
3.03	16.73	3.46	12.26	11.09	2.76759708737864	90	886
3.22	14.8	2.82	16.17	8.53	1.04103852596315	98	887
3.03	16.6	5.37	13.87	11.62	1.72390572390572	90	888
3.61	17.85	3.08	14.13	11.16	1.70471014492754	94	889
1.53	14.29	2.81	14.17	11.12	1.21891288160834	91	890
3.93	17.03	3.35	12.95	11.14	0.69079939668175	90	891
2.16	15.1	3.33	11.02	10.86	1.6699970614164	92	892
2.38	15.59	4.58	14.63	7.93	3.78333333333333	98	893
4.23	11.63	2.56	17.27	7.4	1.5633608815427	98	894
3.2	12.55	6.15	15.09	6.23	1.83584337349398	89	895
2.62	12.13	3.18	11.71	10.27	3.91394658753709	89	896
3.98	12.34	2.36	14.71	10.31	1.45001586797842	98	897
0.96	13.35	4.03	11.82	11.05	0.590805902383655	91	898
2.69	14.77	4.61	14.35	9.93	0.787193973634652	93	899
1.33	14.86	1.78	9.78	11.11	1.22578692493947	91	900
3.21	14.74	2.79	13.83	10.31	0.594020172910663	93	901
3.11	15.55	3.22	15.13	9.02	2.84111221449851	90	902
2.95	13.96	4.42	20.03	8.24	0.878141660319878	90	903
3.51	13.42	3.46	15.96	10.08	0.577703826955075	91	904
2.78	16.41	2.98	14.94	10.8	1.41601143674053	98	905
2.62	13.79	3.16	15.78	8.79	2.53259532595326	90	906
2.69	12.44	2.8	13.22	6.39	2.38636363636364	90	907
4.55	13.56	4.8	16	8.19	1.12229176697159	89	908
2.8	14.64	3.23	12.39	9.47	2.38925541941565	90	909
2.59	12.66	3.8	13.44	8.5	2.08679245283019	94	910
1.85	12.38	3.26	12.68	9.36	1.24635456638526	94	911
2.4	14.21	3.85	12.63	8.58	1.40521628498728	89	912
1.41	13.11	3.5	13.11	10.15	1.23402489626556	90	913
2.77	14.87	2.95	11.62	11.8	0.850052246603971	92	914
3.15	15.77	3.15	9.02	11.55	1.47304832713755	92	915
3.18	16.89	3.94	16.61	7.61	0.938311688311688	90	916
1.78	14.65	2.88	11.1	9.87	0.239500734214391	91	917
1.34	15.49	2.56	10.49	10.91	1.34646962233169	91	918
2.87	12.47	5.54	12.01	10.47	1.01142263759086	90	919
2.87	14.91	2.7	15.12	7.65	1.12286527514231	90	920
1.79	15.15	1.07	10.53	10.01	3.89905787348587	91	921
2.74	13.68	3.58	12.84	9.6	0.636055245941362	92	922
3.19	15.64	4.23	14	9.6	1.09857208659604	89	923
4.58	16.36	2.82	13.26	8.64	0.980636237897649	94	924
2.7	12.96	2.74	12.53	8.81	0.880386073767666	89	925
1.57	13.15	4.22	10.74	7.12	0.622138836772983	94	926
2.44	13.25	3.3	12.97	7.38	1.21815008726003	93	927
2.78	16.91	3.1	11.83	9.56	1.18554938007696	89	928
3.17	15.32	5.29	13.85	8.97	1.32560975609756	89	929
3.75	12.9	4.71	15.63	7.65	0.591441259588212	93	930
1.79	11.96	3.22	12.46	8.38	0.651727357609711	99	931
1.7	15.48	2.54	13.83	8.84	1.8219512195122	99	932
1.93	17.18	2.94	11.08	9.58	1.6443661971831	99	933
2.58	16.57	4.16	10.5	10.07	1.61202767429484	99	934
2.1	14.17	4.99	9.89	10.41	1.70089285714286	99	935
2.6	16.41	4.97	11.21	8.24	1.3496993987976	99	936
3.49	13.21	5.49	12.47	8.09	2.16211878009631	99	937
2.35	17.57	2.77	10.31	10.69	6.64597701149425	99	938
2.57	16.98	3.9	12.68	9.04	1.78339920948617	99	939
2.37	16.52	3.37	10.79	9.52	2.68542435424354	99	940
1.81	16.94	3.57	9.63	9.12	1.27713458755427	100	941
1.03	15.2	2.87	10.68	4.93	0.352387843704776	100	942
2.43	13.03	5.02	13.58	9.18	1.14671467146715	100	943
2.72	16.75	2.74	10.45	10.97	1.47899159663866	100	944
1.41	15.67	3.8	11.66	11.61	0.915590863952334	100	945
1.42	11.45	4.6	15.87	8.67	1.79555084745763	100	946
1.2	14.49	3.82	11.59	8.9	4.421875	100	947
3.21	14.54	4.63	13.31	8.03	1.29146341463415	100	948
2.46	14.72	3.08	12.21	8.83	0.988705473501303	100	949
1.93	13.1	3.66	12.61	8.67	1.62519561815336	100	950
2.35	14.35	4.41	11.61	8.54	5.97	100	951
1.35	13.61	6.66	10.23	7.63	0.564885496183206	100	952
2	15.06	3.48	9.25	10.77	1.52692867540029	100	953
1.85	16.93	3.16	12.18	10.74	1.41555426581544	100	954
1.96	14.6	5.14	12.69	9.74	0.664650740852737	100	955
1.87	15.75	3.61	11.6	9.91	1.31373725254949	100	956
2.37	14.81	3.78	10.71	10.12	1.09754877438719	100	957
1.54	13.55	4.46	11.32	10.98	1.28982300884956	100	958
2.81	15.65	3.49	10.29	11.56	2.49716874292186	100	959
1.99	16.57	3.98	11.78	9.5	0.745334796926454	100	960
1.96	15.28	2.87	12.54	7.93	2.62007168458781	100	961
2.66	16.06	3.35	10.63	10.85	0.666076487252125	100	962
2.53	12.94	5.06	11.53	7.74	1.25396825396825	100	963
2.6	11.76	4.58	13.37	9.53	3.43829787234043	100	964
2.02	13.67	4.6	12.04	9.33	3.60681818181818	100	965
1.73	14.12	4.71	12.3	11.72	4.08235294117647	100	966
2.13	13.91	3.74	13.39	10.17	0.974709155285787	100	967
2.37	13.01	5.48	12.36	8.27	0.531073446327684	100	968
1.39	13.01	3.24	12.19	9.2	0.87102552619794	100	969
2.79	12.3	3.55	11.72	8.84	1.10626992561105	100	970
1.81	12.69	4.46	11.72	9.83	1.12647289866457	100	971
2.09	12.88	2.25	13.03	10.01	0.626640738940204	100	972
2.72	12.87	3.31	13.12	8.76	1.79129129129129	101	973
2.97	12.8	3.02	13.21	8.28	1.08267326732673	101	974
1.92	12.65	4.91	14.42	8.51	1.00230591852421	101	975
2.57	14	2.51	12.5	9.3	0.695796920516022	101	976
2.03	13.97	3.04	12.76	9.67	0.556332347405216	101	977
2.98	11.45	3.59	13.01	10.64	1.71627906976744	101	978
2.53	13.05	4.39	9.74	11	0.882696390658174	101	979
1.79	12.05	2.18	14.35	9.56	0.963656800299738	101	980
2.25	12.51	2.85	15.44	10.74	0.844769021739131	101	981
2.93	12.15	3.09	13.65	11.03	0.585883822610868	101	982
1.83	13.81	2.57	13.32	7.94	0.991520290732889	101	983
2.57	11.45	3.29	14.17	7.85	0.53472412846555	101	984
3.34	13.58	1.98	13.19	7.92	0.348245959795034	101	985
3.02	11.98	4.15	12.54	9.31	2.38002436053593	101	986
2.56	11.94	3.93	12.32	10.41	0.776132035548032	101	987
1.35	11.39	4.14	13.5	9.11	0.810533515731874	101	988
2.37	12.26	3.68	15.21	7.47	1.49253731343284	101	989
2.18	13.11	4.66	11.51	9.61	0.653498334126606	101	990
2.41	12.12	2.93	14.05	9.48	0.874264087468461	101	991
2.52	10.9	4.35	12.05	10.49	1.23333333333333	101	992
2.87	11.85	2.71	11.06	12.27	0.851177254553532	101	993
2.72	12.79	3	13.3	10.15	0.63245931283906	101	994
3	12.15	3.34	13.31	10.21	0.838133874239351	101	995
4.33	18.07	4.83	13.09	10.05	1.37602739726027	102	996
2.21	13.47	3.93	13.35	7.99	1.05335844318895	102	997
2.11	15.76	2.87	14.25	10.05	1.29881293491609	102	998
3.46	13.27	3.33	15.37	7.78	1.81818181818182	102	999
1.33	16.51	2.33	13.66	8.57	1.79207383279045	102	1000
2.05	12.36	1.82	11.48	11.72	1.02803738317757	103	1001
2.26	12.15	1.85	10.74	10.24	5.33176838810642	103	1002
1.72	15.56	1.12	10.06	13.11	1.60372157133012	103	1003
1.35	14.53	1.82	10.09	8.87	2.82826948480845	103	1004
0.7	13.62	1.48	11.15	11.39	1.91116352201258	103	1005
1.18	12.65	1.71	11.52	8.81	0.905296950240771	103	1006
0.98	12.61	1.32	12.09	14.34	1.97610921501707	103	1007
1.86	17.43	1.37	10.44	12.46	2.33418367346939	103	1008
2.17	13.63	1.84	11.43	11.55	3.90297339593114	103	1009
1.58	14.29	1.64	9.17	12.9	4.19628647214854	103	1010
1.63	12.23	1.7	11.61	11.3	3.13592233009709	103	1011
1.2	13.13	1.93	12.67	11.27	0.540345821325649	103	1012
1.66	15.4	1.49	10.3	16.37	0.655288822205551	103	1013
1.84	15.18	2.39	8.57	10.1	1.38006756756757	103	1014
3.41	13.7	3.17	11.3	9.67	1.45005611672278	104	1015
1.7	12.85	5.22	11.09	9.2	2.00130548302872	104	1016
3.39	15.37	4.63	12.54	8.59	1.26428571428571	104	1017
2.72	14.24	2.33	12.37	8.41	3.15604575163399	104	1018
1.76	16.59	3.21	10.96	11.14	1.83148558758315	104	1019
2.54	14.02	3.58	15.48	10.12	1.6878474980143	104	1020
2.43	13.11	2.86	14.62	10.37	5.55384615384615	104	1021
2.74	13.98	1.91	14.33	6.53	2.82078853046595	104	1022
2.28	12.94	2.88	13.89	8.52	1.76363636363636	104	1023
2.35	15.88	3.82	12.44	10.64	1.26939058171745	104	1024
2.82	15.24	3.02	13.7	11.59	2.19808027923211	104	1025
2.36	14.13	2.36	13.37	10.9	1.19241573033708	104	1026
2.64	13.13	3.99	14.42	9.33	0.872591006423983	104	1027
2.54	16.19	3.4	13.34	10.71	2.45011737089202	104	1028
3.21	17.62	3.5	17.12	10.13	2.45964912280702	104	1029
2.28	13.89	4.22	12.92	7.85	1.12333099086437	104	1030
2.24	15.49	4.3	13.57	9.09	0.488300896566805	104	1031
1.37	12.79	2.53	13.87	8.74	0.724986904138292	104	1032
2.91	15.2	3.87	13.6	8.46	1.60499359795134	104	1033
2.46	12.78	2.52	13.51	7.99	1.05100064557779	104	1034
2.14	12.85	2.84	12.32	8.89	1.51542207792208	104	1035
2.68	13.38	3.18	14.97	7.64	2.09090909090909	104	1036
2.05	13.68	3.72	12.89	6.99	0.616456022697962	104	1037
3.63	15.68	5.4	14.53	9.7	1.17396184062851	104	1038
2.87	13.93	3.85	14.42	9.16	0.672866520787746	104	1039
2.89	13.58	3.42	12.29	7.15	0.792472740063313	104	1040
2.63	15.03	2.38	13.62	9.33	2.04495210022108	104	1041
2.65	15.11	3.35	14.35	9.52	1.04787412119183	104	1042
2.29	17.43	4.05	14.14	8.38	1.96078431372549	104	1043
2.37	11.25	2.18	14.14	8.54	0.92737676056338	104	1044
2.2	13.18	4.51	12.39	8.62	1.34878419452888	104	1045
2.95	15.73	2.98	12.97	10.45	3.26646403242148	104	1046
2.66	13.17	3.27	13.02	7.49	2.00909090909091	104	1047
3.66	10.87	2.92	16.43	6.68	4.24242424242424	104	1048
2.76	11.35	2.88	14.36	5.2	2.73584905660377	104	1049
2.03	14.39	3.5	12.33	6.23	0.522857542289948	104	1050
1.46	14.73	2.64	9.36	10.78	1.93087195600943	104	1051
2.78	15.69	2.99	12.23	13.3	1.30088987764182	104	1052
2.08	12.73	3.29	12.38	7.36	0.725047080979284	104	1053
2.75	15.06	2.87	12.06	9.47	0.725211815891917	104	1054
2.47	14.26	3.93	15.82	10.38	1.79686137750654	104	1055
2.41	17.68	3.67	12.07	9.14	2.60032188841202	105	1056
3.6	18.24	3.49	14.8	8.3	1.36965966690804	105	1057
3.27	17.21	4.62	13.26	10.06	2.75627906976744	105	1058
2.25	16.28	5.04	12.52	7.59	2.56386292834891	105	1059
3.24	16.01	3.17	11.67	8.06	2.63410301953819	105	1060
2.48	17.28	2.64	11.12	7.68	2.38549618320611	105	1061
3.92	16.47	4.21	12.72	9.38	2.12777284826974	105	1062
2.96	16.55	3.01	13.93	9.17	2.34090909090909	105	1063
2.2	15.07	4.49	12.26	9.84	5.96907216494845	105	1064
2.11	15.63	4.79	13.12	7.47	1.66952380952381	105	1065
2.38	16.7	3.27	11.66	11.76	1.88869665513264	105	1066
3	19.94	4.57	11.77	9.55	2.00277264325324	105	1067
3.95	19.33	3.74	10.81	8.42	1.97535934291581	105	1068
2.96	13.03	3.8	12.7	6.82	2.55428571428571	105	1069
2.5	16.97	3.59	12.62	10.01	1.86890243902439	105	1070
2.48	14.5	5.89	13.95	8.29	0.996908809891808	105	1071
1.89	12.89	4.25	12.56	7.71	1.49930747922438	105	1072
2.11	13.62	4.39	13.21	7.6	1.29337539432177	105	1073
3.07	15.7	3.63	9.78	8.87	3.19337016574586	105	1075
3.26	18.73	3.86	9.31	11.5	3.81869688385269	105	1076
3.39	16.74	3.77	12.44	9.28	2.28620689655172	105	1077
2.56	18.31	3.65	10.36	9.77	1.95567069660334	105	1078
2.67	15.8	3.02	12.14	9.07	1.97507100031556	105	1079
2.52	14.48	2.91	12.23	8.49	4.43336724313327	105	1080
2.98	15.27	4.13	12.42	9.8	4.51953690303907	105	1081
3.29	12.02	4.27	12.78	8.22	2.45276497695853	105	1082
3.05	15.33	3.09	11.65	9.68	3.04365620736699	105	1083
2.86	13.84	5.34	12.79	8.28	2.5906432748538	105	1084
2.98	15.78	3.93	14.45	10.27	0.677835051546392	105	1085
3.06	14.68	3.89	14.55	9.17	1.8152260111023	105	1086
1.66	13.74	4.06	12.13	9.69	1.2603025560772	105	1087
2.66	15.15	3.38	11.57	9.02	1.19180887372014	105	1088
2.26	15.86	3.91	14.18	9.18	1.63670015864622	105	1089
3.15	15.19	2.42	18.22	11.43	1.42307692307692	106	1090
2.36	13.19	3.81	17.15	10.44	0.513502935420744	106	1091
4.16	12.64	3.29	15.06	9.7	1.89034369885434	106	1092
0.87	11.08	0.29	13.27	11.81	0.841717791411043	106	1093
4.04	14.08	2.23	17.75	8.74	0.94468832309043	106	1094
4.19	12.99	3.98	16.44	10.92	1.6078431372549	106	1095
2.79	15.08	2.51	14.25	10.89	1.37692307692308	106	1096
3.11	12.69	2.68	14.34	10.4	1.25519287833828	106	1097
3.4	17.2	3.8	18.8	13	0.54525627044711	106	1098
2.66	15.94	2.93	12.64	7.85	2.36449963476991	106	1099
2.97	13.3	4.49	14.36	10.4	1.46149870801034	106	1100
3.02	13.95	4.56	15.48	8.65	1.11375346809354	106	1101
4.85	13.56	4.01	14.13	9.96	1.75159817351598	106	1102
2.81	16.61	1.85	12.67	10.41	0.700683117245225	106	1103
1.75	14.1	1.91	12.15	10.51	2.16497093023256	106	1104
2.78	13.13	2.86	17.26	6.82	1.09090909090909	106	1105
2.78	12.48	3.99	14.76	8.77	0.955040871934605	106	1106
1.8	12.15	2.12	14.76	9.87	1.30470914127424	106	1107
2.63	14.14	2.44	12.33	10.14	0.864250946457545	106	1108
2.49	14.84	2.15	13.7	11.55	1.48903878583474	106	1109
3.14	17.21	2.79	13.65	11.34	0.749607535321821	106	1110
1.62	13.18	2.83	15.93	9.62	3.31635388739946	106	1111
2.65	13.19	2.86	21.07	10.54	0.479264214046823	106	1112
3.74	14.12	1.61	18.96	10.06	0.788510421962379	106	1113
2.09	16.8	2.09	14.36	9.67	0.693877551020408	106	1114
3.98	15.55	2.49	14.51	10.56	1.23404255319149	106	1115
3.18	13.83	2.12	14.03	9.82	1.11818980667838	106	1116
2.6	13.57	2.65	13.05	8.58	1.55331179321486	106	1117
4.42	12.97	2.6	15.09	9.48	1.00295712173484	106	1118
3.06	15.79	3.15	13.7	11	1.16057642820381	106	1119
1.81	15.88	2.07	12.36	10.32	1.16290443942814	106	1120
4.26	15.75	2.09	12.75	8.83	1.51383399209486	106	1121
3.08	12.22	2.42	14.54	7.71	3.89699570815451	106	1122
2.95	15.28	3.25	9.69	11.13	1.35342019543974	106	1123
2.28	14.09	4.53	13.55	9.17	0.695781637717122	106	1124
2.77	13.11	2.83	13.11	11.02	1.04033290653009	106	1125
3.17	13.76	2.19	17.79	10.71	1.31491294473883	106	1126
1.82	11.6	1.18	15.13	10.59	0.802550779404818	106	1127
1.56	13.63	1.95	12.68	9.47	0.759815242494226	106	1128
2.28	16.49	2.07	15.16	11.79	0.760405549626467	106	1129
2.8	13.01	2.39	17.21	9.57	1.64491362763916	106	1130
1.67	15.59	1.57	19.71	12.65	0.671052631578947	106	1132
1.81	12.57	1.6	14.17	10.21	1.55675675675676	106	1133
2.5	15.31	3.64	13.45	9.6	0.593730141919085	106	1134
2.51	14.35	3.28	15.72	9.2	0.611497545008183	106	1135
3.4	13.03	2.87	17.86	10.63	1.25104853205512	106	1136
2.32	17.24	3.43	14.82	9.38	1.61827079934747	106	1137
3.46	12.59	2.05	14.48	8.03	0.408944658944659	106	1138
3.08	16.26	2.96	16.26	8.74	1.35442386831276	106	1139
2.59	13.63	2.15	15.29	9.39	1.04337276311799	106	1140
3.06	13.19	2.55	18.17	10.3	1.67647058823529	106	1141
2.57	13.73	1.77	13.37	10.8	1.18393536121673	106	1142
3.82	15.7	3.19	16.16	8.98	1.11354838709677	106	1143
1.55	15.37	1.78	13.98	10.28	2.07118412046543	106	1144
2.82	13.79	2.15	15.65	11.11	1.73217247097844	106	1145
2.32	14.1	2.42	15.45	9.82	1.0009826400262	106	1146
2.77	13.89	1.93	17.65	8.55	1.2606404539927	106	1147
2.73	16.34	1.43	14.56	9.84	0.873532752745172	106	1148
2.54	13.63	3.16	15.61	8.74	1.62048192771084	106	1149
1.91	13.97	3.21	14.35	9.77	2.35611510791367	106	1150
1.5	15.42	2	15.65	7.57	0.33835719668425	106	1151
1.52	17.43	1.58	13.2	11.29	0.617107942973524	106	1152
2.8	15.75	1.75	14.18	9.45	0.800186741363212	106	1153
2.1	12.99	2.23	17.35	10.07	2.07958251793868	106	1154
3.61	14.62	4.09	16.1	9.53	0.535510462904249	106	1155
2.68	13.14	2.36	13.71	12.25	3.34858044164038	106	1156
2.31	12.13	1.57	13.12	10.56	0.546725037885166	106	1157
1.85	12.39	3.91	12.3	10.11	0.929358922008983	106	1158
1.78	16.64	2.23	11.69	9.82	0.685740514075888	106	1159
2.76	18.62	1.83	15.49	9.81	0.517371861025112	106	1160
2.54	13.33	3.11	13.85	9.08	1.41973490427099	106	1161
2.69	14.39	2.3	13.78	10.69	0.926701570680628	106	1162
2.19	13.67	2.58	14.26	7.54	0.635632539437055	106	1163
2.12	11.78	3.13	15.7	10.13	2.39213197969543	106	1164
2.94	13.02	2.52	16.08	8.82	1.76588983050847	106	1165
2.49	15.16	2.49	12.31	8.04	0.822801302931596	106	1166
4.1	14.41	2.05	12.42	9.16	2.43830431491294	106	1167
1.08	17.35	2.24	10.27	8.03	0.642359498374361	106	1168
2.46	17.53	3.55	14.46	11.79	0.862363689949897	106	1169
2.25	15.54	3.8	15.54	9.8	0.669128508124077	106	1170
2.09	11.82	2.25	14.44	9.2	0.799828913601369	106	1171
1.26	13.05	3.6	14.64	9.62	1.51457541191382	106	1172
3.97	11.58	2.33	17.74	8.63	1.26079447322971	106	1173
3.6	12.94	1.95	12.94	8.68	1.02481840193705	106	1174
2.45	15.29	2.13	13.41	9.38	0.812403100775194	106	1175
1.74	13.65	1.79	14.63	9.95	1.45490506329114	106	1176
2.14	10.53	1.88	14.73	11.13	1.97631133671743	106	1177
2.24	11.99	2.35	14.79	10.83	0.910544217687075	106	1178
1.36	13.1	1.95	12.09	7.97	1.28082563824009	106	1179
3.05	14.2	2.21	15.53	9.77	1.98097601323408	106	1180
1.96	15.21	1.48	15.09	9.03	1.97014925373134	106	1181
2.02	14.04	1.69	13.91	10.49	1.40920983778127	106	1182
1.79	14.06	2.96	13.56	8.65	0.710096818810512	106	1183
3.49	13.06	3.08	11.88	10.34	2.62340425531915	106	1184
3.01	11.76	2.3	13.22	9.31	2.49530516431925	106	1185
4.02	14.97	1.72	14.8	11.53	1.04396347649645	106	1186
2.69	14.73	2.42	15.05	10.36	1.94663357120695	106	1187
2.75	16.01	2.53	14.01	12.16	1.00064405324173	106	1188
2.95	15.02	2.81	13.49	10.32	1.07869481765835	106	1189
2.32	14.07	3.43	13.97	9.28	0.574782608695652	106	1190
3.17	12.64	2.34	15.04	8.32	2.83480825958702	106	1191
1.21	11.14	2.26	12.83	10.41	1.09646017699115	106	1192
2.67	15.13	1.21	13.88	10	2.38568588469185	106	1193
2.35	13.42	3.33	12.67	11.87	1.18478260869565	106	1194
3.29	10.82	2.3	15.82	9.19	0.502604756511891	106	1195
2.76	12.33	3.05	12.08	8.16	1.64498806682578	106	1196
2.83	13.29	3.89	12.35	9.71	1.06174819566961	106	1197
2.68	15.99	2.71	13.06	9.41	1.86530366806975	107	1198
1.79	16.28	3.45	11.43	8.93	2.51124338624339	107	1199
2.77	14.51	4.09	13.77	8.99	1.22608695652174	107	1200
2.71	13.62	3.51	12.78	7.26	1.6619153674833	107	1201
1.99	15.18	3.69	12.15	8.77	0.917221418234443	107	1202
3.74	16.39	3.88	12.33	8.28	1.1304854368932	107	1203
3.12	14.71	4.48	12.32	10.92	2.11814345991561	107	1204
2.06	15.64	5.16	12.46	9.12	1.17498788172564	107	1205
2.61	15.42	3.72	13.6	8.54	2.5427135678392	107	1206
1.86	16.35	4.11	12.93	10.64	2.5472972972973	107	1207
2.85	17.32	3.37	12.6	10.22	4.87870619946092	107	1208
2.55	16.44	3.12	13.25	9.81	2.04310776942356	107	1209
3.66	14.9	5.08	12.35	8.95	0.674091843728581	107	1210
2.29	12.09	1.53	12.03	10.92	3.10382513661202	108	1211
1.55	9.74	1.38	12.66	10.11	2.09912280701754	108	1212
3.15	13.11	1.32	14.87	9.67	2.42451154529307	108	1213
2.68	15.61	3.33	11.69	13.7	2.22902338376891	108	1214
2.41	10.95	1.86	14.75	9.85	3.65687789799073	108	1215
3	14.65	2.49	12.34	11.31	1.43366093366093	108	1216
2.06	11.44	2.01	13.74	8.73	2.08934072704868	108	1217
2.21	16.48	2.02	9.68	11.76	1.47559499798306	108	1218
2.68	12.89	2.24	11.9	11.25	5.48073394495413	108	1219
2.92	12.9	1.4	14.14	10.01	3.96401308615049	108	1220
3.21	14.72	1.89	12.35	12.24	2.67397928092626	108	1221
2.95	11.7	1.57	11.35	10.76	4.6889400921659	108	1222
3.55	15.58	1.62	10.23	11.92	3.39784946236559	108	1223
3.54	14.2	2	14.77	12.83	2.8759244042728	108	1224
3.14	13	3.14	10.87	9.22	1.15012254901961	108	1225
3.29	12.13	3.32	12.95	11.21	2.2621776504298	108	1226
2.36	11.65	1.82	12.73	8.04	4.80681818181818	108	1227
3.38	13.54	2.07	15.14	9.73	3.06217616580311	108	1228
3.76	12.28	1.92	16.21	8.1	3.16666666666667	108	1229
1.79	13.1	1.65	11.01	11.72	3.75071225071225	108	1230
2.77	14.61	1.83	9.9	11.52	1.57174392935982	108	1231
2.22	13.09	2.85	11.18	12.69	2.98521126760563	108	1232
1.53	14.68	3.01	11.39	8.43	1.24133242692046	108	1233
1.73	14	3.16	14.48	11.25	1.76982829108749	108	1234
2.62	14.95	2.87	13.79	13.23	4.7948717948718	108	1235
2.83	15.94	3.21	15.94	10.37	3.32967032967033	108	1236
2.31	11.23	2.56	16.84	10.98	1.79306487695749	108	1237
1.84	13.39	2.98	11.52	12.64	2.86592920353982	108	1238
1.38	14.97	3.28	15.4	9.61	2.08980213089802	108	1239
1.9	10.28	1.84	17.56	8.55	6.64079822616408	108	1240
2.4	15.61	2.74	10.17	10.84	1.04322655345426	109	1241
3.11	12.54	4	13.21	10.58	1.4225173940544	109	1242
1.57	12.77	3.58	11.58	7.99	2.30464716006885	109	1243
2.28	13.59	2.69	11.47	9.32	1.31373597006948	109	1244
2.31	13.76	3.21	14.03	9.41	2.19033232628399	109	1245
2.4	13.84	3.78	11.47	9.62	1.25222112537019	109	1246
2.77	14.36	6.9	13.11	10.85	0.729183841714757	109	1247
2.12	12.73	3.71	12.47	11.67	0.734892787524367	109	1248
2.11	14.48	3.03	14.11	10.45	2.17429718875502	109	1249
2.64	14.24	2.24	14.99	10.56	1.51547169811321	109	1250
1.42	11.95	3.02	14.41	9.59	1.68819776714514	109	1251
2.74	12.49	2.44	15.72	8.07	1.70584415584416	109	1252
2.18	12.32	4.52	13.87	7.16	0.975878986099755	109	1253
1.73	13.75	3.73	13.8	11.85	2.05606407322654	109	1254
2.23	14.02	3.97	13.15	11.23	1.35485391140434	109	1255
2.67	12.27	3.63	13.6	12.09	2.09230769230769	109	1256
2.44	13.51	4.26	12.16	10.7	0.887915129151292	109	1257
2.73	13.7	3.23	11.86	9.07	0.800507614213198	109	1258
3.19	15.05	3.7	11.67	10.83	0.652567975830816	109	1259
4.76	11.99	2.38	11.2	11.79	1.03169734151329	109	1260
2.51	13.85	4.39	10.72	11.4	0.962678375411636	109	1261
1.74	12.56	3.56	11.8	10.51	0.764645776566758	109	1262
2.04	13.37	5.69	12.14	10.1	0.789987271955876	109	1263
2.79	13.08	3.65	13.12	10.9	1.53831775700935	109	1264
4.03	12.8	2.7	13.67	9.64	1.49263431542461	109	1265
3.59	15.5	3.98	13.31	11.27	2.01768488745981	109	1266
2.23	13.88	4.84	15.53	9.84	1.57190635451505	109	1267
2.81	13.26	4.5	11.9	13.59	0.457352941176471	109	1268
3.8	14.95	2.06	14.08	10.68	0.727272727272727	109	1269
3.29	12.98	3.11	15.22	9.11	2.20752269779507	109	1270
2.81	14.62	4.03	13.67	10.63	0.858257036283486	109	1271
2.78	13.19	3.09	14.12	9.34	2.18918918918919	109	1272
1.6	14.37	2.84	14.59	8.83	0.480210157618214	109	1273
3.1	12.83	4.92	16.13	10.77	0.707970762269405	109	1274
2.85	14.12	3.78	14.05	9.27	1.02037845705968	109	1275
2.84	13.94	4.04	12.12	9.66	1.35681669928245	109	1276
2.34	11.89	4.52	11.48	8.64	0.587112171837709	109	1277
2.53	12.41	4.17	13.79	11.68	0.770095931194178	109	1278
2.69	15.32	2.94	15.57	9.49	1.17596693238854	109	1279
2.7	12.27	4	13.25	8.88	1.14965259219669	109	1280
3.25	14.24	3.21	13.66	10.99	2.02745098039216	109	1281
2.75	15.2	3.28	16.03	11.12	1.78465679676985	109	1282
3.18	13.29	3.46	15.44	12.82	2.48488372093023	109	1283
3.94	13.95	4.47	14.75	11.93	1.54567901234568	109	1284
3.01	12.62	4.19	13.1	11.17	1.39580209895052	109	1285
2.8	13.66	3.56	10.93	10.56	1.33822784810127	109	1286
3.24	11.42	2.74	13.04	9.74	2.47265306122449	109	1287
2.42	12.37	3.2	15.76	9.53	1.209765625	109	1288
2.49	13.51	5.82	12.9	13.64	1.87921117502054	109	1289
2.86	13.92	3.58	12.12	10.56	1.96332335329341	109	1290
1.74	13.84	4.03	13.56	9.11	0.694350555287301	109	1291
2.49	14.06	3.96	13.87	10.67	0.615899252262889	109	1292
2.34	14.31	4.5	13.07	11.01	0.8552373479796	109	1293
2.77	12.99	3.92	11.43	10.69	1.70472895040369	109	1294
2.4	11.7	3.36	12.25	7.86	0.811247216035635	109	1295
2.44	13.23	3.79	11.84	10.31	0.777777777777778	109	1296
2.65	10.47	3.57	10.59	9.09	0.733952702702703	109	1297
1.68	13.21	2.37	12.89	8.47	0.726986128625473	109	1298
2.14	13.09	3.62	12	10.08	1.448798988622	109	1299
2.2	13.7	2.75	13.52	9.1	2.24667188723571	109	1300
3.2	14.05	2.83	13.49	8.34	0.983415968541631	110	1301
3.78	15.14	2.27	14.63	8.44	1.31236203090508	110	1302
2.28	13	2.37	13.05	8.37	0.748854262144821	110	1303
3.82	19.55	1.8	17.53	7.19	1.04705882352941	110	1304
3.28	15.02	3.28	18.6	8.07	2.21190320470896	110	1305
2.53	15.8	2.1	12.39	9.87	1.3943661971831	110	1306
2.49	12.63	1.79	14.8	8.1	2.14794520547945	110	1307
2.61	15.44	2.05	16.35	10.54	3.38170347003155	110	1308
3.14	15.33	3.21	17.93	9.55	1.66003787878788	110	1309
2.97	15.08	2.87	13.83	8.28	0.657634307257304	110	1310
2.88	12.74	2.74	13.34	8.5	0.904565172485024	110	1311
2.78	13.62	3.95	15.12	10.12	2.11647058823529	111	1312
1.95	12.52	2.93	15.1	8.98	1.18049869743208	111	1313
2.9	10.87	4.64	16.09	8.41	0.46716316858497	111	1314
2.38	13.72	3.82	12.97	8.27	0.922010398613518	111	1315
3.31	15.46	2.12	13.01	10.74	0.846977329974811	111	1316
2.09	14.31	2.77	12.29	10.41	3.67285531370038	111	1317
1.25	12.34	1.62	15.96	8.85	0.682553191489362	111	1318
3.48	13.69	1.74	13.01	8.72	2.25474586650337	111	1319
2.98	12.49	2.65	13.91	7.81	1.30735930735931	111	1320
3.83	12.62	2.63	15.19	8.28	4.73243243243243	111	1321
2.81	13.43	2.27	16.3	10.45	1.69021190716448	111	1322
1.85	15.7	2.49	15.03	8.31	0.922418879056047	111	1323
2.22	12.55	2.9	12.99	10.44	1.61410256410256	111	1324
2.36	13.8	2.23	14.06	7.24	2.45360824742268	111	1325
2.67	12.08	3.2	13.61	10.14	1.88776978417266	111	1326
2.06	13.46	1.58	13.18	8.89	4.04248366013072	112	1327
2.11	17.17	1.98	14.6	9.07	1.4858934169279	112	1328
1.85	15.34	2.93	10.55	10.19	0.784733441033926	112	1329
1.71	15.25	3.35	15.32	9.91	1.77594936708861	112	1330
2.35	15.7	3.39	10.32	9.48	0.867611475976495	112	1331
2.46	19.58	3.47	13.65	11.32	0.880337374802319	112	1332
2.69	17.58	3.3	10.57	8.75	1.02626123013131	112	1333
1.93	15.5	2.57	12.12	9.28	5.2683615819209	112	1334
2.61	14.92	2.53	11.85	10.15	1.2740232312566	112	1335
1.54	14.96	1.97	12.68	8.81	1.86238532110092	112	1336
2.82	14.25	1.97	14.84	8.45	2.9302752293578	112	1337
1.98	15.29	1.56	13.45	10.54	1.3625843780135	112	1338
2.49	17.73	3.51	12.12	11.93	0.98	112	1339
1.73	13.6	3.29	13	9.19	1.07951356407858	112	1340
1.69	13.86	2.23	12.81	10.71	2.82005141388175	112	1341
3.16	11.79	3.67	13.34	7.91	2.06027060270603	113	1342
3.33	11.93	2.83	12.21	9.1	2.40897325280414	113	1343
3.5	12.7	3.29	11.87	8.53	1.51472320376914	113	1344
2.8	12.72	4.86	14.32	8.41	1.91273018414732	113	1345
2.57	16.28	2.78	13.01	9.87	1.56202290076336	113	1346
3.18	13.33	2.73	13.4	7.79	3.08972392638037	113	1347
2.68	15.02	3.14	11.39	9.63	2.30944625407166	113	1348
2.83	12.51	3.38	13.44	9.13	1.69	113	1349
2.94	11.56	4.43	13.93	9.18	1.26461295418641	113	1350
2.53	15.83	2.65	10.87	9.83	3.87392900856793	113	1351
2.39	13.09	2.84	13.71	7.89	1.58791704238052	113	1352
2.69	14.7	3.04	12.49	9.44	1.71054398925453	113	1353
2.64	14.24	2.94	14.66	9.58	2.53734756097561	113	1354
3.12	11.41	3.96	14.84	7.08	1.26031957390146	113	1355
3.24	16.9	3.51	12.55	9.47	1.79518072289157	113	1356
3.48	15.89	3.19	11.81	10.64	1.970280452072	113	1357
3.14	15.3	4.69	12.12	9.67	1.09305993690852	113	1358
2.01	12.47	4.69	12.87	8.18	0.923267326732673	113	1359
3.06	15.99	3	14.09	8.74	2.47683706070288	113	1360
3.6	14.46	2.59	13.53	9.15	1.40750947295901	113	1361
3.72	14.72	2.89	13.86	8.57	2.39002732240437	113	1362
3.69	10.75	3.12	12.36	7.48	2.79941860465116	113	1363
2.87	14.58	3.37	12.07	9.74	0.988357457520453	113	1364
2.66	13.61	3.69	11.64	8.98	6.60330578512397	113	1365
1.89	15.58	4.17	14.96	6.34	1.30049261083744	114	1366
2.8	14.37	3.43	11.52	9.46	1.54404567699837	114	1367
2.43	15.67	4.39	13.71	8.28	0.632007073386384	114	1368
2.04	16.12	5.18	13.55	10.83	0.468267581475129	114	1369
3.06	14.32	4.43	16.56	8.66	0.558497011101623	114	1370
1.63	12.41	4.81	12.26	7.99	0.334631360332295	114	1371
3.23	15.8	3.27	12.65	9.95	1.97228464419476	114	1372
2.08	12.86	4.01	12.56	8.78	0.986930545182972	114	1373
2.66	13.48	4.57	14.55	6.9	3.54380165289256	114	1374
2.74	15.55	4.34	14.16	10.66	0.934479403178722	114	1375
2.84	14.78	5.05	11.23	9.17	3.05206073752712	114	1376
1.9	15.87	4.72	17.42	9.95	0.763388937664618	114	1377
3.08	16.1	4.64	11.04	9.83	2.62341772151899	114	1378
1.16	16.05	2.37	12.43	8.67	0.870428015564202	114	1379
1.85	15.37	4.86	11.12	8.26	0.972222222222222	114	1380
1.97	15.58	7.53	12.5	9.93	0.679860302677532	114	1381
2.73	15.75	2.87	14.47	8.25	1.19127693116132	114	1382
2.48	14.3	2.84	11.9	7.79	0.872777971418613	114	1383
2.17	16.83	3.44	15.86	9.35	0.891927951967979	114	1384
2.38	12.53	5.81	14.63	8.33	1.22555746140652	114	1385
1.58	11.85	2.59	14.06	9.08	1.89940119760479	114	1386
1.54	14.77	3.42	14.44	8.95	1.04790721129602	114	1387
2.33	17.29	3.64	14.52	8.64	2.02358722358722	114	1388
2.56	14.37	6	11.38	9.17	1.31098265895954	115	1389
2.76	15.91	2.96	16.25	8.29	1.43693379790941	115	1390
3.42	14.08	2.71	13.43	10.16	1.95359848484848	115	1391
3.34	12.87	3.39	11.6	9.39	2.15572033898305	115	1392
2.13	13.14	1.91	16.01	10.37	2.23809523809524	115	1393
3.11	14.62	3.35	14.72	9.76	4.17647058823529	115	1394
3.1	11.05	2.13	14.73	4.26	0.347240915208614	116	1395
2.32	12.57	6.89	15.72	7.63	0.907608695652174	116	1396
3.25	12.02	4.11	12.4	7.36	1.2556084296397	116	1397
2.02	13.79	5.12	12.15	7.36	1.62102473498233	116	1398
3.03	13.56	3.91	12.99	7.63	1.22660479505027	116	1399
2.9	12.76	1.9	14.76	8.26	1.15893271461717	116	1400
3.21	14.34	4.92	13.41	9.52	1.83824928639391	116	1401
3.07	15.16	2.45	13.56	8.11	1.23575129533679	116	1402
2.03	11.92	5.81	16.93	8.07	1.04163512490537	116	1403
3	15.38	4.89	14.2	8.91	1.30856553147575	116	1404
2.4	11.58	4.95	12.96	9.25	0.848578491965389	116	1405
2.81	13.19	2.69	12.39	9.17	0.650260999254288	116	1406
3.35	10.61	6.07	15.68	7.25	2.60141509433962	116	1407
2.58	11.28	3.54	11.28	10.31	1.38955223880597	116	1408
3.14	12.88	3.93	12.33	8.72	1.08432708688245	116	1409
2.18	12.75	4.1	12.75	9.38	0.847912087912088	117	1410
2.74	13.71	2.01	19.83	8.47	0.986473429951691	117	1411
2.57	11.67	3.95	14.55	8.85	1.60685483870968	117	1412
1.81	13.18	4.18	14.34	9.1	0.972602739726027	117	1413
3.38	11.66	2.99	13.52	8.08	2.19250425894378	117	1414
3.37	9.1	2.45	20.14	6.13	0.526089295320065	117	1415
2.09	13.72	2.79	13.23	9.47	1.4896265560166	117	1416
4.12	13.33	3	16.4	9.98	2.33768352365416	117	1417
2.71	14.65	3	14.59	7.35	0.803023145961266	117	1418
3.5	14.25	2.47	17.55	8.04	4.89855072463768	117	1419
1.47	12.59	3.26	16.12	10.06	1.01487491548343	117	1420
3.09	15.45	5.48	15.45	8.97	2.17570498915401	117	1421
2.26	12.68	3.13	13.21	9.9	2.88471177944862	117	1422
2.66	12.43	4.57	14.45	7.4	1.39403706688155	117	1423
1.08	10.6	4.14	13.42	9.03	1.50124378109453	117	1424
1.8	11.45	3.47	14.16	9.78	2.17039106145251	117	1425
2.25	14.37	5.16	16.4	11.3	1.79605911330049	117	1426
1.54	12.26	3.54	12.72	6.72	1.1889848812095	117	1427
3.15	14.12	3.95	12.43	8.23	0.487411487018096	117	1428
2.07	12.8	3.93	13.8	6.93	1.51057401812689	117	1429
3.06	13.35	4.83	16.25	7.56	0.502425222312045	117	1430
3.31	13.63	4.01	14.33	7.2	3.01343570057582	117	1431
1.87	13.44	3.27	12.61	10.9	0.997412008281574	117	1432
3.04	13.98	2.6	14.14	9.94	0.726032892097874	117	1433
2.59	12.55	3.46	14.13	11.59	0.770555990602976	117	1434
1.76	10.95	4.43	14.72	8.19	0.454925827310765	117	1435
2.53	12.67	3.3	14.61	8.54	1.5904404873477	117	1436
2.57	11.98	4.36	17.52	7.72	0.478899952584163	117	1437
1.64	12.76	3.58	14.93	8.81	0.59135039717564	117	1438
2.19	12.92	3.4	15.63	7.78	1.41151385927505	117	1439
1.85	10.96	2.89	12.74	8.89	1.11754966887417	117	1440
2.02	12.14	2.45	13.95	12.35	2.32425742574257	117	1441
2.16	12.22	3.24	13.55	8.81	0.982040816326531	117	1442
2.63	12.69	4.32	12.78	9.49	1.1048805815161	117	1443
3.19	13.05	4.2	15.15	8.67	2.06403013182674	117	1444
3.35	13.51	2.29	16.73	9.91	0.685350318471338	117	1445
1.6	11.66	4.15	15.01	8.52	0.857990867579909	117	1446
2.65	11.49	3.53	16.13	7.29	0.634876110331931	117	1447
3.59	12.8	4.93	13.25	7.88	0.925607476635514	117	1448
3.03	13.07	3.22	15.84	7.34	3.68883610451306	117	1449
1.89	13.58	4.23	13.22	8.36	0.306251721288901	117	1450
3.16	12.58	3.37	14.13	9.21	2.10502958579882	117	1451
2.6	11.2	3.76	18.42	8.67	0.877059569074778	117	1452
2.62	14.83	4.76	14.04	9.91	0.764705882352941	118	1453
2.4	14.36	2.66	14.93	7.46	2.31478770131772	118	1454
2.58	15.48	3.78	11.76	10.63	0.745423892100193	118	1455
2.55	17.47	4.94	13.84	9.55	1.52440033085194	118	1456
2.06	13.91	5.72	12.84	9.25	0.524424284717376	118	1457
1.83	13.8	4.39	11.33	13.07	1.83557046979866	118	1458
2.69	14.41	3.5	10.44	7.87	2.16161616161616	118	1459
1.66	14.56	4.89	11.63	11.38	2.19399785637728	118	1460
2.44	14.91	4.14	10.62	10.3	0.857249486844561	118	1461
2.45	15.46	3.02	11.77	9.8	1.1723368655884	118	1462
4.4	13.07	2.5	12.15	11.2	3.75862068965517	119	1463
3.79	12.37	2.9	14.16	8.25	1.63090909090909	119	1464
3.56	15.69	3.51	10.89	9.55	0.523230686115613	119	1465
3.02	13.46	2.24	12.91	9.75	2.30485232067511	119	1466
2.66	15.29	3.16	13.03	11.07	0.770688566013898	119	1467
2.77	13.71	2.21	13.04	9.45	2.45031446540881	119	1468
4.73	13.51	2.7	13.38	10.44	0.862817796610169	119	1469
3.05	13.24	3.4	12.83	10.25	0.740242844752819	119	1470
3.85	14.74	4.05	13.93	11.45	1.8210332103321	119	1471
3.26	13.46	2.64	13.72	9.83	0.871105919003115	119	1472
3.55	13.51	2.67	13.86	10.06	1.09414893617021	119	1473
3.11	13.93	2.89	13.8	10.23	5.50372208436725	119	1474
2.74	16.42	3.01	9.8	11.17	1.57430007178751	119	1475
2.57	16.98	4.11	10.91	9.85	0.656508954824913	119	1476
2.39	12.13	4.17	11.62	9.36	0.862239297475302	119	1477
2.34	15.08	3.72	10.6	9.61	0.842525533890436	119	1478
2.44	14.11	3.49	13.11	11.08	4.43698347107438	119	1479
3.67	12.3	3.67	14.75	11.83	1.66591166477916	119	1480
2.88	13.3	3.86	13.3	7.43	0.890769230769231	119	1481
2.34	14.41	5.52	13.45	8.55	0.794699969540055	120	1482
2.76	14.82	4.03	10.76	9.29	1.24512650352551	120	1483
2.43	14.53	3.94	11.41	9.68	1.9302436693741	120	1484
2.63	15.28	3.51	11.77	9.33	0.881103448275862	120	1485
2.47	16.51	3.45	11.34	9.8	2.53308823529412	120	1486
2.25	13.82	3.71	11.45	8.98	0.423337438423645	120	1487
2.77	14.04	3.13	13.68	9.41	1.67105822354441	120	1488
2.93	14.33	3.78	13.54	10.66	1.55142231947484	120	1489
3.01	14.04	4.14	13.56	8.1	0.956743002544529	120	1490
2.79	16.25	3.9	11.2	8.54	1.04245500692201	120	1491
3.4	13.07	3.4	13.67	9.59	1.32210998877666	121	1492
2.42	13.1	2.9	13.78	10.56	2.13655640373198	121	1493
2.89	12.2	2.8	14.43	9.32	1.91627172195893	121	1494
2.62	12.98	2.27	13.55	9.29	0.539196940726577	121	1495
4.18	11.97	2.71	16.02	10.1	1.22719825232114	121	1496
2.61	13.64	3.41	12.75	10.45	0.757972473984559	121	1497
2.46	14	3.05	16.86	8.26	0.883630047763786	121	1498
3.65	13.43	2.74	12.61	10.28	4.6	122	1499
3.04	13.99	2.61	14.81	10.36	3.88589743589744	122	1500
2.9	13.84	2.28	12.92	10.28	1.39949537426409	122	1501
3.64	14	2.83	14.93	9.38	0.991279069767442	122	1502
2.51	14.04	2.72	12.31	9.93	2.11307189542484	122	1503
3.66	12.99	3.33	14.19	8.84	2.77155824508321	122	1504
4.16	14.53	2.56	14.29	14.16	8.7274011299435	122	1505
4.11	13.53	4.44	11.21	10.42	3.52708638360176	122	1506
4.18	12.7	2.67	12.2	9.17	2.33781307269395	122	1507
2.95	13.82	3.22	13.92	9.09	2.69864253393665	122	1508
2.98	12.72	2.78	14.03	9.54	1.52116082224909	122	1509
4.12	13.35	2.98	11.65	10.37	1.43589743589744	122	1510
3.11	13.24	3.92	14.05	8.46	2.90744920993228	122	1511
3.06	14.13	3.89	13.3	9.33	1.33350125944584	123	1512
4.08	17.23	2.37	12.46	9.59	1.66857142857143	123	1513
3.14	15.23	2.63	12.61	8.08	0.882084095063985	123	1514
2.42	16	2.12	10.73	9.03	3.17919075144509	123	1515
2.33	13.15	2.29	12.63	8.28	1.30963665086888	123	1516
2.63	14.79	5.01	12.08	8.69	1.51655251141553	123	1517
2.98	16.45	3.93	12.03	8.6	1.02035676810073	123	1518
3.21	17.1	3.74	15.34	9.31	1.55397390272835	124	1519
3.36	15.3	1.95	11.74	11.61	1.66853303471445	124	1520
3.67	14.23	3.52	11.84	9.96	1.10880398671096	124	1521
2.55	14.37	3.33	14.51	11.89	1.15158924205379	124	1522
2.37	15.09	2.84	11.57	11.93	1.0382096069869	124	1523
3.41	15.64	2.57	13.7	8.9	1.7635687732342	125	1524
3.18	15.32	3.82	16.01	9.4	2.26748057713652	125	1525
3.74	14.66	3.4	15.8	9.45	3.23369565217391	125	1526
1.77	17.19	3.77	13.87	9.48	2.05119453924915	125	1527
3.34	15.32	2.67	16.97	9.31	2.0007513148009	125	1528
3.93	15.38	3.68	18.22	7.49	1.59663865546219	125	1529
2.82	14.46	3.49	13.81	9.25	1.51860465116279	125	1531
4.08	13	4.02	15.01	9.28	2.88737201365188	125	1532
3.56	12.78	2.71	13.91	9.5	3.34848484848485	125	1533
3.52	12.12	3.93	15.43	6.29	1.61133333333333	125	1534
4.63	13.4	2.42	13.65	8.11	3.04327808471455	125	1535
4.13	15.86	3.95	15.07	9.17	4.20840950639854	125	1536
2.57	14.96	3.81	13.37	9.34	1.86232481450948	125	1537
2.37	15.33	3.16	14.58	10.45	1.65675193337299	125	1538
3.57	13.98	2.61	13.62	9.01	2.79675810473815	125	1539
3.88	15.53	4.42	14.1	10.99	2.55572519083969	125	1540
3.84	16.51	3.56	13.92	8.05	2.15909090909091	125	1541
3.56	12.81	4.06	14.69	9.38	5.73476702508961	125	1542
3.41	14.53	3.06	14.46	9.21	2.99583333333333	125	1543
3.92	16.6	3.46	14.6	9.03	2.43632958801498	125	1544
3.47	15.76	2.8	17.26	8.61	1.85838150289017	125	1545
4.29	12.86	3.22	15.86	9.81	3.22279792746114	125	1546
2.42	17.3	4.08	15.1	10.58	1.73850574712644	125	1547
3.59	15.15	3.23	17.63	9.44	3.02290076335878	125	1548
3.6	16.1	2.75	14.72	10.07	3.21220400728597	125	1549
1.86	18.58	4.04	12.28	11.39	2.27155963302752	125	1550
3.78	13.34	6.4	18.97	9.87	1.28543111992071	125	1551
3.48	15.32	3.41	16.2	10.2	2.37869822485207	125	1552
2.64	15.27	2.96	15.54	10.03	1.06842105263158	125	1553
4.72	13.54	3.4	16.06	8.82	1.99748427672956	125	1554
2.85	15.12	4.12	14.27	10.08	1.93968253968254	125	1555
3.57	13.71	3.98	15.08	8.67	1.28153153153153	125	1556
4.39	16.91	3.03	15.77	7.79	1.31856077226854	125	1557
3.57	16.36	3.29	14.93	10.36	3.46016483516484	125	1558
2.78	13.2	3.91	13.2	9.63	3.00170068027211	125	1559
3.37	15.08	2.64	14.01	9.38	4.22902796271638	125	1560
3.48	14.54	4.18	16.11	9.84	2.1190036900369	125	1561
3.32	13.41	4.04	12.29	8.3	1.64866863905325	125	1562
3.44	13.43	4.09	12.45	8.55	1.69448818897638	125	1563
3.54	13.3	4.29	16.57	7.13	1.61471861471861	125	1564
3.76	15.32	4.89	13.72	8.09	3.38129496402878	125	1565
3.09	14.09	2.29	14.82	8.15	4.48123980424144	125	1566
2.71	14.1	5.02	15.39	8.14	2.75700934579439	125	1567
2.4	19.35	4.35	11.82	10.93	4.05656108597285	125	1568
3.31	14.6	5.1	18.08	9.17	1.64758497316637	125	1569
2.3	14.93	4.91	17.34	9.04	1.75873886223441	125	1570
2.77	12.36	3.46	16.96	8.38	1.05583195135434	125	1571
3.25	14.13	4.2	13.9	8.74	2.76589147286822	125	1572
3.91	13.65	3.91	13.93	7.28	4.06666666666667	125	1573
4.26	16.27	4.4	16.62	7.26	1.45086119554205	125	1574
2.65	14.88	2.97	14.92	9.67	2.26225045372051	125	1575
2.63	18.59	4.27	16.92	10.1	3.40671641791045	125	1576
3.57	12.69	2.62	14.37	6.4	2.20973348783314	125	1577
1.12	12.29	2.65	13.35	11.47	1.11183780248528	126	1578
2.66	15.59	3.71	11.88	8.95	2.36326109391125	126	1579
3.04	12.04	4.64	11.81	8.94	2.57988165680473	126	1580
2.34	14.15	4.14	14.9	8.29	0.696988322065151	126	1581
2.6	14.69	2.89	11.28	8.5	0.517200119653006	126	1582
2.68	13.41	3.21	11.14	6.47	0.737634408602151	126	1583
2.56	12.82	5.47	11.79	6.32	0.702702702702703	126	1584
1.83	13.61	4.79	11.37	8.46	0.802453987730061	126	1585
2.62	13.87	5.24	10.1	9.72	1.56713426853707	126	1586
2.08	14.37	3.03	11.68	7.66	0.944035947712418	126	1587
1.61	14.87	3.12	13.88	6.97	1.39651416122004	126	1588
2	12.01	3.62	10.58	8.29	1.60152671755725	126	1589
2.27	14.13	4.2	13.05	7.43	1.10887350534928	126	1590
1.13	10.01	3.67	9.87	8.89	1.35823754789272	126	1591
2.75	15.23	1.99	11.32	8.42	0.835677749360614	126	1592
2.66	13.87	2.99	10.32	7.24	2.04	126	1593
2.02	12.03	4.36	12.99	8.96	3.20984455958549	126	1594
2.67	14.77	3.39	13.1	8.16	1.41033672670321	126	1595
1.43	10.69	4.04	11.08	8.47	3.2092050209205	126	1596
3.78	16.66	2.16	10.72	11.42	1.96142208774584	126	1597
3.59	14.13	4.05	12.36	9.69	1.55861456483126	126	1598
2.33	14.95	4.9	11.9	8.2	0.734356552538371	126	1599
3.87	10.77	7	11.05	7.27	3.05056179775281	126	1600
2.33	15.29	4.73	11.24	7.99	0.465541893051187	126	1601
4.38	12.59	3.21	13.3	8.04	0.945147679324895	126	1602
2.58	15.09	3.79	12.35	7.59	0.776315789473684	126	1603
2.4	11.54	5	11.84	6.94	1.81894150417827	126	1604
3.5	13.42	2.78	15.05	9.11	0.84727863525589	126	1605
2.65	10.84	4.34	13.33	8.76	1.66	126	1606
2.73	15.08	3.8	15.94	7.68	0.785231116121759	127	1607
2.38	15.04	2.89	11.44	7.49	0.596496526729085	127	1608
3.34	14.6	3.48	14.83	8.71	1.75020275750203	127	1609
2.82	16.12	2.75	13.05	8.46	0.626492194674013	127	1610
3.09	14.39	2.91	13.93	9.2	5.68493150684932	127	1611
2.73	12.69	4.47	12.18	6.38	0.618524332810047	127	1612
2.24	13.84	3.92	13.36	10.56	0.948875255623722	127	1613
2.36	16.14	3.16	11.97	9.23	2.27767354596623	127	1614
2.93	13.42	2.83	12.83	8.08	1.16907844630617	127	1615
2.06	13.72	2.31	11.66	8.86	0.802631578947369	127	1616
2.06	16.01	3.6	12.32	6.47	0.324013668841255	127	1617
1.99	14.19	2.78	12.32	10.04	1.84110007639419	127	1618
3.61	17.3	3.69	9.43	8.98	5.0082135523614	128	1619
3.74	15.51	3.6	12.27	8.35	3.49044585987261	128	1620
2.84	13.86	2.59	12.67	9	2.33574879227053	128	1621
2.96	14.04	4.52	12.77	7.83	1.38243902439024	128	1622
2.73	16.13	4.39	12.61	8.46	0.631144534115921	128	1623
3.91	17	3.64	13.62	8.32	1.96814159292035	128	1624
3.33	14.79	3.6	10.89	8.46	3.39322033898305	128	1625
3.32	16.02	2.92	10.61	9.38	2.00087336244542	128	1626
2.86	16.95	3.52	9.79	8.65	0.909220363118548	128	1627
2.63	18.19	2.9	9.78	10.27	1.68305855599773	128	1628
1.5	15.2	3.38	12.57	9.76	0.552331606217617	128	1629
4.13	16.8	4.29	14.86	7.32	1.00724637681159	128	1630
2.82	14.04	3.67	11.05	6.87	1.00807479813005	128	1631
3.68	14.33	3.3	12.66	8.17	1.64803149606299	130	1635
2.56	15.66	2.31	11.67	8.3	2.21741293532338	130	1636
2.09	14.72	2.56	16.05	7.98	1.84090909090909	130	1637
3.44	14.53	3.67	9.38	8.59	1.24787535410765	130	1638
2.82	15.44	3.77	10.42	9.57	1.94031668696711	130	1639
1.6	16.06	3.7	10.88	9.62	1.04233384514148	131	1640
3.21	16.25	2.48	11.52	8.96	5.00919963201472	131	1641
3.08	16.73	3.03	12.62	8.94	2.36116768499661	131	1642
1.41	16.36	2.41	10.56	8.97	1.67562787407145	131	1643
2.48	15.68	3.34	10.9	9.1	1.62330558858502	131	1644
2.03	17.23	3.52	11.67	9.5	2.09759498082956	131	1645
2.73	14.94	3.45	12.2	8.31	1.56109906001446	132	1646
3.39	13.23	3.07	11.43	9.36	1.32438478747204	132	1647
3.56	15.91	3.64	12.07	9.83	1.26766063187788	132	1648
2.12	16.55	3.21	10.97	11.39	2.28215767634855	132	1649
2.39	12.49	3.95	10.98	7.34	2.57295850066934	132	1650
2.76	12.95	4.54	13.21	6.77	1.56	132	1651
2.92	13.63	5.84	12.29	5.9	2.39650145772595	132	1652
2.2	17.5	3.39	11.31	9.49	0.916149068322981	132	1653
2.78	14.54	4.02	11.62	9.41	0.719326128417038	132	1654
2.76	14.82	2.85	10.4	8.41	0.681620839363242	132	1655
1.28	13.72	2.36	14.05	6.35	1.13584036838066	132	1656
3.05	12.26	5.03	15.24	6.95	1.1738768718802	132	1657
2.79	13.42	3.3	13.18	8.12	1.12152777777778	132	1658
2.55	17.13	3.93	11.36	11.38	1.72099544339292	132	1659
3.45	14.03	3.21	12.35	7.73	1.34292672127518	132	1660
4.1	14.51	2.07	13.86	10.73	2.03086997193639	133	1661
3.12	14.3	2.1	12.3	9.66	2.3933495539335	133	1662
3.26	17.66	3.54	11.42	10.38	0.699693849151127	133	1663
3.1	12.21	2.25	15.13	9.12	1.03341067285383	133	1664
2.05	11.2	2.92	12.79	9.52	1.06338461538462	133	1665
1.86	12.59	2.59	12.77	8.44	0.950516986706056	133	1666
1.97	14.99	1.99	14.65	10.46	2.01722066479776	133	1667
2.04	14.31	3.34	9.83	8.88	1.81120144534779	133	1668
3.07	18.26	3.8	10.45	12.2	1.7687338501292	133	1669
2.31	13.88	2.86	12.11	8.74	1.15607300188798	134	1670
1.68	15.84	2.69	11.17	11.12	1.19640971488912	134	1671
2.34	15.53	2.69	15.44	8.4	1.04191063174114	134	1672
2.78	13.21	2.44	13.09	8.92	1.23006833712984	134	1673
2.67	14.44	3.68	14.09	7.91	0.58892068683565	134	1674
2.23	12.62	4.08	15.12	7.51	0.397785977859779	135	1675
2.29	14.57	3.96	17.87	9.01	0.438127659574468	135	1676
1.78	13.38	3.14	13.2	7.49	0.518311908804269	135	1677
2.44	11.76	6.52	15.95	8.03	1.17029972752044	135	1678
2.21	15.64	4.26	17.13	7.68	0.856995175740868	135	1679
2.44	14.81	4.36	15.53	8.88	1.43973703433163	135	1680
2.71	15.01	3.04	12.47	9.92	1.52353426919901	135	1681
2.34	14.43	3.41	13.16	8.65	1.08634415186773	135	1682
2.53	11.75	4.42	11.14	9.48	0.848669445335043	139	1691
2.36	9.91	3.6	10.27	9.5	0.612134344528711	139	1692
2.19	10.03	6.07	10.37	9.44	0.665544332210999	139	1693
2.14	14.32	4.8	10.26	10.92	0.721128259712613	139	1694
3.02	13.52	4.22	10.79	10.17	0.850809289232935	139	1695
2.79	14.42	3.51	10.87	12.21	1.06684698608964	139	1696
2.31	13.56	3.56	10.2	10.79	1.67145656433703	139	1697
3.04	12.18	3.64	11.05	9.79	0.483210745123121	139	1698
2.08	22.47	2.57	11.18	11.29	3.36851683348499	140	1699
1.17	15.47	4.91	12.81	7.9	1.1289156626506	140	1700
3.33	14.93	3.06	13.19	10.42	1.23924268502582	140	1701
2.91	18.13	2.86	12.46	9.67	1.20053317535545	140	1702
2.91	15.55	2.22	12.96	7.96	1.43026366068017	140	1703
1.66	14.52	3.31	11.5	10.19	0.558823529411765	140	1704
2.49	17.42	2.71	10.94	10.59	2.88510101010101	140	1705
3.45	15.25	2.82	12.06	10.31	1.85054080629302	140	1706
1.95	16.26	3.35	11.79	9.91	1.96301369863014	140	1707
1.17	15.4	4.08	10.05	9.86	0.815467075038285	140	1708
1.97	16.52	2.98	11.39	11.76	2.32788374205268	140	1709
2.07	14.18	2.27	10.03	11.26	1.17123525329632	140	1710
2.89	14.65	3.27	11.25	12.35	5.38333333333333	140	1711
1.83	13.22	3.05	9.81	9.73	2.65142857142857	141	1712
1.85	15.52	2.19	10.75	8.52	2.43772241992883	141	1713
1.66	14.18	3.22	9.12	9.58	1.0303605313093	141	1714
2.66	16.61	2.8	11.02	10.02	1.11260568793236	141	1715
2.34	14.04	2.51	9.88	9.98	1.33801324503311	141	1716
2.68	16.19	2.79	9.42	9.1	2.29368932038835	141	1717
1.82	17.07	1.7	11.42	10.27	0.907168458781362	141	1718
2.6	14.63	1.67	10.8	9.51	3.28366247755835	141	1719
1.33	13.98	3.21	14.54	9.22	0.352376262004432	141	1720
2.5	13.18	3.22	11.17	9.83	1.11559541604385	141	1721
2.56	12.88	2.35	9.55	9.13	1.00598444045482	141	1722
2.04	13.68	2.91	11.57	9.83	1.00218818380744	141	1723
1.62	14.06	1.98	10.34	9.09	0.845575674752306	141	1724
2.18	15.27	2.52	9.64	9.15	1.62094064949608	141	1725
1.38	16.05	2.03	10.27	9.49	1.19979296066253	141	1726
2.13	15.85	3.28	9.28	10.92	1.26086956521739	141	1727
1.38	14.13	3.32	9.47	10.38	0.712488493402884	141	1728
2.18	15.91	2.61	10.53	9.77	2.09212121212121	141	1729
2.25	14.09	2.05	9.17	9.39	0.488216560509554	141	1730
3.04	11.77	3.48	12.43	7.32	3.51782945736434	142	1731
1.76	13.13	3.36	11.37	7.49	1.14664310954064	142	1732
2.9	12.87	3.22	11.24	8.74	1.01145737855179	142	1733
1.76	15.13	1.83	9.24	7.99	2.56287944492628	142	1734
1.87	18.54	3.53	11.22	11	6.52264808362369	142	1735
1.92	18.18	3.57	11.3	11.03	6.67615658362989	142	1736
2.1	14.19	3.05	10.88	9.41	1.81499107674004	142	1737
